No., token_name, token_address, 4.txt, 2A, 2B, 4A, 4B, 5A, 5B, 6A, 6B
1,USDC,EPjFWdd5AufqSSqeM2qN1xzybapC8G4wEGGkZwyTDt1v,1,0,0,1,1,0,0,1,1
2,USDT,Es9vMFrzaCERmJfrF4H2FYD4KCoNkY11McCe8BenwNYB,1,0,0,0,0,0,0,0,0
3,SOL,So11111111111111111111111111111111111111112,1,1,1,1,1,1,1,1,1
4,WBTC,3NZ9JMVBmGAqocybic2c7LQCJScmgsAZ6vQqTDzcqmJh,1,0,0,0,0,0,0,0,0
5,WETH,7vfCXTUXx5WJV5JADk17DUJ4ksgau7utNKj4b963voxs,1,0,0,0,0,0,0,0,0
6,PYUSD,2b1kV6DkPAnxd5ixfnxCpjxmKwqjjaYmCZfHsFu24GXo,1,0,0,0,0,0,0,0,0
7,USDS,USDSwr9ApdHk5bvJKMjzff41FfuX8bSxdKcR81vTwcA,1,0,0,0,0,0,0,0,0
8,CBBTC,cbbtcf3aa214zXHbiAZQwf4122FBYbraNdFqgw4iMij,1,0,0,0,0,0,0,0,0
9,BSOL,bSo13r4TkiE4KumL71LsHTPpL2euBYLFx6h9HP3piy1,1,0,0,0,0,0,0,0,0
10,BGSOL,BGSo18NXTWGtyNa5DBBP1ZCfUFRPWj6bECrPKakn8qN,1,0,0,0,0,0,0,0,0
11,BNSOL,BNso1VUJnh4zcfpZa6986Ea66P6TCp59hvtNJ8b1X85,1,0,0,0,0,0,0,0,0
12,BBSOL,Bybit2vBJGhPF52GBdNaQfUJ6ZpThSgHBobjWZpLPb4B,1,0,0,0,0,0,0,0,0
13,JupSOL,jupSoLaHXQiZZTSfEWMTRRgpnyFm8f6sZdosWBjx93v,1,0,0,0,0,0,0,0,0
14,JitoSOL,J1toso1uCk3RLmjorhTtrVwY9HJ7X8V9yYac6Y7kGCPn,1,0,0,0,0,0,0,0,0
15,MSOL,mSoLzYCxHdYgdzU16g5QSh3i5K3z3KZK7ytfqcJm7So,1,0,0,0,0,0,0,0,0
16,SSOL,sSo14endRuUbvQaJS3dq36Q829a3A6BEfoeeRGJywEh,1,0,0,0,0,0,0,0,0
17,HUBSOL,HUBsveNpjo5pWqNkH57QzxjQASdTVXcSK7bVKTSZtcSX,1,0,0,0,0,0,0,0,0
18,JLP,27G8MtK7VtTcCHkpASjSDdkWWYfoqT6ggEuKidVJidD4,1,0,0,0,0,0,0,0,0
19,JUP,JUPyiwrYJFskUPiHa7hkeR8VUtAeFoSYbKedZNsDvCN,1,0,0,0,0,0,0,0,0
20,JTO,jtojtomepa8beP8AuQc6eXt5FriJwfFMwQx2v2f9mCL,1,0,0,0,0,0,0,0,0
21,POPCAT,7GCihgDB8fe6KNjn2MYtkzZcRjQy3t9GHdC8uHYmW2hr,1,0,0,0,0,0,0,0,0
22,WIF,EKpQGSJtjMFqKZ9KQanSqYXRcF8fBopzLHYxdM65zcjm,1,0,0,0,0,0,0,0,0
23,GOAT,CzLSujWBLFsSjncfkh59rUFqvafWcY5tzedWJSuypump,1,0,0,0,0,0,0,0,0
24,BONK,DezXAZ8z7PnrnRJjz3wXBoRgixCa6xjnB7YaB1pPB263,1,0,0,0,0,0,0,0,0
25,M3M3,M3M3pSFptfpZYnWNUgAbyWzKKgPo5d1eWmX6tbiSF2K,1,0,0,0,0,0,0,0,0
26,TRUMP,6p6xgHyF7AeE6TZkSmFsko444wqoP15icUSqi2jfGiPN,1,0,0,0,0,0,0,0,0
27,VINE,6AJcP7wuLwmRYLBNbi825wgguaPsWzPBEHcHndpRpump,1,0,0,0,0,0,0,0,0
28,PNUT,2qEHjDLDLbuBgRYvsxhc5D6uDWAivNFZGan56P1tpump,1,0,0,0,0,0,0,0,0
29,MOODENG,ED5nyyWEzpPPiWimP8vYm7sD7TD3LAt3Q3gRTWHzPJBY,1,0,0,0,0,0,0,0,0
30,PENGU,2zMMhcVQEXDtdE6vsFS7S7D5oUodfJHE8vd1gnBouauv,1,0,0,0,0,0,0,0,0
31,FARTCOIN,9BB6NFEcjBCtnNLFko2FqVQBq8HHM13kCyYcdQbgpump,1,0,0,0,0,0,0,0,0
32,ARC,61V8vBaqAGMpgDQi4JcAwo1dmBGHsyhzodcPqnEVpump,1,0,0,0,0,0,0,0,0
33,ALCH,HNg5PYJmtqcmzXrv6S9zP1CDKk5BgDuyFBxbvNApump,1,0,0,0,0,0,0,0,0
34,GRIFFAIN,KENJSUYLASHUMfHyy5o4Hp2FdNqZg1AsUPhfH2kYvEP,1,0,0,0,0,0,0,0,0
35,AI16Z,HeLp6NuQkmYB4pYWo2zYs22mESHXPQYzXbB8n4V98jwC,1,0,0,0,0,0,0,0,0
36,GIGA,63LfDmNb3MQ8mw9MtZ2To9bEA2M71kZUUGq5tiJxcqj9,1,0,0,0,0,0,0,0,0
37,SWARMS,74SBV4zDXxTRgv1pEMoECskKBkZHc2yGPnc7GYVepump,1,0,0,0,0,0,0,0,0
38,CWIF,7atgF8KQo4wJrD5ATGX7t1V2zVvykPJbFfNeVf1icFv1,1,0,0,0,0,0,0,0,0
39,FWOG,A8C3xuqscfmyLrte3VmTqrAq8kgMASius9AFNANwpump,1,0,0,0,0,0,0,0,0
40,DADDY,4Cnk9EPnW5ixfLZatCPJjDB1PUtcRpVVgTQukm9epump,1,0,0,0,0,0,0,0,0
41,SPX,J3NKxxXZcnNiMjKw9hYb2K4LUxgwB6t1FtPtQVsv3KFr,1,0,0,0,0,0,0,0,0
42,DUKO,HLptm5e6rTgh4EKgDpYFrnRHbjpkMyVdEeREEa2G7rf9,1,0,0,0,0,0,0,0,0
43,MELANIA,FUAfBo2jgks6gB4Z4LfZkqSZgzNucisEHqnNebaRxM1P,1,0,0,0,0,0,0,0,0
44,AVA,DKu9kykSfbN5LBfFXtNNDPaX35o4Fv6vJ9FKk7pZpump,1,0,0,0,0,0,0,0,0
45,PONKE,5z3EqYQo9HiCEs3R84RCDMu2n7anpDMxRhdK8PSWmrRC,1,0,0,0,0,0,0,0,0
46,MUMU,5LafQUrVco6o7KMz42eqVEJ9LW31StPyGjeeu5sKoMtA,1,0,0,0,0,0,0,0,0
47,MEW,MEW1gQWJ3nEXg2qgERiKu7FAFj79PHvQVREQUzScPP5,1,0,0,0,0,0,0,0,0
48,ACT,GJAFwWjJ3vnTsrQVabjBVK2TYB1YtRCQXRDfDgUnpump,1,0,0,0,0,0,0,0,0
49,CHILLGUY,Df6yfrKC8kZE3KNkrHERKzAetSxbrWeniQfyJY4Jpump,1,0,0,0,0,0,0,0,0
50,RAY,4k3Dyjzvzp8eMZWUXbBCjEvwSkkk59S5iCNLY3QrkX6R,1,0,0,0,0,0,0,0,0
51,ELIZA,wUtwjNmjCP9TTTtoc5Xn5h5sZ2cYJm5w2w44b79yr2o,1,0,0,0,0,0,0,0,0
52,LAYER,LAYER4xPpTCb3QL8S9u41EAhAX7mhBn8Q6xMTwY2Yzc,1,0,0,0,0,0,0,0,0
53,fog,6bdTRHhdZenJQYLTxaYc8kH74GBNP9DoGhPnCjfypump,0,1,1,0,0,0,0,0,0
54,SPOT,8EaFXZtQnAEjviS2ACp12XE4zNwrhGPzXodTy871bonk,0,1,1,0,0,1,1,0,0
55,GIGANT,GS1ufkaGWe2SVbkmUqp5dCPtWdDumDcjoyJFPJmSpump,0,1,1,0,0,0,0,0,0
56,House,DitHyRMQiSDhn5cnKMJV2CDDt6sVct96YrECiM49pump,0,0,0,1,1,0,0,1,1
57,TROLL,5UUH9RTDiSpq6HKS6bp4NdU9PNJpXRXuiw6ShBTBhgH2,0,0,0,1,1,0,0,1,1
58,Hosico,9wK8yN6iz1ie5kEJkvZCTxyN1x5sTdNfx8yeMY8Ebonk,0,0,0,1,1,0,0,1,1
59,GRASS,Grass7B4RdKfBCjTKgSqnXkqjwiGvQyFbuSCUJr3XXjs,0,0,0,1,1,0,0,1,1
60,gork,38PgzpJYu2HkiYvV8qePFakB8tuobPdGm2FFEn7Dpump,0,0,0,1,1,0,0,1,1
61,FDUSD,9zNQRsGLjNKwCUU5Gq5LR8beUCPzQMVMqKAi3SSZh54u,0,0,0,1,1,0,0,0,0
62,VIRTUAL,3iQL8BFS2vE7mww4ehAqQHAsbmRNCrPxizWAT2Zfyr9y,0,0,0,1,1,0,0,1,1
63,neet,Ce2gx9KGXJ6C9Mp5b5x1sn9Mg87JwEbrQby4Zqo3pump,0,0,0,1,1,0,0,1,1
64,KMNO,KMNo3nJsBXfcpJTVhZcXLW7RmTwTt4GVFE7suUBo9sS,0,0,0,1,1,0,0,1,1
65,DARK,8BtoThi2ZoXnF7QQK1Wjmh2JuBw9FjVvhnGMVZ2vpump,0,0,0,1,1,0,0,0,0
66,zBTC,zBTCug3er3tLyffELcvDNrKkCymbPWysGcWihESYfLg,0,0,0,1,1,0,0,1,1
67,ME,MEFNBXixkEbait3xn9bkm8WsJzXtVsaJEn4c8Sam21u,0,0,0,1,1,0,0,1,1
68,urmom ,9j6twpYWrV1ueJok76D9YK8wJTVoG9Zy8spC7wnTpump,0,0,0,1,1,0,0,0,0
69,WEN,WENWENvqqNya429ubCdR81ZmD69brwQaaBYY6p3LCpk,0,0,0,1,1,0,0,0,0
70,titcoin,FtUEW73K6vEYHfbkfpdBZfWpxgQar2HipGdbutEhpump,0,0,0,1,1,0,0,1,1
71,RFC,C3DwDjT17gDvvCYC2nsdGHxDHVmQRdhKfpAdqQ29pump,0,0,0,1,1,0,0,1,1
72,ALP,4yCLi5yWGzpTWMQ1iWHG5CrGYAdBkhyEdsuSugjDUqwj,0,0,0,1,1,0,0,0,0
73,stickman,G1jydhghPMLBXRFPR3wyJ9HbpKPR3Rv7M8Yakfo5pump,0,0,0,1,1,0,0,0,0
74,Anon,9McvH6w97oewLmPxqQEoHUAv3u5iYMyQ9AeZZhguYf1T,0,0,0,1,1,0,0,1,1
75,BUZZ,9DHe3pycTuymFk4H4bbPoAJ4hQrr2kaLDF6J6aAKpump,0,0,0,1,1,0,0,1,1
76,FO,JDzPbXboQYWVmdxXS3LbvjM52RtsV1QaSv2AzoCiai2o,0,0,0,1,1,0,0,1,1
77,EURC,HzwqbKZw8HxMN6bF2yFZNrht3c2iXXzpKcFu7uBEDKtr,0,0,0,1,1,0,0,1,1
78,Italianrot,BQX1cjcRHXmrqNtoFWwmE5bZj7RPneTmqXB979b2pump,0,0,0,1,1,0,0,1,1
79,BMT,FQgtfugBdpFN7PZ6NdPrZpVLDBrPGxXesi4gVu3vErhY,0,0,0,1,1,0,0,1,1
80,Boopa,JmMRbLcKgNCu17yHZDAn4strE5NjmWJ4pCeJ7s7boop,0,0,0,1,1,0,0,1,1
81,UFD,eL5fUxj2J4CiQsmW85k5FG9DvuQjjUoBHoQBi2Kpump,0,0,0,1,1,0,0,1,1
82,JOS,JosjEXh69RckgSs2AWsN1xN8zmiSHxBuJjHLURJnHhg,0,0,0,1,1,0,0,1,1
83,PAIN,1Qf8gESP4i6CFNWerUSDdLKJ9U1LpqTYvjJ2MM4pain,0,0,0,1,1,0,0,0,0
84,$COLLAT,C7heQqfNzdMbUFQwcHkL9FvdwsFsDRBnfwZDDyWYCLTZ,0,0,0,1,1,0,0,1,1
85,jellyjelly,FeR8VBqNRSUD5NtXAj2n3j1dAHkZHfyDktKuLXD4pump,0,0,0,1,1,0,0,1,1
86,Wizard,8oosbx7jJrZxm5m4ThKhBpvwwG4QpoAe6i4GiG19pump,0,0,0,1,1,0,0,0,0
87,AIXBT,14zP2ToQ79XWvc7FQpm4bRnp9d6Mp1rFfsUW3gpLcRX,0,0,0,1,1,0,0,1,1
88,IO,BZLbGTNCSFfoth2GYDtwr7e4imWzpR5jqcUuGEwr646K,0,0,0,1,1,0,0,1,1
89,PASTERNAK,Ey59PH7Z4BFU4HjyKnyMdWt5GGN76KazTAwQihoUXRnk,0,0,0,1,1,0,0,1,1
90,pwease,CniPCE4b3s8gSUPhUiyMjXnytrEqUrMfSsnbBjLCpump,0,0,0,1,1,0,0,1,1
91,TRENCHER,8ncucXv6U6epZKHPbgaEBcEK399TpHGKCquSt4RnmX4f,0,0,0,1,1,0,0,0,0
92,Ghibli,4TBi66vi32S7J8X1A6eWfaLHYmUXu7CStcEmsJQdpump,0,0,0,1,1,0,0,1,1
93,PVS,FWAr6oWa6CHg6WUcXu8CqkmsdbhtEqL8t31QTonppump,0,0,0,1,1,0,0,1,1
94,BOOP,boopkpWqe68MSxLqBGogs8ZbUDN4GXaLhFwNP7mpP1i,0,0,0,1,1,0,0,1,1
95,MOBY,Cy1GS2FqefgaMbi45UunrUzin1rfEmTUYnomddzBpump,0,0,0,1,1,0,0,1,1
96,GFM,E1jCTXdkMRoawoWoqfbhiNkkLbxcSHPssMo36U84pump,0,0,0,1,1,0,0,1,1
97,ALON,8XtRWb4uAAJFMP4QQhoYYCWR6XXb7ybcCdiqPwz9s5WS,0,0,0,1,1,0,0,1,1
98,pippin,Dfh5DzRgSvvCFDoYc2ciTkMrbDfRKybA4SoFbPmApump,0,0,0,1,1,0,0,1,1
99,toly,JCeoBX79HfatfaY6xvuNyCHf86hwgkCCWDpEycVHtime,0,0,0,1,1,0,0,0,0
100,LetsBONK,CDBdbNqmrLu1PcgjrFG52yxg71QnFhBZcUE6PSFdbonk,0,0,0,1,1,0,0,1,1
101,,Hg8bKz4mvs8KNj9zew1cEF9tDw1x2GViB4RFZjVEmfrD,0,0,0,0,0,0,0,1,1
102,Pingu,HMRh9ksQTe2SXWLxaNTd2u8PTX9mcodUgzedDMaLbonk,0,0,0,0,0,0,0,1,1
103,ZEREBRO,8x5VqbHA8D7NkD52uNuS5nnt3PwA8pLD34ymskeSo2Wn,0,0,0,0,0,0,0,1,1
104,BOME,ukHH6c7mMyiWCf1b9pnWe25TSpkDDt3H5pQZgZ74J82,0,0,0,0,0,0,0,1,1
105,LUCE,CBdCxKo9QavR9hfShgpEBG3zekorAeD7W1jfq2o3pump,0,0,0,0,0,0,0,1,1
106,TAI,Hax9LTgsQkze1YFychnBLtFH8gYbQKtKfWKKg2SP6gdD,0,0,0,0,0,0,0,1,1
107,SLERF,7BgBvyjrZX1YKz4oh9mjb8ZScatkkwb8DzFx7LoiVkM3,0,0,0,0,0,0,0,1,1
108,AUSD,AUSD1jCcCyPLybk1YnvPWsHQSrZ46dxwoMniN4N2UEB9,0,0,0,0,0,0,0,1,1
109,BUTTCOIN,FasH397CeZLNYWkd3wWK9vrmjd1z93n3b59DssRXpump,0,0,0,0,0,0,0,1,1
110,RENDER,rndrizKT3MK1iimdxRdWabcF7Zg7AR5T4nud4EkHBof,0,0,0,0,0,0,0,1,1
111,$michi,5mbK36SZ7J19An8jFochhQS4of8g6BwUjbeCSxBSoWdp,0,0,0,0,0,0,0,1,1
112,ZEUS,ZEUS1aR7aX8DFFJf5QjWj2ftDDdNTroMNGo8YoQm3Gq,0,0,0,0,0,0,0,1,1
113,SNAI,Hjw6bEcHtbHGpQr8onG3izfJY5DJiWdt7uk2BfdSpump,0,0,0,0,0,0,0,1,1
114,STONKS,6NcdiK8B5KK2DzKvzvCfqi8EHaEqu48fyEzC8Mm9pump,0,0,0,0,0,0,0,1,1
115,Ban,9PR7nCP9DpcUotnDPVLUBUZKu5WAYkwrCUx9wDnSpump,0,0,0,0,0,0,0,1,1
116,BOTIFY,BYZ9CcZGKAXmN2uDsKcQMM9UnZacija4vWcns9Th69xb,0,0,0,0,0,0,0,1,1
117,FRED,CNvitvFnSM5ed6K28RUNSaAjqqz5tX1rA5HgaBN9pump,0,0,0,0,0,0,0,1,1
118,$MYRO,HhJpBhRRn4g56VsyLuT8DL5Bv31HkXqsrahTTUCZeZg4,0,0,0,0,0,0,0,1,1
119,CHACHA,9Wkcek2EZFmJf5L2XmC5rfnNVBrdndbMe6yW8fbfbonk,0,0,0,0,0,0,0,1,1
120,YNE,7D1iYWfhw2cr9yBZBFE6nZaaSUvXHqG5FizFFEZwpump,0,0,0,0,0,0,0,1,1
121,Beevo,5tmsiuCDPdjq4nA4GVjAgayL7ehgGPJ47mNmNvBboop,0,0,0,0,0,0,0,1,1
122,Bert,HgBRWfYxEfvPhtqkaeymCQtHCrKE46qQ43pKe8HCpump,0,0,0,0,0,0,0,1,1
123,SSE,H4phNbsqjV5rqk8u6FUACTLB6rNZRTAPGnBb8KXJpump,0,0,0,0,0,0,0,1,1
124,MMC,2TK6MgLTmHDhmdh4EtdnBkYKZPkcjMp6cj3gcWhqpump,0,0,0,0,0,0,0,1,1
125,GRIFT,GekTNfm84QfyP2GdAHZ5AgACBRd69aNmgA5FDhZupump,0,0,0,0,0,0,0,1,1
126,LUMO,4FkNq8RcCYg4ZGDWh14scJ7ej3m5vMjYTcWoJVkupump,0,0,0,0,0,0,0,1,1
127,CHEX,6dKCoWjpj5MFU5gWDEFdpUUeBasBLK3wLEwhUzQPAa1e,0,0,0,0,0,0,0,1,1
128,SIGMA,5SVG3T9CNQsm2kEwzbRq6hASqh1oGfjqTtLXYUibpump,0,0,0,0,0,0,0,1,1
129,FAT,5LJMJyR8MtAkbtpf8kFUV7S9oFG3xaGDdcnFxYt9pump,0,0,0,0,0,0,0,1,1
130,WOULD,J1Wpmugrooj1yMyQKrdZ2vwRXG5rhfx3vTnYE39gpump,0,0,0,0,0,0,0,1,1
131,PURPE,HBoNJ5v8g71s2boRivrHnfSB5MVPLDHHyVjruPfhGkvL,0,0,0,0,0,0,0,1,1
132,MTN,mtnc7NNSpAJuvYNmayXU63WhWZGgFzwQ2yeYWqemeta,0,0,0,0,0,0,0,1,1
133,SQUID,HN8GGgzBFvuePPL3DGPg7uuq2dVgLApnNcW4pxY9a11o,0,0,0,0,0,0,0,1,1
134,MANEKI,25hAyBQfoDhfWx9ay6rarbgvWGwDdNqcHsXS3jQ3mTDJ,0,0,0,0,0,0,0,1,1
135,HAT,AxGAbdFtdbj2oNXa4dKqFvwHzgFtW9mFHWmd7vQfpump,0,0,0,0,0,0,0,1,1
136,BONGO,HUdqc5MR5h3FssESabPnQ1GTgTcPvnNudAuLj5J6a9sU,0,0,0,0,0,0,0,1,1
137,RETARDIO,6ogzHhzdrQr9Pgv6hZ2MNze7UrzBMAFyBBWUYp1Fhitx,0,0,0,0,0,0,0,1,1
138,Neiro,CTJf74cTo3cw8acFP1YXF3QpsQUUBGBjh2k2e8xsZ6UL,0,0,0,0,0,0,0,1,1
139,MOTHER,3S8qX1MsMqRbiwKg2cQyx7nis1oHMgaCuc9c4VfvVdPN,0,0,0,0,0,0,0,1,1
140,FARTBOY,y1AZt42vceCmStjW4zetK3VoNarC1VxJ5iDjpiupump,0,0,0,0,0,0,0,1,1
141,Butthole,CboMcTUYUcy9E6B3yGdFn6aEsGUnYV6yWeoeukw6pump,0,0,0,0,0,0,0,1,1
142,GRPH,9doRRAik5gvhbEwjbZDbZR6GxXSAfdoomyJR57xKpump,0,0,0,0,0,0,0,1,1
143,MAX,oraim8c9d1nkfuQk9EzGYEUGxqL3MHQYndRw1huVo5h,0,0,0,0,0,0,0,1,1
144,nuit,2eXamy7t3kvKhfV6aJ6Uwe3eh8cuREFcTKs1mFKZpump,0,0,0,0,0,0,0,1,1
145,AAA,275FUEyp5o7TWo1dCDYJyprb4o2WBcxEQsvmt816pump,0,0,0,0,0,0,0,1,1
146,BBL,GangK9z6ebVdonVRAbMwsQzy2ougUAK5x1GQ7Uf7daos,0,0,0,0,0,0,0,1,1
147,Aimonica,FVdo7CDJarhYoH6McyTFqx71EtzCPViinvdd1v86Qmy5,0,0,0,0,0,0,0,1,1
148,MLG,7XJiwLDrjzxDYdZipnJXzpr1iDTmK55XixSFAa7JgNEL,0,0,0,0,0,0,0,1,1
149,LOCKIN,8Ki8DpuWNxu9VsS3kQbarsCWMcFGWkzzA8pUPto9zBd5,0,0,0,0,0,0,0,1,1
150,OIIAOIIA,VaxZxmFXV8tmsd72hUn22ex6GFzZ5uq9DVJ5wA5pump,0,0,0,0,0,0,0,1,1
151,USA,69kdRLyP5DTRkpHraaSZAQbWmAwzF9guKjZfzMXzcbAs,0,0,0,0,0,0,0,1,1
152,LLM,98mb39tPFKQJ4Bif8iVg9mYb9wsfPZgpgN1sxoVTpump,0,0,0,0,0,0,0,1,1
153,asscoin,UbCSotjZpnDYrFk8vydbJWxYEuoJiSptyujPojApump,0,0,0,0,0,0,0,1,1
154,$1,GHichsGq8aPnqJyz6Jp1ASTK4PNLpB5KrD6XrfDjpump,0,0,0,0,0,0,0,1,1
155,ATR,ATRLuHph8dxnPny4WSNW7fxkhbeivBrtWbY6BfB4xpLj,0,0,0,0,0,0,0,1,1
156,AGiXT,F9TgEJLLRUKDRF16HgjUCdJfJ5BK6ucyiW8uJxVPpump,0,0,0,0,0,0,0,1,1
157,$RIF,GJtJuWD9qYcCkrwMBmtY1tpapV1sKfB2zUv9Q4aqpump,0,0,0,0,0,0,0,1,1
158,DOG,dog1viwbb2vWDpER5FrJ4YFG6gq6XuyFohUe9TXN65u,0,0,0,0,0,0,0,1,1
159,FARM,5d3kw2KR7hfaja214tL9hqYSxFSoq9uDF9GB7GKboop,0,0,0,0,0,0,0,1,1
160,BITCOIN,CTgiaZUK12kCcB8sosn4Nt2NZtzLgtPqDwyQyr2syATC,0,0,0,0,0,0,0,1,1
161,LMT,86t88w3MKT38HChTBKBwEeb1RW1MeTceaW68qY2Vpump,0,0,0,0,0,0,0,1,1
162,boden,3psH1Mj1f7yUfaD5gh6Zj7epE8hhrMkMETgv5TshQA4o,0,0,0,0,0,0,0,1,1
163,BILLY,3B5wuUrMEi5yATD7on46hKfej3pfmd7t1RKgrsN3pump,0,0,0,0,0,0,0,1,1
164,DOLAN,4YK1njyeCkBuXG6phNtidJWKCbBhB659iwGkUJx98P5Z,0,0,0,0,0,0,0,1,1
165,MAIAR,G5e2XonmccmdKc98g3eNQe5oBYGw9m8xdMUvVtcZpump,0,0,0,0,0,0,0,1,1
166,WTF,AgDNMAi8r2QS1FQEeTHLsZSmkQKCK7xXP2bR7jQ2pump,0,0,0,0,0,0,0,1,1
167,VIRAL,HW7D5MyYG4Dz2C98axfjVBeLWpsEnofrqy6ZUwqwpump,0,0,0,0,0,0,0,1,1
168,GME,8wXtPeU6557ETkp9WHFY1n1EcU6NxDvbAggHGsMYiHsB,0,0,0,0,0,0,0,1,1
169,degenai,Gu3LDkn7Vx3bmCzLafYNKcDxv2mH7YN44NJZFXnypump,0,0,0,0,0,0,0,1,1
170,jailstool,AxriehR6Xw3adzHopnvMn7GcpRFcD41ddpiTWMg6pump,0,0,0,0,0,0,0,1,1
171,HYPER,Aq8Gocyvyyi8xk5EYxd6viUfVmVvs9T9R6mZFzZFpump,0,0,0,0,0,0,0,1,1
172,ANTIRUG,ts3foLrNUMvwdVeit1oNeLWjYk7e4qsn8PqSsqRpump,0,0,0,0,0,0,0,1,1
173,nub,GtDZKAqvMZMnti46ZewMiXCa4oXF4bZxwQPoKzXPFxZn,0,0,0,0,0,0,0,1,1
174,PYTH,HZ1JovNiVvGrGNiiYvEozEVgZ58xaU3RKwX8eACQBCt3,0,0,0,0,0,0,0,1,1
175,CAT,3joMReCCSESngJEpFLoKR2dNcChjSRCDtybQet5uSpse,0,0,0,0,0,0,0,1,1
176,DOGEAI,9UYAYvVS2cZ3BndbsoG1ScJbjfwyEPGxjE79hh5ipump,0,0,0,0,0,0,0,1,1
177,GIKO,3WPep4ufaToK1aS5s8BL9inzeUrt4DYaQCiic6ZkkC1U,0,0,0,0,0,0,0,1,1
178,PYTHIA,CreiuhfwdWCN5mJbMJtA9bBpYQrQF2tCBuZwSPWfpump,0,0,0,0,0,0,0,1,1
179,AWR,Ai4CL1SAxVRigxQFwBH8S2JkuL7EqrdiGwTC7JpCpump,0,0,0,0,0,0,0,1,1
180,Shoggoth,H2c31USxu35MDkBrGph8pUDUnmzo2e4Rf4hnvL2Upump,0,0,0,0,0,0,0,1,1
181,FLOYDAI,J7tYmq2JnQPvxyhcXpCDrvJnc9R5ts8rv7tgVHDPsw7U,0,0,0,0,0,0,0,1,1
182,TRISIG,BLDiYcvm3CLcgZ7XUBPgz6idSAkNmWY6MBbm8Xpjpump,0,0,0,0,0,0,0,1,1
183,vvaifu,FQ1tyso61AH1tzodyJfSwmzsD3GToybbRNoZxUBz21p8,0,0,0,0,0,0,0,1,1
184,PKIN,2RBko3xoz56aH69isQMUpzZd9NYHahhwC23A5F3Spkin,0,0,0,0,0,0,0,1,1
185,GEOD,7JA5eZdCzztSfQbJvS8aVVxMFfd81Rs9VvwnocV1mKHu,0,0,0,0,0,0,0,1,1
186,HNT,hntyVP6YFm1Hg25TN9WGLqM12b8TQmcknKrdu1oxWux,0,0,0,0,0,0,0,1,1
187,EDWIN,GPrg1CgbBvAJS2SCuf9gF7NmQYsWudfyfWy5SUzypump,0,0,0,0,0,0,0,1,1
188,ELIZA,5voS9evDjxF589WuEub5i4ti7FWQmZCsAsyD5ucbuRqM,0,0,0,0,0,0,0,1,1
189,PENG,A3eME5CetyZPBoWbRUwY3tSe25S6tb18ba9ZPbWk9eFJ,0,0,0,0,0,0,0,1,1
190,IQ,AsyfR3e5JcPqWot4H5MMhQUm7DZ4zwQrcp2zbB7vpump,0,0,0,0,0,0,0,1,1
191,Grassito,GkeUTuaFB4oZADaqiCo3yauHNx9SxUNn8euHptEEbonk,0,0,0,0,0,0,0,1,1
192,FRIC,EsP4kJfKUDLfX274WoBSiiEy74Sh4tZKUCDjfULHpump,0,0,0,0,0,0,0,1,1
193,SKBDI,DPaQfq5sFnoqw2Sh9WMmmASFL9LNu6RdtDqwE1tab2tB,0,0,0,0,0,0,0,1,1
194,OPUS,9JhFqCA21MoAXs2PTaeqNQp2XngPn1PgYr2rsEVCpump,0,0,0,0,0,0,0,1,1
195,NEUR,3N2ETvNpPNAxhcaXgkhKoY1yDnQfs41Wnxsx5qNJpump,0,0,0,0,0,0,0,1,1
196,$URO,FvgqHMfL9yn39V79huDPy3YUNDoYJpuLWng2JfmQpump,0,0,0,0,0,0,0,1,1
197,listen,Cn5Ne1vmR9ctMGY9z5NC71A3NYFvopjXNyxYtfVYpump,0,0,0,0,0,0,0,1,1
198,PEPECAT,CRAMvzDsSpXYsFpcoDr6vFLJMBeftez1E7277xwPpump,0,0,0,0,0,0,0,1,1
199,GNON,HeJUFDxfJSzYFUuHLxkMqCgytU31G6mjP4wKviwqpump,0,0,0,0,0,0,0,1,1
200,PAYAI,E7NgL19JbN8BhUDgWjkH8MtnbhJoaGaWJqosxZZepump,0,0,0,0,0,0,0,1,1
201,Mog,26VfKb7jjtdEdvfovoBijScoZmJbWWasFZkgfUD5w7cy,0,0,0,0,0,0,0,1,1
202,wPOND,3JgFwoYV74f6LwWjQWnr3YDPFnmBdwQfNyubv99jqUoq,0,0,0,0,0,0,0,1,1
203,TANK,GAMwtMB6onAvBNBQJCJFuxoaqfPH8uCQ2dewNMVVpump,0,0,0,0,0,0,0,1,1
204,NPC,BeGY8KqKxboEwRbJd1q9H2K829jS4Rc5dEyNMYXCbV5p,0,0,0,0,0,0,0,1,1
205,TETSUO,8i51XNNpGaKaj4G4nDdmQh95v4FKAxw8mhtaRoKd9tE8,0,0,0,0,0,0,0,1,1
206,retire,zGh48JtNHVBb5evgoZLXwgPD2Qu4MhkWdJLGDAupump,0,0,0,0,0,0,0,1,1
207,LUX,BmXfbamFqrBzrqihr9hbSmEsfQUXMVaqshAjgvZupump,0,0,0,0,0,0,0,1,1
208,HARAMBE,Fch1oixTPri8zxBnmdCEADoJW2toyFHxqDZacQkwdvSP,0,0,0,0,0,0,0,1,1
209,ZAILGO,GorvUUSkJGSzJUebM5W6berUkZ5pG8nmnn7tmk74pump,0,0,0,0,0,0,0,1,1
210,saint,EQs4DEeaSyrhRPM6JPsf2ptLf4EHkcGXB7ybeufxpump,0,0,0,0,0,0,0,1,1
211,WILD,FVvd3s9dZYzsgitkJyWbmycSc8MkYZjyF7oqAEvmSxTZ,0,0,0,0,0,0,0,1,1
212,Citadail,7h5AzpYTAnh4Gyux8Gqko5Fvx4AYQBZdkzHZ2CsBudvJ,0,0,0,0,0,0,0,1,1
213,HYPER,8vBMibwpn8wpfYKbQ9xqzodymg3LjmYec2tSNGRy23K8,0,0,0,0,0,0,0,1,1
214,BARSIK,7ZqzGzTNg5tjK1CHTBdGFHyKjBtXdfvAobuGgdt4pump,0,0,0,0,0,0,0,1,1
215,　,9qriMjPPAJTMCtfQnz7Mo9BsV2jAWTr2ff7yc3JWpump,0,0,0,0,0,0,0,1,1
216,YzY,4NBTf8PfLH4oLFnwf3knv46FY9i5oXjDxffCetXRpump,0,0,0,0,0,0,0,1,1
217,DIGIMON,WEmjxPMGXEW1Nvc4rCgRKiWHj1H1tvhPsKMw2yvpump,0,0,0,0,0,0,0,1,1
218,Crashout,6JGSHS9GrE9uG8ix63w3DPMYHrgrJ6J4QyHbBhAepump,0,0,0,0,0,0,0,1,1
219,SONIC,SonicxvLud67EceaEzCLRnMTBqzYUUYNr93DBkBdDES,0,0,0,0,0,0,0,1,1
220,VNTR,4JFcUJ1HfFKz2F8thdu2frk558EjrLvKEmeMq1ZM2xBP,0,0,0,0,0,0,0,1,1
221,SCF,GiG7Hr61RVm4CSUxJmgiCoySFQtdiwxtqf64MsRppump,0,0,0,0,0,0,0,1,1
222,BETTY,6N7CrWe6qNt27G4sHXcjQMMy6btKRb7i9n4RYkKboop,0,0,0,0,0,0,0,1,1
223,miharu,6tVZVjcppH2BZ9Xj5yFU1Zt34m2rYcyDqqpSeMDZpump,0,0,0,0,0,0,0,1,1
224,Chud,6yjNqPzTSanBWSa6dxVEgTjePXBrZ2FoHLDQwYwEsyM6,0,0,0,0,0,0,0,1,1
225,BRAINLET,8NNXWrWVctNw1UFeaBypffimTdcLCcD8XJzHvYsmgwpF,0,0,0,0,0,0,0,1,1
226,STORE,FLJYGHpCCcfYUdzhcfHSeSd2peb5SMajNWaCsRnhpump,0,0,0,0,0,0,0,1,1
227,TSOTCHKE,4mbdysBik3jmzD7mt6FGPDsMxnYcxExSQRFjPucdpump,0,0,0,0,0,0,0,1,1
228,meow,BUhS5coXEt9hcxN3JSpGYUWSKbNo96RsKu52LcMo12rf,0,0,0,0,0,0,0,1,1
229,mxyz,UCYaUNhgB2344N8Qpg4t712V9RHahcpTCejwXKspump,0,0,0,0,0,0,0,1,1
230,BIG,Foot4fxy8CHxM37W8BeHwK6aLd8VH2yHTFu43KCxbCqc,0,0,0,0,0,0,0,1,1
231,YE,CQSPU12VppGZB7LeRkEaKzrRBzvo1LyA9mR2ydiwKHaL,0,0,0,0,0,0,0,1,1
232,CATG,DqrcZRHM9JuCUhnLyaWF7rLLjxE5h3MbiG7iferUpump,0,0,0,0,0,0,0,1,1
233,HEGE,ULwSJmmpxmnRfpu6BjnK6rprKXqD5jXUmPpS1FxHXFy,0,0,0,0,0,0,0,1,1
234,GCATS,UbESBaztbkxJRWxPcfDeK8Fft15igTbrv3sed1bsegM,0,0,0,0,0,0,0,1,1
235,AIOS,5QS7RcHfGUa2ZtrovPvEJMB9coqroiT7H48dPSwFpump,0,0,0,0,0,0,0,1,1
236,KIKI,HhCLbkW6FwhriTkk81W8tYstsRCLUu6Y7Je1SQjVpump,0,0,0,0,0,0,0,1,1
237,LEA,8SpPaFLycx897D6sowPZkEkcNdDahzRZb5itr6D8pump,0,0,0,0,0,0,0,1,1
238,CATANA,GmbC2HgWpHpq9SHnmEXZNT5e1zgcU9oASDqbAkGTpump,0,0,0,0,0,0,0,1,1
239,KOLIN,4q3Z58YxrZEAVMLtMwnm7eHtodSD3LSpSNt3pDnqpump,0,0,0,0,0,0,0,1,1
240,STNK,43VWkd99HjqkhFTZbWBpMpRhjG469nWa7x7uEsgSH7We,0,0,0,0,0,0,0,1,1
241,NC,B89Hd5Juz7JP2dxCZXFJWk4tMTcbw7feDhuWGb3kq5qE,0,0,0,0,0,0,0,1,1
242,AVB,6d5zHW5B8RkGKd51Lpb9RqFQSqDudr9GJgZ1SgQZpump,0,0,0,0,0,0,0,1,1
243,pep ,Zc4uJVrHC2APe9qKwBD11Gg4BbvQr3naM8f7Wiopump,0,0,0,0,0,0,0,1,1
244,Project89,Bz4MhmVRQENiCou7ZpJ575wpjNFjBjVBSiVhuNg1pump,0,0,0,0,0,0,0,1,1
245,ESIM,3zJ7RxtzPahndBTEn5PGUyo9xBMv6MJP9J4TPqdFpump,0,0,0,0,0,0,0,1,1
246,FIGHT,KMnDBXcPXoz6oMJW5XG4tXdwSWpmWEP2RQM1Uujpump,0,0,0,0,0,0,0,1,1
247,dreams,GMzuntWYJLpNuCizrSR7ZXggiMdDzTNiEmSNHHunpump,0,0,0,0,0,0,0,1,1
248,DUCKAI,HFw81sUUPBkNF5tKDanV8VCYTfVY4XbrEEPiwzyypump,0,0,0,0,0,0,0,1,1
249,Toshi,8WzDFPNjUSV7ZPpNiqKY8NcWH9J4tDSgSeifp6Kboop,0,0,0,0,0,0,0,1,1
250,TgMetrics,8tdzC7mFKhmfPg3KdSBafHqH7jgi3CvKomfj3Hhupump,0,0,0,0,0,0,0,1,1
251,MUSKIT,9So52ugZh2BLBT3f7p61947q91uQh2DyvbfyMDeRpump,0,0,0,0,0,0,0,1,1
252,Pepe,B5WTLaRwaUQpKk7ir1wniNB6m5o8GgMrimhKMYan2R6B,0,0,0,0,0,0,0,1,1
253,HOOD,h5NciPdMZ5QCB5BYETJMYBMpVx9ZuitR6HcVjyBhood,0,0,0,0,0,0,0,1,1
254,$TOAD,FViMp5phQH2bX81S7Yyn1yXjj3BRddFBNcMCbTH8FCze,0,0,0,0,0,0,0,1,1
255,TNSR,HHoXk7WursT9DLBBhHzBWBbuQkfvvoNyHKpJi61mpump,0,0,0,0,0,0,0,1,1
256,$horny,8AS9yeGsAwvTs9gCDKMmB2MgX8NiSvv4uppH61yqpump,0,0,0,0,0,0,0,1,1
257,Y2K,8YiB8B43EwDeSx5Jp91VQjgBU4mfCgVvyNahadtzpump,0,0,0,0,0,0,0,1,1
258,GARY,5SRer48NRfmhsut1n4ZwSAVUJAErNjdKcXTMVaxdpump,0,0,0,0,0,0,0,1,1
259,SENTAI,CXPLyc3EX8WySgEXLbjhuA7vy8EKQokVJYQuJm2jpump,0,0,0,0,0,0,0,1,1
260,WHISP,whispF7G9DHaojYHe2cdhRX5EMJzGBdqq7R57kL6inL,0,0,0,0,0,0,0,1,1
261,APY,yLUD35WTiPLEY6DUqEj5W2JVXF2DfKB5arPkKJXpump,0,0,0,0,0,0,0,1,1
262,KIT,9hfKxLSnwh4LhpRgmxBYDRgrKeYUgszMePKxuidPpump,0,0,0,0,0,0,0,1,1
263,REALIS,EBGaJP7srpUUN8eRdta1MsojrNtweuHYsdP3P1TRpump,0,0,0,0,0,0,0,1,1
264,FAFO,BP8RUdhLKBL2vgVXc3n7oTSZKWaQVbD8S6QcPaMVBAPo,0,0,0,0,0,0,0,1,1
265,KWEEN,DEf93bSt8dx58gDFCcz4CwbjYZzjwaRBYAciJYLfdCA9,0,0,0,0,0,0,0,1,1
266,buidl,3HfLqhtF5hR5dyBXh6BMtRaTm9qzStvEGuMa8Gx6pump,0,0,0,0,0,0,0,1,1
267,ATLAS,ATLASXmbPQxBUYbxPsV97usA3fPQYEqzQBUHgiFCUsXx,0,0,0,0,0,0,0,1,1
268,KHAI,3TWgDvYBL2YPET2LxnWAwsMeoA8aL4DutNuwat2pKCjC,0,0,0,0,0,0,0,1,1
269,supercycle,2G8LH53fcr3aCrEsmAo73eunbZRbyjKrGH5qmur6pump,0,0,0,0,0,0,0,1,1
270,fxn,92cRC6kV5D7TiHX1j56AbkPbffo9jwcXxSDQZ8Mopump,0,0,0,0,0,0,0,1,1
271,BNTY,6TcoT3vcexjsMuuLvS9DhBUrVVcoqBMHEppQGQLMpump,0,0,0,0,0,0,0,1,1
272,CRIME,7M3gDRgozcumFsiTeXwjB8cYxpg7Q9R7rH7rkw2Fpump,0,0,0,0,0,0,0,1,1
273,DRIP,FrkF4GNdqKZLuzWXTk1imqMJRGK9uxCRE3PaBKZbpump,0,0,0,0,0,0,0,1,1
274,VIBE,8tSeXYSXzFvaDX1nbWrEFFaFuPHuWqpzksKYxQPvpump,0,0,0,0,0,0,0,1,1
275,GYAT,EfgEGG9PxLhyk1wqtqgGnwgfVC7JYic3vC9BCWLvpump,0,0,0,0,0,0,0,1,1
276,WOLF,Faf89929Ni9fbg4gmVZTca7eW6NFg877Jqn6MizT3Gvw,0,0,0,0,0,0,0,1,1
277,RAPR,RAPRz9fd87y9qcBGj1VVqUbbUM6DaBggSDA58zc3N2b,0,0,0,0,0,0,0,1,1
278,NAI,Fxm6tJ2khHbLVcSgnYUqg9FiBduVRLEvdQR67dvQ3eGp,0,0,0,0,0,0,0,1,1
279,MAD,madHpjRn6bd8t78Rsy7NuSuNwWa2HU8ByPobZprHbHv,0,0,0,0,0,0,0,1,1
280,HAMMY,26KMQVgDUoB6rEfnJ51yAABWWJND8uMtpnQgsHQ64Udr,0,0,0,0,0,0,0,1,1
281,SOLAMA,AVLhahDcDQ4m4vHM4ug63oh7xc8Jtk49Dm5hoe9Sazqr,0,0,0,0,0,0,0,1,1
282,🫃,D2JGRcNqq1mLzyL4ruCb27pzYw8FF3nTK4hMz6GmMW56,0,0,0,0,0,0,0,1,1
283,J,Jambjx1oJoZNBZiqbiF9TqgatEZPdyfvYa9WVsKNzUh,0,0,0,0,0,0,0,1,1
284,SEND,SENDdRQtYMWaQrBroBrJ2Q53fgVuq95CV9UPGEvpCxa,0,0,0,0,0,0,0,1,1
285,stSOL,7dHbWXmci3dT8UFYWYZweBLXgycu7Y3iL6trKn1Y7ARj,0,0,0,0,0,0,0,1,1
286,WBS,GJgHsc1HU4ibmzW6oWQr8L2RRT95ATc1BoNuLkp94AwU,0,0,0,0,0,0,0,1,1
287,UBC,9psiRdn9cXYVps4F1kFuoNjd2EtmqNJXrCPmRppJpump,0,0,0,0,0,0,0,1,1
288,BUCK,FLqmVrv6cp7icjobpRMQJMEyjF3kF84QmC4HXpySpump,0,0,0,0,0,0,0,1,1
289,YAPSTER,8CzPPqenpfRXvjE5DHfE3kMDgJhHwWZ1WXRzs44KsamW,0,0,0,0,0,0,0,1,1
290,Rizzmas,85cQsFgbi8mBZxiPppbpPXuV7j1hA8tBwhjF4gKW6mHg,0,0,0,0,0,0,0,1,1
291,     ,2qDstBuxtqWD2cC74QsMEpAFTHyTerructuG5TF9pump,0,0,0,0,0,0,0,1,1
292,W,85VBFQZC9TZkfaptBWjvUw7YbZjy52A6mjtPGjstQAmQ,0,0,0,0,0,0,0,1,1
293,HIBER,FHKiJEg2zmhv9DEeaXMSZa7R4P8BPFX5VTRrzrtJpump,0,0,0,0,0,0,0,1,1
294,tremp,FU1q8vJpZNUrmqsciSjp8bAKKidGsLmouB8CBdf8TKQv,0,0,0,0,0,0,0,1,1
295,daige,HsNx7RirehVMy54xnFtcgCBPDMrwNnJKykageqdWpump,0,0,0,0,0,0,0,1,1
296,ASYM,DNMTk67urDBxEEVRx9HjVzCVu8en4Kgg5HfZy3E6pump,0,0,0,0,0,0,0,1,1
297,TrenchAI,AaWVpk6eZbgBfVbq1UfXw3EXBmAvw4QXov1xHuG7pump,0,0,0,0,0,0,0,1,1
298,BIGBALLS,7mHCx9iXPJ7EJDbDAUGmej39Kme8cxZfeVi1EAvEpump,0,0,0,0,0,0,0,1,1
299,Digi,AUdUEc98MGfEHJiJfCgMaW8gKdcfNDio8BFzGKBwjztC,0,0,0,0,0,0,0,1,1
300,WYAC,BEgBsVSKJSxreiCE1XmWWq8arnwit7xDqQXSWYgay9xP,0,0,0,0,0,0,0,1,1
301,FABEL,FABELyo4mGW399dBZJhMeD988o2hEPu3B3LNWtuW4ueN,0,0,0,0,0,0,0,1,1
302,Beenz,9sbrLLnk4vxJajnZWXP9h5qk1NDFw7dz2eHjgemcpump,0,0,0,0,0,0,0,1,1
303,ARIA,GhBPHgnNF99EThYxt4bxUfPX1hCPyAS72RCBgLjLpump,0,0,0,0,0,0,0,1,1
304,xavier,69G8CpUVZAxbPMiEBrfCCCH445NwFxH6PzVL693Xpump,0,0,0,0,0,0,0,1,1
305,RADIO ,B4gipVUHKJ7keVN3MWEYDQCHjkdoXGsbmZoTSJDZpump,0,0,0,0,0,0,0,1,1
306,aura,DtR4D9FtVoTX2569gaL837ZgrB6wNjj6tkmnX9Rdk9B2,0,0,0,0,0,0,0,1,1
307,Elon4AfD,BkYAUVMar1gLwuFLv2n5cmB6HhcNtvd86kU3gqAypump,0,0,0,0,0,0,0,1,1
308,KNOT,7RDvypx3p9EWq4nZZKux1ZQAc7DUWXpHTVKxCCnupump,0,0,0,0,0,0,0,1,1
309,Luigi,5XyKkFaJpAmsH4Tf2EFj3S61W3hC5cJhxNZQQ5h1pump,0,0,0,0,0,0,0,1,1
310,GrokCoin,3MadWqcN9cSrULn8ikDnan9mF3znoQmBPXtVy6BfSTDB,0,0,0,0,0,0,0,1,1
311,tooker,9EYScpiysGnEimnQPzazr7Jn9GVfxFYzgTEj85hV9L6U,0,0,0,0,0,0,0,1,1
312,SUMMIT,A3vBwL3Pd6nkBqVo87D6TLWYG4ekWuDeqCoLFeyvRMcb,0,0,0,0,0,0,0,1,1
313,GAYCOIN,AnGzGiQ6ddzdqWDuWy6vmibqDv8rsT2QKhcgDrwTpump,0,0,0,0,0,0,0,1,1
314,TRUST,EqeEBGHQhQy6SqeaJcnqAsNs3qaG19sdF89Xsarpump,0,0,0,0,0,0,0,1,1
315,HYPERSKIDS,GwkEDwePTa6aFosh9xzAniGK1zvLrQ5yPJfLnqwmuyhG,0,0,0,0,0,0,0,1,1
316,Kekec,DexxZWtZd8hdmeth9gKYXgTWa1VYdMVrWFBZ9RXXXhBn,0,0,0,0,0,0,0,1,1
317,Ainti,BAezfVmia8UYLt4rst6PCU4dvL2i2qHzqn4wGhytpNJW,0,0,0,0,0,0,0,1,1
318,SHRUB,Em8WF6pg9FmKDy1dXkWhXxpgmfhj5Bes3ZCE8PCCJSHt,0,0,0,0,0,0,0,1,1
319,COST,Av6qVigkb7USQyPXJkUvAEm4f599WTRvd75PUWBA9eNm,0,0,0,0,0,0,0,1,1
320,GUAC,AZsHEMXd36Bj1EMNXhowJajpUXzrKcK57wW4ZGXVa7yR,0,0,0,0,0,0,0,1,1
321,000,CVU6QRwpHz94UGyPFFehm1G1sFYRH7xDk9UhZ9RApump,0,0,0,0,0,0,0,1,1
322,GENE,GENEtH5amGSi8kHAtQoezp1XEXwZJ8vcuePYnXdKrMYz,0,0,0,0,0,0,0,1,1
323,TTG,4ELGifwr2jHtEaFZUXXvQLAYiE6W5bvpWYZbJTRSpump,0,0,0,0,0,0,0,1,1
324,FSTR,FSTRgYfDaudjDwFg5A9LQpDMq5vxqhskHq4rkjUMwERE,0,0,0,0,0,0,0,1,1
325,Fullsend,AshG5mHt4y4etsjhKFb2wA2rq1XZxKks1EPzcuXwpump,0,0,0,0,0,0,0,1,1
326,blormmy,71AZt4P5kc5vpfTJR1HjNbMzD84G7vxam4DtL3kJpump,0,0,0,0,0,0,0,1,1
327,DRIFT,DriFtupJYLTosbwoN8koMbEYSx54aFAVLddWsbksjwg7,0,0,0,0,0,0,0,1,1
328,FAF,FAFxVxnkzZHMCodkWyoccgUNgVScqMw2mhhQBYDFjFAF,0,0,0,0,0,0,0,1,1
329,DAILYBET,7fb49Wrtx5xksfzGxsa8Y1zV1CCyeimmysGYKkirzCUm,0,0,0,0,0,0,0,1,1
330,TJRM,4AdDFsG1xzz1L7zKGo2fbiqv256Z92u8uCcJCgYuTBLo,0,0,0,0,0,0,0,1,1
331,PBTC,HfMbPyDdZH6QMaDDUokjYCkHxzjoGBMpgaUvpLWGbF5p,0,0,0,0,0,0,0,1,1
332,REGENT,6HgJHzGpq3fSLmkepsaC8F3VtpUWfXcG4hmUaf4Vpump,0,0,0,0,0,0,0,1,1
333,Mundi,4BBjpGwLgGmUxtT82YFK9xMhcvyy3zgf3HpxTRip1YoU,0,0,0,0,0,0,0,1,1
334,TIRED,5ZMUboLJUeneKouqrqu4jeLE68vX68ehE5qprV3Upump,0,0,0,0,0,0,0,1,1
335,CAT,4HBQm2EhdpUWZkTYxttxNDnsoWi5beRAGWHpjVo8pump,0,0,0,0,0,0,0,1,1
336,NOVA,AxDKAyDsC7p8C5MeDFX6FKV2MPCSGwzkRfGY2qZZpump,0,0,0,0,0,0,0,1,1
337,NiggaButt,8fZL148nnC168RAVCZh4PkjvMZmxMEfMLDhoziWVPnqf,0,0,0,0,0,0,0,1,1
338,WAVE,5XUUN5z1yBPEwoLztu4qMenmFe6GQnZptBFsnFnEpump,0,0,0,0,0,0,0,1,1
339,KWANT,9Yt5tHLFB2Uz1yg3cyEpTN4KTSWhiGpKxXPJ8HX3hat,0,0,0,0,0,0,0,1,1
340,NYAN,49ztDWXk7qEfz8Y1t8owmhLhewiA3ptVNPpRGAjRd8Wh,0,0,0,0,0,0,0,1,1
341,Stoic,62mETtNRaVY5iNsJr5YexsbVg1uyyoLwtoWLSnjApump,0,0,0,0,0,0,0,1,1
342,PHRZ,8fJCtfbuAaFzdwTnQP84nNhSpZdVy4Uc929eXZRBN8H4,0,0,0,0,0,0,0,1,1
343,Quant,3an8rhdepsLCya22af7qDBKPbdomw8K4iCHXaA2Gpump,0,0,0,0,0,0,0,1,1
344,LIMBO,5UAMZkfNmuVcKzr2wo8Jqw4R1k8vfdAVJNN6h3bVpump,0,0,0,0,0,0,0,1,1
345,BIOS,DWDnYfhVMnNBbWz4uEVvLVZLdYQoSuBosSU2vmHSpump,0,0,0,0,0,0,0,1,1
346,BARRON,ECY31gWwxy4s2VnMkYhmqDkrV75KrwR2yTtsnrnSpump,0,0,0,0,0,0,0,1,1
347,WHALES,GTH3wG3NErjwcf7VGCoXEXkgXSHvYhx5gtATeeM5JAS1,0,0,0,0,0,0,0,1,1
348,FatCat,AHdVQs56QpEEkRx6m8yiYYEiqM2sKjQxVd6mGH12pump,0,0,0,0,0,0,0,1,1
349,CORN,6DSqVXg9WLTWgz6LACqxN757QdHe1sCqkUfojWmxWtok,0,0,0,0,0,0,0,1,1
350,WING,3UYS3XXYC9yWvNyBWFKqqb5w9YQfX65RQzoAKd8jEUCB,0,0,0,0,0,0,0,1,1
351,Qude,3MyaQBG7y3SHLQZa282Jh2xtB2TZKHGzNp1CuZ4Cpump,0,0,0,0,0,0,0,1,1
352,SPORE,8bdhP1UQMevciC9oJ7NrvgDfoW8XPXPfbkkm6vKtMS7N,0,0,0,0,0,0,0,1,1
353,PISCES,3JsSsmGzjWDNe9XCw2L9vznC5JU9wSqQeB6ns5pAkPeE,0,0,0,0,0,0,0,1,1
354,SSR,7d5uLATMiAoRC1n9yNc7VCrhx44H6bjEzDx7Gxuhpump,0,0,0,0,0,0,0,1,1
355,SOLNIC,DeaKMzAeZja3Mh5okZE6WUvygLP3Lfuvm6Rg78HqXTz9,0,0,0,0,0,0,0,1,1
356,GINNAN,GinNabffZL4fUj9Vactxha74GDAW8kDPGaHqMtMzps2f,0,0,0,0,0,0,0,1,1
357,COOK,G8Vy25NzjRmuQtnN35xF7j3X2Z1TrV39XijZu8Mg4w8n,0,0,0,0,0,0,0,1,1
358,EKKO,89S9RdgynPq5odSRmcCDAzg26iYuRw4wqUmzMbjUpump,0,0,0,0,0,0,0,1,1
359,N2,3t4yhNHfy5jZ9skJw9ZMRHvLJw1WUPouJ4TSxatTpump,0,0,0,0,0,0,0,1,1
360,RIO,HELn8rSM1rp8vAjNH4NYXzX6FvCbwWMGqLfaMgiBnZFV,0,0,0,0,0,0,0,1,1
361,VOID,6gh8b2mqUrVb6Ew8Mwt89tNyN9keCDNstzT5cdp5pump,0,0,0,0,0,0,0,1,1
362,SOLA,B5UsiUYcTD3PcQa8r2uXcVgRmDL8jUYuXPiYjrY7pump,0,0,0,0,0,0,0,1,1
363,POLIS,poLisWXnNRwC6oBu1vHiuKQzFjGL4XDSu4g9qjz9qVk,0,0,0,0,0,0,0,1,1
364,BGG1,62CsquahdQ3J286G9UTqV6whxryfihdV4yg7kSJnpump,0,0,0,0,0,0,0,1,1
365,EVAN,GFUgXbMeDnLkhZaJS3nYFqunqkFNMRo9ukhyajeXpump,0,0,0,0,0,0,0,1,1
366,MIMANY,3Rcc6tMyS7ZEa29dxV4g3J5StorS9J1dn98gd42pZTk1,0,0,0,0,0,0,0,1,1
367,TRENCH,GACpABn18xqiSJbD9ZEyArJDT9RHRMUut5nK9Z9Spump,0,0,0,0,0,0,0,1,1
368,YAKUB,7iagMTDPfNSR5zVcERT1To7A9eaQoz58dJAh42EMHcCC,0,0,0,0,0,0,0,1,1
369,scihub,GxdTh6udNstGmLLk9ztBb6bkrms7oLbrJp5yzUaVpump,0,0,0,0,0,0,0,1,1
370,Jarvis,CmpuL8k9KY3NrpfDRoJrVmuwd1zRMFRUxX55avyGpump,0,0,0,0,0,0,0,1,1
371,NORDO,5drB44YYwNVE6RyxZyRRLbDyEAHgdhkJVgsgc7P6pump,0,0,0,0,0,0,0,1,1
372,CHIPPY,Bz7Nx1F3Mti1BVS7ZAVDLSKGEaejufxvX2DPdjpf8PqT,0,0,0,0,0,0,0,1,1
373,AGENCY,5UmDWgyLV1JBg8Jr8NwyezXdQkiU3vHGJu2efm7Cpump,0,0,0,0,0,0,0,1,1
374,MWOR,EoRe4xECTe9imaYtwfdmrGoinD2S1N5yMeu1LrjQpump,0,0,0,0,0,0,0,1,1
375,ADX,AuQaustGiaqxRvj2gtCdrd22PBzTn8kM3kEPEkZCtuDw,0,0,0,0,0,0,0,1,1
376,FOREST,BoAQaykj3LtkM2Brevc7cQcRAzpqcsP47nJ2rkyopump,0,0,0,0,0,0,0,1,1
377,INTERN,6UxB5HCuuNm2HoHCp4TFVkPPE38L5zktESYKZ7Q5RC3f,0,0,0,0,0,0,0,1,1
378,MUTE,AFE2hvmamdJ34kH3Jtb6g1nqmJU8sMMRVKJmE7D88h3g,0,0,0,0,0,0,0,1,1
379,$WHISKEY,9UNqoPEXXxEnEphmyYsZYdL5dnmAUtdiKRUchpnUF5Ph,0,0,0,0,0,0,0,1,1
380,FUKU,2KchKijPuwnwC92LPWVjFjRwB3WxKtzx9bbXZ7kRpump,0,0,0,0,0,0,0,1,1
381,ZODs,J1ow1c3ExcJYQmgNFRPfCp1LMYRf6P3A33isDcBmpump,0,0,0,0,0,0,0,1,1
382,LI,HhUVkZ1qz8vfMqZDemLyxBFxrHFKVSYAk7a6227Lpump,0,0,0,0,0,0,0,1,1
383,DTF,EmhVWGUa2Q9PN4QjzFjvuVyzFKg4s3ERwjKR9dQDpump,0,0,0,0,0,0,0,1,1
384,GOBI,CwdjgD54hgTQChspxHhirWLQWqy3EsxtndrcpLBqpump,0,0,0,0,0,0,0,1,1
385,r/snoofi,7M9KJcPNC65ShLDmJmTNhVFcuY95Y1VMeYngKgt67D1t,0,0,0,0,0,0,0,1,1
386,CHINA,E2BGnzHdJNUBtAVR7EyQMuEMHqgv65JL8J9ZyqyXUVvA,0,0,0,0,0,0,0,1,1
387,∅,J2bUGZDxRDpsVfjZqKwn6yYCUKFmqzHgt8UajhGtpump,0,0,0,0,0,0,0,1,1
388,MANA,Bw5K8eZaf361uDLHgX2UUn1PNfC7XtgQVvY9sSappump,0,0,0,0,0,0,0,1,1
389,RAT,3vJenGaGsuKG5shPhi7rjnuy3MV6xjmBTGjYqYzXpump,0,0,0,0,0,0,0,1,1
390,Cheese,AbrMJWfDVRZ2EWCQ1xSCpoVeVgZNpq1U2AoYG98oRXfn,0,0,0,0,0,0,0,1,1
391,APPLE,H33XL6HHDReCVRgSApZpsXM7Hy7JGyLztRJaGxjapump,0,0,0,0,0,0,0,1,1
392,ClubMoon,5gVSqhk41VA8U6U4Pvux6MSxFWqgptm3w58X9UTGpump,0,0,0,0,0,0,0,1,1
393,HUAHUA,77RBCP95AFT9XRsx4xuGUHjBQsjcatGYCZ2VXx8Epump,0,0,0,0,0,0,0,1,1
394,JPOW,orairHM3Yw2PbTfCty1PXy7tEUx3uBMfjouNbm4KnRJ,0,0,0,0,0,0,0,1,1
395,ETFS,MM8o3Sk58NufoS8Zds7MYTC1LcStfCaqinN5T2pdNtp,0,0,0,0,0,0,0,1,1
396,UP,2iygm3ZBu3YRDiJREMrZTLayffBJBShTrhEe9iyYpump,0,0,0,0,0,0,0,1,1
397,HEEHEE,9dLuVbJMd4ZpTpFgmaFHAGSsFwVjtcnzFWaLAA1expHg,0,0,0,0,0,0,0,1,1
398,alpha,Cg93SZJkHePybZqGDuyXLf5Ag5sB2cpWfHUG8wNPpump,0,0,0,0,0,0,0,1,1
399,RHUN,Gh8yeA9vH5Fun7J6esFH3mV65cQTBpxk9Z5XpzU7pump,0,0,0,0,0,0,0,1,1
400,coby,8WnQQRbuEZ3CCDbH5MCVioBbw6o75NKANq9WdPhBDsWo,0,0,0,0,0,0,0,1,1
401,xencat,7UN8WkBumTUCofVPXCPjNWQ6msQhzrg9tFQRP48Nmw5V,0,0,0,0,0,0,0,1,1
402,MPLX,METAewgxyPbgwsseH8T16a39CQ5VyVxZi9zXiDPY18m,0,0,0,0,0,0,0,1,1
403,ITMT,AATECgWF4KjALbpgUXjabqFKHmdtjWdfdFNzCH3ipump,0,0,0,0,0,0,0,1,1
404,VHS ,5e41GfrQwTP74LgGt6WP9kw6xa1jQhAERCjnFKf74y52,0,0,0,0,0,0,0,1,1
405,$daumen,T1oYbAejEESrZLtSAjumAXhzFqZGNxQ4kVN9vPUoxMv,0,0,0,0,0,0,0,1,1
406,JAIL,8cNmp9T2CMQRNZhNRoeSvr57LDf1kbZ42SvgsSWfpump,0,0,0,0,0,0,0,1,1
407,monk,FYa25XnBsXQXAdTnsyKBKd5gZ1VZhChBRF57CqfRxJZX,0,0,0,0,0,0,0,1,1
408,CHATOSHI,Bhu2wBWxfWkRJ6pFn5NodnEvMCqj9DLfCU5qMvt7pump,0,0,0,0,0,0,0,1,1
409,WORK,F7Hwf8ib5DVCoiuyGr618Y3gon429Rnd1r5F9R5upump,0,0,0,0,0,0,0,1,1
410,GNZ,FFgfStKwuF3DSxEeogA69FNkPrkb7XDA5Tw29TBEpump,0,0,0,0,0,0,0,1,1
411,FATHA,EWWDzCwq4UYW3ERTXbdgd6X6sdkKHFMJqRz1ZiFcpump,0,0,0,0,0,0,0,1,1
412,SNP500,8vSwZHKP5WJ8ov6awAntB31Kuyh6NYVwi3qmyZsiivRE,0,0,0,0,0,0,0,1,1
413,Swarm,JBSVUpKgYNHt4GLtNebQxTJmZgftTMWENQrziHtGpump,0,0,0,0,0,0,0,1,1
414,EARL,BjjvKX5k7gQoGRmvQAA5WMr7EkQ2cirGTSGxAznDpump,0,0,0,0,0,0,0,1,1
415,HTERM,BDW8YHasD3NSDjSHU9Xy6KXtshGayMGQfj5bJpLcpump,0,0,0,0,0,0,0,1,1
416,DEEBO,AzC1u8NPdpS6DVBs8Mv3P6egZ2AhN9KaGaY64xVMpump,0,0,0,0,0,0,0,1,1
417,SPDR,AT79ReYU9XtHUTF5vM6Q4oa9K8w7918Fp5SU7G1MDMQY,0,0,0,0,0,0,0,1,1
418,DRUGS,CX9YDTED9TWgVXVoFy8JL9gSSAEWcTv4mzjLSv17LQsj,0,0,0,0,0,0,0,1,1
419,lou,5DQSDg6SGkbsbykq4mQstpcL4d5raEHc6rY7LgBwpump,0,0,0,0,0,0,0,1,1
420,RICH,GRFK7sv4KhkMzJ7BXDUBy4PLyZVBeXuW1FeaT6Mnpump,0,0,0,0,0,0,0,1,1
421,LLD,GwKKPsJdY5oWMJ8RReWLcvb82KzW6FKy2bKoYW7kHr16,0,0,0,0,0,0,0,1,1
422,Bakso,FqnqT1GKi8S4Gyk5wnSKvJjXW48HqGtKJt9WS4o2pump,0,0,0,0,0,0,0,1,1
423,CHEEMS,3FoUAsGDbvTD6YZ4wVKJgTB76onJUKz7GPEBNiR5b8wc,0,0,0,0,0,0,0,1,1
424,BETH,7uJrMsDN2Wxdc3VAq1iK9N5AHaTA7wUpbm1wqRonpump,0,0,0,0,0,0,0,1,1
425,gooch coin,e8NFqLCMJBfDTUUARoniADgQtSEFmZNBksPxYzepump,0,0,0,0,0,0,0,1,1
426,DEGOD,degod39zqQWzpG6h4b7SJLLTCFE6FeZnZD8BwHBFxaN,0,0,0,0,0,0,0,1,1
427,TDS,7KuFdcfzbc3LLoRHNRWfW1dhbPNzuCv41hyYbfSUpump,0,0,0,0,0,0,0,1,1
428,JHH,C2nneybCJP2i6mk6Nu6SfTcxoNXNLjngnzwDgje2eNrr,0,0,0,0,0,0,0,1,1
429,XAND,XANDuUoVoUqniKkpcKhrxmvYJybpJvUxJLr21Gaj3Hx,0,0,0,0,0,0,0,1,1
430,CALVIN,229vWzBTiUNdraYpVtSH9usTwwVxcyPDbBWf1zEPpump,0,0,0,0,0,0,0,1,1
431,ENT,ENTxR2RP8NtvhXzMNFCxE1HazzdV9x7SuZqGyAb4jdED,0,0,0,0,0,0,0,1,1
432,$GARY,8c71AvjQeKKeWRe8jtTGG1bJ2WiYXQdbjqFbUfhHgSVk,0,0,0,0,0,0,0,1,1
433,Buckazoids,BQQzEvYT4knThhkSPBvSKBLg1LEczisWLhx5ydJipump,0,0,0,0,0,0,0,1,1
434,e/acc,GqmEdRD3zGUZdYPeuDeXxCc8Cj1DBmGSYK97TCwSpump,0,0,0,0,0,0,0,1,1
435,URKO,AXGmqhcKcPC4bC7vNpxGtu5oEwoEEnyeQUdw9YwYWF1q,0,0,0,0,0,0,0,1,1
436,Barron,HmAgiwjjP9CXqK5wQNsHKtjAt2CH3Kv8Q7xH5kGL2nqZ,0,0,0,0,0,0,0,1,1
437,ROSS,2q8Y8rubbsaaA3faq8Ytsk382JXgtKdn23qjNXhSpump,0,0,0,0,0,0,0,1,1
438,speed,5Wd2ALxQfnpgQKCyH4WL9giBiiuuLuJs84CJxfQccvmN,0,0,0,0,0,0,0,1,1
439,CHORUZ,361pUXTPohPEgcnCVm7DUvNziizK37gVxLN3cw9Vpump,0,0,0,0,0,0,0,1,1
440,wDOG,GYKmdfcUmZVrqfcH1g579BGjuzSRijj3LBuwv79rpump,0,0,0,0,0,0,0,1,1
441,ELON,7ZCm8WBN9aLa3o47SoYctU6iLdj7wkGG5SV2hE5CgtD5,0,0,0,0,0,0,0,1,1
442,MINIDOGE,8J6CexwfJ8CSzn2DgWhzQe1NHd2hK9DKX59FCNNMo2hu,0,0,0,0,0,0,0,1,1
443,DOBBY,CPcf58MNikQw2G23kTVWQevRDeFDpdxMH7KkR7Lhpump,0,0,0,0,0,0,0,1,1
444,UNIPCS,E3enwdJowhDeRe3f7mMwAZGVkJ5aWEtPUGRusP2Jpump,0,0,0,0,0,0,0,1,1
445,TAURUS,EjkkxYpfSwS6TAtKKuiJuNMMngYvumc1t1v9ZX1WJKMp,0,0,0,0,0,0,0,1,1
446,BBC,ES1KLhatf4uiDs4Gt5MJkNMCKdYzcwaJnKWt5fTn1ca2,0,0,0,0,0,0,0,1,1
447,RIGHT,GnMkhejvQmjMfAwnrYfu1LN3AfheiSo6pD2WaBeRL648,0,0,0,0,0,0,0,1,1
448,NAVAL,7wM4MnbsPsG95A3WhZgbrPWvMtydKmJjqKr2ZVJVpump,0,0,0,0,0,0,0,1,1
449,GNRT,oraiJP7H3LAt57DkFXNLDbLdBFNRRPvS8jg2j5AZkd9,0,0,0,0,0,0,0,1,1
450,Jarvis,FR382Gv7RxrEb2q1MZkP9athyJC9rUBt8M2jKfyKpump,0,0,0,0,0,0,0,1,1
451,POWSCHE,8CkiSHHJDHJV4LUoiRMLUhqG58cUkbyJRtcP4Z3mCXNf,0,0,0,0,0,0,0,1,1
452,WOJAK,6bn6rKWbTRAQwizwqEfcmpAtoAMnqzfG7F8DYMK5reYn,0,0,0,0,0,0,0,1,1
453,LEO,8Cd7wXoPb5Yt9cUGtmHNqAEmpMDrhfcVqnGbLC48b8Qm,0,0,0,0,0,0,0,1,1
454,FUNGI,3u4XvCjmTmQmcvjoxo1z8y3wnRdtnCuv6N9WkiE6FJvH,0,0,0,0,0,0,0,1,1
455,SAVE,SAVEaeeqeXNKYb4Lyx28DkUms5gyZ76vGa6fCfdzWfK,0,0,0,0,0,0,0,1,1
456,Fistcoin,4qJvBSACeFy4HinpBA7rotXRRSzDhT3iFEshgjdDpump,0,0,0,0,0,0,0,1,1
457,isaac,GTiMaW6FNPLrWNVLYk5KkLApxiHvCwbGr9KdueGypump,0,0,0,0,0,0,0,1,1
458,KOHLER,HmfNGq7kxE6ppMDGW87xPuMU6wnKbeYBZf76K7t33w3s,0,0,0,0,0,0,0,1,1
459,GRFT,2aWos2YsA6YjN5DHX77diRUx7SKMg7H1U8hqL2N1iy5o,0,0,0,0,0,0,0,1,1
460,gomu,Bx74hpFiaiBbSonrjyqxjGfAA7gRxM2CeKiy31uN6biR,0,0,0,0,0,0,0,1,1
461,CHIIKAWA,DHoadXCbf6TcadkcMGJ8kFRdDa2sXPQ1KrgodUDRpump,0,0,0,0,0,0,0,1,1
462,EAI,12KwPzKewFGgzs69pvHmUKvhiDBtkAFCKoNjv6344Rkm,0,0,0,0,0,0,0,1,1
463,create,92crE7qiX5T7VtiXhCeagfo1E81UtyguiXM7qCi7pump,0,0,0,0,0,0,0,1,1
464,SOAP,5bs3kHmjo1F3ZL42scfYyx9re3hhnayZYF8NkUr5D8HE,0,0,0,0,0,0,0,1,1
465,piin,piinKrjeiUVwhnXzsgNCV2aVGsBc4GwHQ9eCtkAgcTw,0,0,0,0,0,0,0,1,1
466,doodoo,JDwzFSxcUvLubUb9xAuuZNvh4bbcEJcuM9TezpmRHVWF,0,0,0,0,0,0,0,1,1
467,ALR,FwzpNxnabjZvc8QCnV6qPEBKxqLxSyjobc5Etdgxpump,0,0,0,0,0,0,0,1,1
468,SCS,SCSuPPNUSypLBsV4darsrYNg4ANPgaGhKhsA3GmMyjz,0,0,0,0,0,0,0,1,1
469,Focai,5qsZAnWuR7vMJbiznrJEY2ddVqZXjNYmFvR3eXSxpump,0,0,0,0,0,0,0,1,1
470,STONES,2xK7SDPUY1oCwch8G8guUPtTSGiAQCbZykR5Y4dCpump,0,0,0,0,0,0,0,1,1
471,ponzi,tqrRt3AsuGa3aYYSvABMDrPJEWVzpAnh3p6LxXGpump,0,0,0,0,0,0,0,1,1
472,wCOMAI,Comai3YgiVY2p5ep635Pk4P6jNQHNhigvzeTcB6V7dyj,0,0,0,0,0,0,0,1,1
473,OBOT,7yZFFUhq9ac7DY4WobLL539pJEUbMnQ5AGQQuuEMpump,0,0,0,0,0,0,0,1,1
474,THURSTON,9pnDLVWmWyccy6HhZKcCiwrQEBX1UHQ5ikKPo5xrpump,0,0,0,0,0,0,0,1,1
475,sora,89nnWMkWeF9LSJvAWcN2JFQfeWdDk6diKEckeToEU1hE,0,0,0,0,0,0,0,1,1
476,BOYS,9cLx6w1fN6b67VxsGxaFaCTgQcNqsA51p4uMWdkgQqmC,0,0,0,0,0,0,0,1,1
477,SENSUS,F8tDt7QRAYicWQPK5LTh8kZR4zKJPdTiEq5dwCcVpump,0,0,0,0,0,0,0,1,1
478,SCARF,ELdqGtj2MhejZzudGfz7b798si2Av5Asuw9ryEQSpump,0,0,0,0,0,0,0,1,1
479,DATAWITCH,CwsQd329uL1ccxT3my2EJCEsciT1CUfk2BUmPF8Ppump,0,0,0,0,0,0,0,1,1
480,DIGICASH,EjJhYzvz2vhmZrq8fP7offFpeuTxdP1dWJuW1q6w8cHH,0,0,0,0,0,0,0,1,1
481,LIGMA,AEXbqWmEHY4wXS1XeLfieBDh3ZEvVqkAdDzdaMAwpump,0,0,0,0,0,0,0,1,1
482,SMOL,5KHQeeQvM4qBtmX3WnaCMGpM3Th7jYpqcHf3c6qzPodM,0,0,0,0,0,0,0,1,1
483,KEYDOG,3fGoNjPohYRVPk9iJuwEW5WuURU5gmAdSRgNgeaanexQ,0,0,0,0,0,0,0,1,1
484,ZACK,8vCAUbxejdtaxn6jnX5uaQTyTZLmXALg9u1bvFCAjtx7,0,0,0,0,0,0,0,1,1
485,JASPER,FMhxJLNmbw6UVKN3ANDKhFdgdEgqJiUEDnBgtDW4pump,0,0,0,0,0,0,0,1,1
486,CYB,4xieJTWvYfWGTdZYjxZNePjqGu74NexmcjLUpfFLVAPx,0,0,0,0,0,0,0,1,1
487,STASH,EWMfSJgDCE7CXDAYz3hbCaA7NsFHTnddySXx3shco2Hs,0,0,0,0,0,0,0,1,1
488,RM9000,G6haJithfeUgSghVpu1rDPCq2NFiYcJFHNpHEANbpump,0,0,0,0,0,0,0,1,1
489,FYBN,BXNGghGbqrt2PcM3Y2Une5fD4kbU6VVSPC4uPjf8pump,0,0,0,0,0,0,0,1,1
490,momo,CHVggq5Bu2UKLB1MQtLciDV3UKv5hwLkJwA14egApump,0,0,0,0,0,0,0,1,1
491,SVMAI,Cpzvdx6pppc9TNArsGsqgShCsKC9NCCjA2gtzHvUpump,0,0,0,0,0,0,0,1,1
492,MOE,8xzoj8mVmXtBQm6d2euJGFPvQ2QsTV5R8cdexi2qpump,0,0,0,0,0,0,0,1,1
493,SSEC,HCq9orwso55TowciCZkD3Yb7c74iHYRGvQrubz4ppump,0,0,0,0,0,0,0,1,1
494,CHONK,AT7RRrFhBU1Dw1WghdgAqeNKNXKomDFXm77owQgppump,0,0,0,0,0,0,0,1,1
495,ANCHOVY,HKKagAnZBoJPWS4z5AZ5bErB7Uj6u2mkLo4ysD7mpump,0,0,0,0,0,0,0,1,1
496,BTW,4ytpZgVoNB66bFs6NRCUaAVsLdtYk2fHq4U92Jnjpump,0,0,0,0,0,0,0,1,1
497,PILLZUMI,97Mbx6Jym1iEkQdVfLf5PMWL5tARGnQ5na5jhR9Lpump,0,0,0,0,0,0,0,1,1
498,Idiot,28YzheH23A58kUGPpEvwyE4kh5iU4FQAHnsUxYY4SNtQ,0,0,0,0,0,0,0,1,1
499,SUPA,zi87E9xtFPRQ2o9qqerFxUDQLZgEkHrhpHDxxZhYi9a,0,0,0,0,0,0,0,1,1
500,AROK,Cwe5k2iEy8dt7vCGY93GBrqQS4FWyac6pQjvjLcPD6qp,0,0,0,0,0,0,0,1,1
501,REIGN,4Svy1p3ZvaRv46Nqg22wTWb5Ge425dEG1m2f8SM5pump,0,0,0,0,0,0,0,1,1
502,DOLLAR,5AnPDx9GposBi9jSW2dFfE5QQD3FmXbudoquMNDxpump,0,0,0,0,0,0,0,1,1
503,Banana,FuQASH8ps9NPeDu4h3rVtMBygKYoSiSTZ4uSiA5tpump,0,0,0,0,0,0,0,1,1
504,SOLENG,2wUGjvMqXusgfzYP3Vj149bSM9MwTPLS4maxkdGfpump,0,0,0,0,0,0,0,1,1
505,SANDY,61yG5LCoeoqzBdopXPy6BsVPTGdRXht95L68hj5ipump,0,0,0,0,0,0,0,1,1
506,Bob,DL9sLSN488yMbots3wsbzHZ3UpKSkM42kr1y13CPpump,0,0,0,0,0,0,0,1,1
507,BUNKER,8NCievmJCg2d9Vc2TWgz2HkE6ANeSX7kwvdq5AL7pump,0,0,0,0,0,0,0,1,1
508,RIFT,jUpa2aDCzvdR9EF4fqDXmuyMUkonPTohphABLmRkRFj,0,0,0,0,0,0,0,1,1
509,TSUBA,9yNykgy7xvXv9ij8TapMjXREArGCREjY38KoFtASpump,0,0,0,0,0,0,0,1,1
510,MSTASH,GVxCVNbMrnRFztSXMDFAheoN7JJdSTr1dTawrmwXPh2n,0,0,0,0,0,0,0,1,1
511,Vicky,7JXwBQDSPQZH4gUy1RGY4Tm5atf8g9v1eNG3h5trrB7X,0,0,0,0,0,0,0,1,1
512,PanterAI,FViZQJymuQ9FaxmpudCQS7ffJUt4udHzwJKPBiy7pump,0,0,0,0,0,0,0,1,1
513,Claude,HaL8cPcEZgwLaCbwyf6aAPh7rhw7iHck22zFXSNjpump,0,0,0,0,0,0,0,1,1
514,DrOdin,ERzsfG1aVp8YgDFXSFBNbEQ4YWsNgNVKgsBDVfDs6Jdh,0,0,0,0,0,0,0,1,1
515,MILTON,FFXsbx4rPwM8CyKKZiPU3YS9xFFirww6QEzb6KCCpump,0,0,0,0,0,0,0,1,1
516,schizo,8sWKTMrh9bWUrvykK4H3jzEzGbEqvJNpS2f7joYKpump,0,0,0,0,0,0,0,1,1
517,BRRR,F8DPbzQ3rhFYhsdA3uVBcspX7rEcbNEHVs72zgTryQzN,0,0,0,0,0,0,0,1,1
518,duk,A2khRbhRJNrAEHj95htivC4cR4VbJwfssDH5FPPbP4m9,0,0,0,0,0,0,0,1,1
519,GCR,7dGbPgUxKpB5qWiLRKcTQSC3om1fPzUpgGAFfwej9hXx,0,0,0,0,0,0,0,1,1
520,Mizuki,9XS6ayT8aCaoH7tDmTgNyEXRLeVpgyHKtZk5xTXpump,0,0,0,0,0,0,0,1,1
521,Mustard,22Xeo6diWfJrScaoVFzgkwzrCByPukK45fdwkJyrpump,0,0,0,0,0,0,0,1,1
522,Norm,9M26M7CxkJdaewdiH8v5kSiiXKbWBBirTE1QmXHmDvVg,0,0,0,0,0,0,0,1,1
523,DFL,DFL1zNkaGPWm1BqAVqRjCZvHmwTFrEaJtbzJWgseoNJh,0,0,0,0,0,0,0,1,1
524,KIMCHI,24t1xLFTf3433DEjQpxprxtP1eUXMfogfoGRJZvVpump,0,0,0,0,0,0,0,1,1
525,INCEL,GACL2mEL9BR4baJBbYWfNKa5mxBYXRdU4ZthedKcVkx1,0,0,0,0,0,0,0,1,1
526,YURU,mm7g78aMJZv8QB4Q15qbsM3UQJZWof85vwC2NSxRh2Q,0,0,0,0,0,0,0,1,1
527,HOLO,B8hCuoikV9gLeuwmTyhNdLbPnb5k3P77Q7WTtEM7pump,0,0,0,0,0,0,0,1,1
528,QFE,DECqp3qgUAarXoP2FssBnFXPsqtLhc5Y9UuvjxWMpump,0,0,0,0,0,0,0,1,1
529,SUCHIR,ByXTsen3ftsd7SsqgXpSZqrEeoMV8Smhz1vox9j6pump,0,0,0,0,0,0,0,1,1
530,FRN,J5tzd1ww1V1qrgDUQHVCGqpmpbnEnjzGs9LAqJxwkNde,0,0,0,0,0,0,0,1,1
531,REAL,AD27ov5fVU2XzwsbvnFvb1JpCBaCB5dRXrczV9CqSVGb,0,0,0,0,0,0,0,1,1
532,GOGO,GoGoxxkBetBo4EYsHWhiyStVYkvbsAKdrp6dBpcy8a9E,0,0,0,0,0,0,0,1,1
533,NGNF,CXcWiHFDM1J8RHfAuzor1YGSk6BxGKFY5kstjUZjpump,0,0,0,0,0,0,0,1,1
534,glam,73rzMJ8uEqjAf5vE1YPGrXbg7Cb2Yv85EoxpJh2mpump,0,0,0,0,0,0,0,1,1
535,NET,7nFYpHyhDgzg3ioU2JFko5kaVwm6bjkL4MtbUiVAiYbJ,0,0,0,0,0,0,0,1,1
536,UPONLY,7qmWe2vUhhV1PJyN5aYUK3D5gBPkyFiwc4x5FrDcnTHZ,0,0,0,0,0,0,0,1,1
537,TODE,2s2pxYdqsAZ3XqjZTgxVLPvFJXWzRo9fHaUt7zrdpump,0,0,0,0,0,0,0,1,1
538,SCOIN,5qKDWkBejLtRh1UGFV7e58QEkdn2fRyH5ehVXqUYujNW,0,0,0,0,0,0,0,1,1
539,Hobbes,6n7Janary9fqzxKaJVrhL9TG2F61VbAtwUMu1YZscaQS,0,0,0,0,0,0,0,1,1
540,IBR,5G7xzLhXSrLaw8utPNAada8WPdQPZ4Dm6sddhuUckibr,0,0,0,0,0,0,0,1,1
541,$MATRIX,E1R4RF89GcKxz62DVfojxDJteLFFs8rtiXcGcrx5HbTj,0,0,0,0,0,0,0,1,1
542,GNDHOG,8kZg6izyoqML7LddmyXcXXQJmTFt7nyVzQv9zHUapump,0,0,0,0,0,0,0,1,1
543,EZSIS,BieefG47jAHCGZBxi2q87RDuHyGZyYC3vAzxpyu8pump,0,0,0,0,0,0,0,1,1
544,EARN,8CuPzHKuZQUyYbear8fi3u6iuTY652WVZT2cHZ2yeNbE,0,0,0,0,0,0,0,1,1
545,SLOG,9Xfko1cNUJ6cpgBxkdH7k7VyYouUmCtUij5tDWUFpump,0,0,0,0,0,0,0,1,1
546,brokie,DAMqxQRG5FKsnMNXEdBQMdTSiz86b5BziH4p6FS6pump,0,0,0,0,0,0,0,1,1
547,UberJeets,G2ShfTkHaPgY1YUqZzB611coeFpbhyGirzgGmyW5fEhV,0,0,0,0,0,0,0,1,1
548,GIZMO,2CsJHNyj74zK6Jaiq2UayPAXFEjmL5UKhpeLNaH45Fud,0,0,0,0,0,0,0,1,1
549,PINGU,2idBzH45gfXFEhivcQVTXVgQGUDhX8scXoZwAiTQUT6L,0,0,0,0,0,0,0,1,1
550,BIGFACTS,8U5SJfExR7QMhPWWKLFV5F9L8mX3vioEP29GxocBpump,0,0,0,0,0,0,0,1,1
