No.,pair_name,display_pair_name,token_1_name,token_1_address,token_2_name,token_2_address,total_tvl,total_day_volume,total_week_volume,total_month_volume,raydium_pool_count,meteora_pool_count,sum_of_raydium_and_meteora_pool_count,required_raydium_pool_count,required_sum_of_raydium_and_meteora_pool_count,required_total_day_trade_volume,required_minimum_total_tvl
1,So11111111111111111111111111111111111111112-8EHC2gfTLDb2eGQfjm17mVNLWPGRc9YVD75bepZ2nZJa,WSOL-$dicki,WSOL,So11111111111111111111111111111111111111112,$dicki,8EHC2gfTLDb2eGQfjm17mVNLWPGRc9YVD75bepZ2nZJa,26586.03,429.31,2840.41,9602.69,1,9,10,1,2,400,20000
2,So11111111111111111111111111111111111111112-Ep5tnKTSkLDeQ12ctS3RhQNcbcApkcyJcGPgHh4dpump,WSOL-CRYING,WSOL,So11111111111111111111111111111111111111112,CRYING,Ep5tnKTSkLDeQ12ctS3RhQNcbcApkcyJcGPgHh4dpump,49632.28,466.77,3367.48,22721.06,1,5,6,1,2,400,20000
3,F23fFqpRNsmWjuUrFpfM1pvoVvMSpLuN6hY978Y1JXLt-So11111111111111111111111111111111111111112,USDCAT-WSOL,USDCAT,F23fFqpRNsmWjuUrFpfM1pvoVvMSpLuN6hY978Y1JXLt,WSOL,So11111111111111111111111111111111111111112,43245.71,470.37,2341.18,13976.42,1,3,4,1,2,400,20000
4,So11111111111111111111111111111111111111112-8U5SJfExR7QMhPWWKLFV5F9L8mX3vioEP29GxocBpump,WSOL-BIGFACTS,WSOL,So11111111111111111111111111111111111111112,BIGFACTS,8U5SJfExR7QMhPWWKLFV5F9L8mX3vioEP29GxocBpump,118574.74,472.4,147950.01,157914.25,1,2,3,1,2,400,20000
5,7dGbPgUxKpB5qWiLRKcTQSC3om1fPzUpgGAFfwej9hXx-So11111111111111111111111111111111111111112,GCR-WSOL,GCR,7dGbPgUxKpB5qWiLRKcTQSC3om1fPzUpgGAFfwej9hXx,WSOL,So11111111111111111111111111111111111111112,51714.15,478.7,4956.64,31167.39,1,8,9,1,2,400,20000
6,So11111111111111111111111111111111111111112-FqvtZ2UFR9we82Ni4LeacC1zyTiQ77usDo31DUokpump,WSOL-$slop,WSOL,So11111111111111111111111111111111111111112,$slop,FqvtZ2UFR9we82Ni4LeacC1zyTiQ77usDo31DUokpump,104312.78,515.36,6659.56,65860.9,1,16,17,1,2,400,20000
7,So11111111111111111111111111111111111111112-7wM4MnbsPsG95A3WhZgbrPWvMtydKmJjqKr2ZVJVpump,WSOL-NAVAL,WSOL,So11111111111111111111111111111111111111112,NAVAL,7wM4MnbsPsG95A3WhZgbrPWvMtydKmJjqKr2ZVJVpump,43262.41,561.16,9943.23,50614.34,1,4,5,1,2,400,20000
8,So11111111111111111111111111111111111111112-GTiMaW6FNPLrWNVLYk5KkLApxiHvCwbGr9KdueGypump,WSOL-isaac,WSOL,So11111111111111111111111111111111111111112,isaac,GTiMaW6FNPLrWNVLYk5KkLApxiHvCwbGr9KdueGypump,34170.08,569.78,5664.66,30592.06,1,3,4,1,2,400,20000
9,4f9Nc1vPWvcbGP9Zfi6TWD9tApyMgBrqmXexNZnR4Wmo-So11111111111111111111111111111111111111112,GOATSE-WSOL,GOATSE,4f9Nc1vPWvcbGP9Zfi6TWD9tApyMgBrqmXexNZnR4Wmo,WSOL,So11111111111111111111111111111111111111112,23146.64,607.87,5229.36,14819.75,2,0,2,1,2,400,20000
10,So11111111111111111111111111111111111111112-2Yufe8mbyi75Zrye56KYz7CVKoX7oCtDZRksd8tQpump,WSOL-AUTO,WSOL,So11111111111111111111111111111111111111112,AUTO,2Yufe8mbyi75Zrye56KYz7CVKoX7oCtDZRksd8tQpump,273685.7,612.38,2759.93,28895.57,2,0,2,1,2,400,20000
11,7p6RjGNZ7HLHpfTo6nh21XYw4CZgxXLQPzKXG72pNd2y-So11111111111111111111111111111111111111112,CIGGS-WSOL,CIGGS,7p6RjGNZ7HLHpfTo6nh21XYw4CZgxXLQPzKXG72pNd2y,WSOL,So11111111111111111111111111111111111111112,41619.81,621.53,3472.27,9020.99,1,5,6,1,2,400,20000
12,So11111111111111111111111111111111111111112-AtTUzJVrPkBTXwiMZivVRKvWmCnVpRfnKq3cc5fopump,WSOL-CFSM,WSOL,So11111111111111111111111111111111111111112,CFSM,AtTUzJVrPkBTXwiMZivVRKvWmCnVpRfnKq3cc5fopump,35290.85,623.87,955.63,120423.79,2,1,3,1,2,400,20000
13,So11111111111111111111111111111111111111112-G2ShfTkHaPgY1YUqZzB611coeFpbhyGirzgGmyW5fEhV,WSOL-UberJeets,WSOL,So11111111111111111111111111111111111111112,UberJeets,G2ShfTkHaPgY1YUqZzB611coeFpbhyGirzgGmyW5fEhV,128705.25,624.55,2126.86,5698.1,2,0,2,1,2,400,20000
14,DFL1zNkaGPWm1BqAVqRjCZvHmwTFrEaJtbzJWgseoNJh-EPjFWdd5AufqSSqeM2qN1xzybapC8G4wEGGkZwyTDt1v,DFL-USDC,DFL,DFL1zNkaGPWm1BqAVqRjCZvHmwTFrEaJtbzJWgseoNJh,USDC,EPjFWdd5AufqSSqeM2qN1xzybapC8G4wEGGkZwyTDt1v,57864.8,627.9,3819.67,25295.36,2,2,4,1,2,400,20000
15,EUxS8Kqvbe8zDr8bG1RYtgjVNzEhMTG6B6H3WwrCHfwA-So11111111111111111111111111111111111111112,BIRDFLU-WSOL,BIRDFLU,EUxS8Kqvbe8zDr8bG1RYtgjVNzEhMTG6B6H3WwrCHfwA,WSOL,So11111111111111111111111111111111111111112,25201.25,634.43,6300.39,60172.72,2,0,2,1,2,400,20000
16,So11111111111111111111111111111111111111112-9Xfko1cNUJ6cpgBxkdH7k7VyYouUmCtUij5tDWUFpump,WSOL-SLOG,WSOL,So11111111111111111111111111111111111111112,SLOG,9Xfko1cNUJ6cpgBxkdH7k7VyYouUmCtUij5tDWUFpump,59201.6,634.99,5545.73,19139.25,3,0,3,1,2,400,20000
17,So11111111111111111111111111111111111111112-M5MFPbS4X6eYek21xhFU38DTavMLuGY9eyC5p8Tpump,WSOL-ZACHXBT,WSOL,So11111111111111111111111111111111111111112,ZACHXBT,M5MFPbS4X6eYek21xhFU38DTavMLuGY9eyC5p8Tpump,85414.59,635.78,2258.91,18961.4,2,0,2,1,2,400,20000
18,So11111111111111111111111111111111111111112-7yZFFUhq9ac7DY4WobLL539pJEUbMnQ5AGQQuuEMpump,WSOL-OBOT,WSOL,So11111111111111111111111111111111111111112,OBOT,7yZFFUhq9ac7DY4WobLL539pJEUbMnQ5AGQQuuEMpump,158089.92,636.47,4672.29,42960.22,1,11,12,1,2,400,20000
19,GeBCL92LPDysZPFYjRkPe7cK42Vb4ehHPZCTtCSwja7w-So11111111111111111111111111111111111111112,BAOBAO-WSOL,BAOBAO,GeBCL92LPDysZPFYjRkPe7cK42Vb4ehHPZCTtCSwja7w,WSOL,So11111111111111111111111111111111111111112,59792.16,673.83,189821.11,4021681.79,2,0,2,1,2,400,20000
20,So11111111111111111111111111111111111111112-93vpr9tx4jXzeyt14Jwqcd4q4d9CBP9jb674pQ5vpump,WSOL-YDWTL,WSOL,So11111111111111111111111111111111111111112,YDWTL,93vpr9tx4jXzeyt14Jwqcd4q4d9CBP9jb674pQ5vpump,57776.13,676.13,2051.9,169020.92,2,0,2,1,2,400,20000
21,So11111111111111111111111111111111111111112-Gv8mfuosgCKCj9tPs9VWS1GzETemr69Lnr2jwjbWpump,WSOL-HSM,WSOL,So11111111111111111111111111111111111111112,HSM,Gv8mfuosgCKCj9tPs9VWS1GzETemr69Lnr2jwjbWpump,56356.81,678.81,12754.18,69381.9,1,14,15,1,2,400,20000
22,So11111111111111111111111111111111111111112-J7Q9gHS3FoXideE6Yk43gQPk7YMbr3wi15FGChVzpump,WSOL-HYPER,WSOL,So11111111111111111111111111111111111111112,HYPER,J7Q9gHS3FoXideE6Yk43gQPk7YMbr3wi15FGChVzpump,32776.6,691.69,2076.0,4895.67,2,0,2,1,2,400,20000
23,A2khRbhRJNrAEHj95htivC4cR4VbJwfssDH5FPPbP4m9-So11111111111111111111111111111111111111112,duk-WSOL,duk,A2khRbhRJNrAEHj95htivC4cR4VbJwfssDH5FPPbP4m9,WSOL,So11111111111111111111111111111111111111112,56092.88,759.03,11083.23,37957.41,1,8,9,1,2,400,20000
24,So11111111111111111111111111111111111111112-FViZQJymuQ9FaxmpudCQS7ffJUt4udHzwJKPBiy7pump,WSOL-PanterAI,WSOL,So11111111111111111111111111111111111111112,PanterAI,FViZQJymuQ9FaxmpudCQS7ffJUt4udHzwJKPBiy7pump,24677.7,765.71,4520.1,21264.38,1,2,3,1,2,400,20000
25,DJ3gZLHPVfGZSMo6NPV38evtaPwYbCphZNEqdu3gUwS4-EPjFWdd5AufqSSqeM2qN1xzybapC8G4wEGGkZwyTDt1v,XME-USDC,XME,DJ3gZLHPVfGZSMo6NPV38evtaPwYbCphZNEqdu3gUwS4,USDC,EPjFWdd5AufqSSqeM2qN1xzybapC8G4wEGGkZwyTDt1v,254250.0,777.01,3594.04,54677.23,1,1,2,1,2,400,20000
26,So11111111111111111111111111111111111111112-2iygm3ZBu3YRDiJREMrZTLayffBJBShTrhEe9iyYpump,WSOL-UP,WSOL,So11111111111111111111111111111111111111112,UP,2iygm3ZBu3YRDiJREMrZTLayffBJBShTrhEe9iyYpump,31800.89,778.69,11210.23,79386.52,2,0,2,1,2,400,20000
27,So11111111111111111111111111111111111111112-8Cd7wXoPb5Yt9cUGtmHNqAEmpMDrhfcVqnGbLC48b8Qm,WSOL-LEO,WSOL,So11111111111111111111111111111111111111112,LEO,8Cd7wXoPb5Yt9cUGtmHNqAEmpMDrhfcVqnGbLC48b8Qm,47987.34,813.46,6185.16,42637.18,2,0,2,1,2,400,20000
28,So11111111111111111111111111111111111111112-AKyVUXwrYPxnt9cf9EQUpRmty6yrW25d3R8R1YVepump,WSOL-LOLA,WSOL,So11111111111111111111111111111111111111112,LOLA,AKyVUXwrYPxnt9cf9EQUpRmty6yrW25d3R8R1YVepump,54532.41,871.72,4088.2,8816.92,1,9,10,1,2,400,20000
29,BNT4uhSStq1beFADv3cq4wQAVfWB392PjAaxTBpNeWxu-So11111111111111111111111111111111111111112,MEDIA-WSOL,MEDIA,BNT4uhSStq1beFADv3cq4wQAVfWB392PjAaxTBpNeWxu,WSOL,So11111111111111111111111111111111111111112,28689.68,894.83,22741.34,45596.33,2,0,2,1,2,400,20000
30,So11111111111111111111111111111111111111112-4cQ9BeG6bdpkQcYGadqc1n6nCWgMuoHZenVH1xXepump,WSOL-ATS,WSOL,So11111111111111111111111111111111111111112,ATS,4cQ9BeG6bdpkQcYGadqc1n6nCWgMuoHZenVH1xXepump,21635.56,910.19,1260.61,3191.3,6,0,6,1,2,400,20000
31,So11111111111111111111111111111111111111112-HKKagAnZBoJPWS4z5AZ5bErB7Uj6u2mkLo4ysD7mpump,WSOL-ANCHOVY,WSOL,So11111111111111111111111111111111111111112,ANCHOVY,HKKagAnZBoJPWS4z5AZ5bErB7Uj6u2mkLo4ysD7mpump,28912.12,925.43,12495.25,100012.3,2,0,2,1,2,400,20000
32,So11111111111111111111111111111111111111112-45ZAM7JK8ZGHuBQiJ8kvhdiVdiQGsTQGgt3gRAEQpump,WSOL-Asha,WSOL,So11111111111111111111111111111111111111112,Asha,45ZAM7JK8ZGHuBQiJ8kvhdiVdiQGsTQGgt3gRAEQpump,73129.73,941.98,3416.11,19036.85,1,9,10,1,2,400,20000
33,8CuPzHKuZQUyYbear8fi3u6iuTY652WVZT2cHZ2yeNbE-So11111111111111111111111111111111111111112,EARN-WSOL,EARN,8CuPzHKuZQUyYbear8fi3u6iuTY652WVZT2cHZ2yeNbE,WSOL,So11111111111111111111111111111111111111112,73391.55,945.61,12384.27,36432.32,3,0,3,1,2,400,20000
34,So11111111111111111111111111111111111111112-3Rcc6tMyS7ZEa29dxV4g3J5StorS9J1dn98gd42pZTk1,WSOL-MIMANY,WSOL,So11111111111111111111111111111111111111112,MIMANY,3Rcc6tMyS7ZEa29dxV4g3J5StorS9J1dn98gd42pZTk1,90290.23,959.98,17147.74,64610.81,2,0,2,1,2,400,20000
35,So11111111111111111111111111111111111111112-9nZ1a9EaJP5jBGH1oFvCS76FhXhAc4APHckkYa3eYcWY,WSOL-WEB,WSOL,So11111111111111111111111111111111111111112,WEB,9nZ1a9EaJP5jBGH1oFvCS76FhXhAc4APHckkYa3eYcWY,179672.56,1040.79,25139.2,441430.95,2,0,2,1,2,400,20000
36,So11111111111111111111111111111111111111112-5tZHKgJpnF1hsjSnQ5N9NA2c3S4QzaFw3uq2ARGspump,WSOL-gort,WSOL,So11111111111111111111111111111111111111112,gort,5tZHKgJpnF1hsjSnQ5N9NA2c3S4QzaFw3uq2ARGspump,46753.13,1052.88,7286.94,11608.48,3,0,3,1,2,400,20000
37,So11111111111111111111111111111111111111112-FuQASH8ps9NPeDu4h3rVtMBygKYoSiSTZ4uSiA5tpump,WSOL-Banana,WSOL,So11111111111111111111111111111111111111112,Banana,FuQASH8ps9NPeDu4h3rVtMBygKYoSiSTZ4uSiA5tpump,77159.38,1080.37,4173.64,89250.19,2,0,2,1,2,400,20000
38,So11111111111111111111111111111111111111112-jUpa2aDCzvdR9EF4fqDXmuyMUkonPTohphABLmRkRFj,WSOL-RIFT,WSOL,So11111111111111111111111111111111111111112,RIFT,jUpa2aDCzvdR9EF4fqDXmuyMUkonPTohphABLmRkRFj,339738.22,1082.55,14250.77,77218.25,3,13,16,1,2,400,20000
39,SCSuPPNUSypLBsV4darsrYNg4ANPgaGhKhsA3GmMyjz-So11111111111111111111111111111111111111112,SCS-WSOL,SCS,SCSuPPNUSypLBsV4darsrYNg4ANPgaGhKhsA3GmMyjz,WSOL,So11111111111111111111111111111111111111112,29870.4,1101.89,7621.0,25953.09,1,9,10,1,2,400,20000
40,So11111111111111111111111111111111111111112-AzC1u8NPdpS6DVBs8Mv3P6egZ2AhN9KaGaY64xVMpump,WSOL-DEEBO,WSOL,So11111111111111111111111111111111111111112,DEEBO,AzC1u8NPdpS6DVBs8Mv3P6egZ2AhN9KaGaY64xVMpump,36895.23,1159.82,1620.09,24253.75,1,15,16,1,2,400,20000
41,So11111111111111111111111111111111111111112-GoGoxxkBetBo4EYsHWhiyStVYkvbsAKdrp6dBpcy8a9E,WSOL-GOGO,WSOL,So11111111111111111111111111111111111111112,GOGO,GoGoxxkBetBo4EYsHWhiyStVYkvbsAKdrp6dBpcy8a9E,24520.89,1170.14,5828.71,11550.09,2,0,2,1,2,400,20000
42,So11111111111111111111111111111111111111112-T1oYbAejEESrZLtSAjumAXhzFqZGNxQ4kVN9vPUoxMv,WSOL-$daumen,WSOL,So11111111111111111111111111111111111111112,$daumen,T1oYbAejEESrZLtSAjumAXhzFqZGNxQ4kVN9vPUoxMv,53178.87,1172.94,13824.23,32284.35,1,1,2,1,2,400,20000
43,So11111111111111111111111111111111111111112-RufNMBEbKJr6CM1t3nwakZ3BaE9csF2AR15s32VWcRE,WSOL-MIRA,WSOL,So11111111111111111111111111111111111111112,MIRA,RufNMBEbKJr6CM1t3nwakZ3BaE9csF2AR15s32VWcRE,140512.81,1211.3,5967.78,51408.42,2,16,18,1,2,400,20000
44,So11111111111111111111111111111111111111112-9pnDLVWmWyccy6HhZKcCiwrQEBX1UHQ5ikKPo5xrpump,WSOL-THURSTON,WSOL,So11111111111111111111111111111111111111112,THURSTON,9pnDLVWmWyccy6HhZKcCiwrQEBX1UHQ5ikKPo5xrpump,45098.69,1221.6,14306.14,258814.06,2,0,2,1,2,400,20000
45,So11111111111111111111111111111111111111112-E5DpUjFJtiyj8qK7eQtLVjiNxB9o2iHmQbMYVn93bfe4,WSOL-PURE,WSOL,So11111111111111111111111111111111111111112,PURE,E5DpUjFJtiyj8qK7eQtLVjiNxB9o2iHmQbMYVn93bfe4,52916.13,1228.29,4643.4,29109.13,2,0,2,1,2,400,20000
46,So11111111111111111111111111111111111111112-HCq9orwso55TowciCZkD3Yb7c74iHYRGvQrubz4ppump,WSOL-SSEC,WSOL,So11111111111111111111111111111111111111112,SSEC,HCq9orwso55TowciCZkD3Yb7c74iHYRGvQrubz4ppump,45698.69,1228.83,6233.26,115342.11,2,0,2,1,2,400,20000
47,4xnxNjLkeVoJEAUFjj5xTvkdTLGYHtrdyyXThGDFhwmr-So11111111111111111111111111111111111111112,GOFURS-WSOL,GOFURS,4xnxNjLkeVoJEAUFjj5xTvkdTLGYHtrdyyXThGDFhwmr,WSOL,So11111111111111111111111111111111111111112,326077.06,1247.83,1686.94,2044.15,2,0,2,1,2,400,20000
48,So11111111111111111111111111111111111111112-3u71eCa7bnL6h8WeAzoMtLVJN1TxwXpctHUNpqXUpump,WSOL-CHARLIE,WSOL,So11111111111111111111111111111111111111112,CHARLIE,3u71eCa7bnL6h8WeAzoMtLVJN1TxwXpctHUNpqXUpump,28182.81,1268.85,14670.81,88820.28,2,2,4,1,2,400,20000
49,So11111111111111111111111111111111111111112-ERzsfG1aVp8YgDFXSFBNbEQ4YWsNgNVKgsBDVfDs6Jdh,WSOL-DrOdin,WSOL,So11111111111111111111111111111111111111112,DrOdin,ERzsfG1aVp8YgDFXSFBNbEQ4YWsNgNVKgsBDVfDs6Jdh,24755.31,1272.7,9469.5,31668.0,2,0,2,1,2,400,20000
50,So11111111111111111111111111111111111111112-CefZxozhhxK88XPJoeWBczYSaBPd35tsKnziTH6Cpump,WSOL-KIRA,WSOL,So11111111111111111111111111111111111111112,KIRA,CefZxozhhxK88XPJoeWBczYSaBPd35tsKnziTH6Cpump,72646.57,1394.2,11278.08,55526.39,2,8,10,1,2,400,20000
51,So11111111111111111111111111111111111111112-77RBCP95AFT9XRsx4xuGUHjBQsjcatGYCZ2VXx8Epump,WSOL-HUAHUA,WSOL,So11111111111111111111111111111111111111112,HUAHUA,77RBCP95AFT9XRsx4xuGUHjBQsjcatGYCZ2VXx8Epump,64115.03,1429.33,15611.24,58908.0,1,7,8,1,2,400,20000
52,So11111111111111111111111111111111111111112-MoNAoCoXKLb38Y2VpbukGacdNYhvRTyVn92DvRApXep,WSOL-Mona,WSOL,So11111111111111111111111111111111111111112,Mona,MoNAoCoXKLb38Y2VpbukGacdNYhvRTyVn92DvRApXep,79113.46,1434.01,5898.94,26261.8,2,0,2,1,2,400,20000
53,So11111111111111111111111111111111111111112-GLPdQwGtjcynj3RLraenPeR9v1REnpdyuciPBpVipump,WSOL-SCOUT,WSOL,So11111111111111111111111111111111111111112,SCOUT,GLPdQwGtjcynj3RLraenPeR9v1REnpdyuciPBpVipump,112565.3,1435.59,9968.42,46614.1,1,15,16,1,2,400,20000
54,So11111111111111111111111111111111111111112-3vJenGaGsuKG5shPhi7rjnuy3MV6xjmBTGjYqYzXpump,WSOL-RAT,WSOL,So11111111111111111111111111111111111111112,RAT,3vJenGaGsuKG5shPhi7rjnuy3MV6xjmBTGjYqYzXpump,109240.11,1512.11,17820.99,148537.06,2,0,2,1,2,400,20000
55,So11111111111111111111111111111111111111112-8NCievmJCg2d9Vc2TWgz2HkE6ANeSX7kwvdq5AL7pump,WSOL-BUNKER,WSOL,So11111111111111111111111111111111111111112,BUNKER,8NCievmJCg2d9Vc2TWgz2HkE6ANeSX7kwvdq5AL7pump,92803.87,1527.48,7272.86,102538.16,1,3,4,1,2,400,20000
56,So11111111111111111111111111111111111111112-5gVSqhk41VA8U6U4Pvux6MSxFWqgptm3w58X9UTGpump,WSOL-ClubMoon,WSOL,So11111111111111111111111111111111111111112,ClubMoon,5gVSqhk41VA8U6U4Pvux6MSxFWqgptm3w58X9UTGpump,47476.91,1574.03,10006.5,52010.54,3,0,3,1,2,400,20000
57,So11111111111111111111111111111111111111112-DECqp3qgUAarXoP2FssBnFXPsqtLhc5Y9UuvjxWMpump,WSOL-QFE,WSOL,So11111111111111111111111111111111111111112,QFE,DECqp3qgUAarXoP2FssBnFXPsqtLhc5Y9UuvjxWMpump,38968.71,1579.61,10004.8,28265.34,1,10,11,1,2,400,20000
58,So11111111111111111111111111111111111111112-76PsEyML7UV9uiBDWMdG3itRRuupDuRs6nNpjNBpump,WSOL-PPCOIN,WSOL,So11111111111111111111111111111111111111112,PPCOIN,76PsEyML7UV9uiBDWMdG3itRRuupDuRs6nNpjNBpump,96244.22,1608.95,11759.17,56106.98,1,4,5,1,2,400,20000
59,So11111111111111111111111111111111111111112-CPcf58MNikQw2G23kTVWQevRDeFDpdxMH7KkR7Lhpump,WSOL-DOBBY,WSOL,So11111111111111111111111111111111111111112,DOBBY,CPcf58MNikQw2G23kTVWQevRDeFDpdxMH7KkR7Lhpump,43538.3,1624.67,13937.01,65102.0,3,0,3,1,2,400,20000
60,So11111111111111111111111111111111111111112-6mZ76DjmTYhtEGLcVSEyeS5VcByHauxpw6oYQL4spump,WSOL-0x0x,WSOL,So11111111111111111111111111111111111111112,0x0x,6mZ76DjmTYhtEGLcVSEyeS5VcByHauxpw6oYQL4spump,58360.23,1649.81,14174.94,96204.65,1,4,5,1,2,400,20000
61,So11111111111111111111111111111111111111112-229vWzBTiUNdraYpVtSH9usTwwVxcyPDbBWf1zEPpump,WSOL-CALVIN,WSOL,So11111111111111111111111111111111111111112,CALVIN,229vWzBTiUNdraYpVtSH9usTwwVxcyPDbBWf1zEPpump,117202.22,1679.19,16841.06,46532.48,1,3,4,1,2,400,20000
62,So11111111111111111111111111111111111111112-Fss7oX43YpNNWVnRZugZ1NcngR1j8Ar33Z2dLqYfpump,WSOL-RAPTOR,WSOL,So11111111111111111111111111111111111111112,RAPTOR,Fss7oX43YpNNWVnRZugZ1NcngR1j8Ar33Z2dLqYfpump,29800.09,1685.21,23054.05,37152.63,1,3,4,1,2,400,20000
63,So11111111111111111111111111111111111111112-8TbsZ3yH1mBHytVpmMn4qED2UeF3FgWUVt1pd5RBpump,WSOL-CUR,WSOL,So11111111111111111111111111111111111111112,CUR,8TbsZ3yH1mBHytVpmMn4qED2UeF3FgWUVt1pd5RBpump,50284.76,1713.96,14595.46,84756.84,1,6,7,1,2,400,20000
64,HfYFjMKNZygfMC8LsQ8LtpPsPxEJoXJx4M6tqi75Hajo-EPjFWdd5AufqSSqeM2qN1xzybapC8G4wEGGkZwyTDt1v,CWAR-USDC,CWAR,HfYFjMKNZygfMC8LsQ8LtpPsPxEJoXJx4M6tqi75Hajo,USDC,EPjFWdd5AufqSSqeM2qN1xzybapC8G4wEGGkZwyTDt1v,62217.11,1714.45,15418.47,44396.75,2,0,2,1,2,400,20000
65,So11111111111111111111111111111111111111112-FMhxJLNmbw6UVKN3ANDKhFdgdEgqJiUEDnBgtDW4pump,WSOL-JASPER,WSOL,So11111111111111111111111111111111111111112,JASPER,FMhxJLNmbw6UVKN3ANDKhFdgdEgqJiUEDnBgtDW4pump,65345.18,1769.92,14117.04,60933.66,1,11,12,1,2,400,20000
66,So11111111111111111111111111111111111111112-E3enwdJowhDeRe3f7mMwAZGVkJ5aWEtPUGRusP2Jpump,WSOL-UNIPCS,WSOL,So11111111111111111111111111111111111111112,UNIPCS,E3enwdJowhDeRe3f7mMwAZGVkJ5aWEtPUGRusP2Jpump,37018.52,1785.63,41008.61,58777.7,2,0,2,1,2,400,20000
67,So11111111111111111111111111111111111111112-9yNykgy7xvXv9ij8TapMjXREArGCREjY38KoFtASpump,WSOL-TSUBA,WSOL,So11111111111111111111111111111111111111112,TSUBA,9yNykgy7xvXv9ij8TapMjXREArGCREjY38KoFtASpump,41786.75,1812.33,6200.14,74833.56,3,2,5,1,2,400,20000
68,So11111111111111111111111111111111111111112-6n7Janary9fqzxKaJVrhL9TG2F61VbAtwUMu1YZscaQS,WSOL-Hobbes,WSOL,So11111111111111111111111111111111111111112,Hobbes,6n7Janary9fqzxKaJVrhL9TG2F61VbAtwUMu1YZscaQS,140838.92,1822.31,17245.04,243395.14,1,11,12,1,2,400,20000
69,D2JGRcNqq1mLzyL4ruCb27pzYw8FF3nTK4hMz6GmMW56-So11111111111111111111111111111111111111112,🫃-WSOL,🫃,D2JGRcNqq1mLzyL4ruCb27pzYw8FF3nTK4hMz6GmMW56,WSOL,So11111111111111111111111111111111111111112,36514.53,1853.06,9382.0,54079.69,2,0,2,1,2,400,20000
70,So11111111111111111111111111111111111111112-2xK7SDPUY1oCwch8G8guUPtTSGiAQCbZykR5Y4dCpump,WSOL-STONES,WSOL,So11111111111111111111111111111111111111112,STONES,2xK7SDPUY1oCwch8G8guUPtTSGiAQCbZykR5Y4dCpump,54146.89,1864.22,3424.53,13305.1,2,0,2,1,2,400,20000
71,So11111111111111111111111111111111111111112-BieefG47jAHCGZBxi2q87RDuHyGZyYC3vAzxpyu8pump,WSOL-EZSIS,WSOL,So11111111111111111111111111111111111111112,EZSIS,BieefG47jAHCGZBxi2q87RDuHyGZyYC3vAzxpyu8pump,30188.0,1907.85,6759.07,17446.55,1,3,4,1,2,400,20000
72,oraiJP7H3LAt57DkFXNLDbLdBFNRRPvS8jg2j5AZkd9-So11111111111111111111111111111111111111112,GNRT-WSOL,GNRT,oraiJP7H3LAt57DkFXNLDbLdBFNRRPvS8jg2j5AZkd9,WSOL,So11111111111111111111111111111111111111112,50671.7,1910.97,9532.03,32216.51,2,6,8,1,2,400,20000
73,So11111111111111111111111111111111111111112-5SKLS8gvhJgAtmtmRr7SQg7NjoehutwK3vAzYPAYpump,WSOL-UPONLY,WSOL,So11111111111111111111111111111111111111112,UPONLY,5SKLS8gvhJgAtmtmRr7SQg7NjoehutwK3vAzYPAYpump,86867.92,1962.74,40706.01,102572.06,1,8,9,1,2,400,20000
74,So11111111111111111111111111111111111111112-7RDvypx3p9EWq4nZZKux1ZQAc7DUWXpHTVKxCCnupump,WSOL-KNOT,WSOL,So11111111111111111111111111111111111111112,KNOT,7RDvypx3p9EWq4nZZKux1ZQAc7DUWXpHTVKxCCnupump,114825.54,2063.82,20695.64,102312.62,2,0,2,1,2,400,20000
75,So11111111111111111111111111111111111111112-3JsSsmGzjWDNe9XCw2L9vznC5JU9wSqQeB6ns5pAkPeE,WSOL-PISCES,WSOL,So11111111111111111111111111111111111111112,PISCES,3JsSsmGzjWDNe9XCw2L9vznC5JU9wSqQeB6ns5pAkPeE,39569.65,2077.52,10003.61,56178.49,2,0,2,1,2,400,20000
76,So11111111111111111111111111111111111111112-4qJvBSACeFy4HinpBA7rotXRRSzDhT3iFEshgjdDpump,WSOL-Fistcoin,WSOL,So11111111111111111111111111111111111111112,Fistcoin,4qJvBSACeFy4HinpBA7rotXRRSzDhT3iFEshgjdDpump,44407.79,2118.75,28295.68,68204.05,2,7,9,1,2,400,20000
77,So11111111111111111111111111111111111111112-DAMqxQRG5FKsnMNXEdBQMdTSiz86b5BziH4p6FS6pump,WSOL-brokie,WSOL,So11111111111111111111111111111111111111112,brokie,DAMqxQRG5FKsnMNXEdBQMdTSiz86b5BziH4p6FS6pump,54652.62,2128.27,6866.31,21121.06,2,0,2,1,2,400,20000
78,So11111111111111111111111111111111111111112-2CsJHNyj74zK6Jaiq2UayPAXFEjmL5UKhpeLNaH45Fud,WSOL-GIZMO,WSOL,So11111111111111111111111111111111111111112,GIZMO,2CsJHNyj74zK6Jaiq2UayPAXFEjmL5UKhpeLNaH45Fud,109992.84,2135.15,21799.05,92519.55,2,0,2,1,2,400,20000
79,So11111111111111111111111111111111111111112-2qDstBuxtqWD2cC74QsMEpAFTHyTerructuG5TF9pump,WSOL-     ,WSOL,So11111111111111111111111111111111111111112,     ,2qDstBuxtqWD2cC74QsMEpAFTHyTerructuG5TF9pump,49264.64,2170.28,20061.43,745054.86,2,0,2,1,2,400,20000
80,8c71AvjQeKKeWRe8jtTGG1bJ2WiYXQdbjqFbUfhHgSVk-EPjFWdd5AufqSSqeM2qN1xzybapC8G4wEGGkZwyTDt1v,$GARY-USDC,$GARY,8c71AvjQeKKeWRe8jtTGG1bJ2WiYXQdbjqFbUfhHgSVk,USDC,EPjFWdd5AufqSSqeM2qN1xzybapC8G4wEGGkZwyTDt1v,261527.72,2238.14,16993.61,23437.47,2,0,2,1,2,400,20000
81,So11111111111111111111111111111111111111112-HyDAnhcj7Er5qVHireifnezrSxhYaauFrDNa82nTpump,WSOL-EONIC,WSOL,So11111111111111111111111111111111111111112,EONIC,HyDAnhcj7Er5qVHireifnezrSxhYaauFrDNa82nTpump,28585.93,2334.98,166342.17,362057.2,1,5,6,1,2,400,20000
82,So11111111111111111111111111111111111111112-FwzpNxnabjZvc8QCnV6qPEBKxqLxSyjobc5Etdgxpump,WSOL-ALR,WSOL,So11111111111111111111111111111111111111112,ALR,FwzpNxnabjZvc8QCnV6qPEBKxqLxSyjobc5Etdgxpump,57772.91,2360.19,26834.87,112198.89,2,7,9,1,2,400,20000
83,So11111111111111111111111111111111111111112-HhUVkZ1qz8vfMqZDemLyxBFxrHFKVSYAk7a6227Lpump,WSOL-LI,WSOL,So11111111111111111111111111111111111111112,LI,HhUVkZ1qz8vfMqZDemLyxBFxrHFKVSYAk7a6227Lpump,245187.03,2362.12,15359.42,141139.89,2,9,11,1,2,400,20000
84,So11111111111111111111111111111111111111112-GVxCVNbMrnRFztSXMDFAheoN7JJdSTr1dTawrmwXPh2n,WSOL-MSTASH,WSOL,So11111111111111111111111111111111111111112,MSTASH,GVxCVNbMrnRFztSXMDFAheoN7JJdSTr1dTawrmwXPh2n,26464.99,2377.24,11191.8,27890.08,2,0,2,1,2,400,20000
85,So11111111111111111111111111111111111111112-6tVZVjcppH2BZ9Xj5yFU1Zt34m2rYcyDqqpSeMDZpump,WSOL-miharu,WSOL,So11111111111111111111111111111111111111112,miharu,6tVZVjcppH2BZ9Xj5yFU1Zt34m2rYcyDqqpSeMDZpump,104964.26,2385.17,23278.98,163118.45,2,11,13,1,2,400,20000
86,8c71AvjQeKKeWRe8jtTGG1bJ2WiYXQdbjqFbUfhHgSVk-So11111111111111111111111111111111111111112,$GARY-WSOL,$GARY,8c71AvjQeKKeWRe8jtTGG1bJ2WiYXQdbjqFbUfhHgSVk,WSOL,So11111111111111111111111111111111111111112,161267.47,2433.4,19349.02,121000.28,3,0,3,1,2,400,20000
87,AD27ov5fVU2XzwsbvnFvb1JpCBaCB5dRXrczV9CqSVGb-EPjFWdd5AufqSSqeM2qN1xzybapC8G4wEGGkZwyTDt1v,REAL-USDC,REAL,AD27ov5fVU2XzwsbvnFvb1JpCBaCB5dRXrczV9CqSVGb,USDC,EPjFWdd5AufqSSqeM2qN1xzybapC8G4wEGGkZwyTDt1v,87233.07,2499.57,91525.13,199063.34,2,0,2,1,2,400,20000
88,So11111111111111111111111111111111111111112-53dig5bMmYBGNxDXAGFNjA59mqry3piqTpbFzYKEpump,WSOL-GAIM,WSOL,So11111111111111111111111111111111111111112,GAIM,53dig5bMmYBGNxDXAGFNjA59mqry3piqTpbFzYKEpump,31805.88,2508.21,17574.02,47756.17,1,5,6,1,2,400,20000
89,So11111111111111111111111111111111111111112-Bw5K8eZaf361uDLHgX2UUn1PNfC7XtgQVvY9sSappump,WSOL-MANA,WSOL,So11111111111111111111111111111111111111112,MANA,Bw5K8eZaf361uDLHgX2UUn1PNfC7XtgQVvY9sSappump,162761.94,2552.11,57872.47,251582.47,2,11,13,1,2,400,20000
90,So11111111111111111111111111111111111111112-3QGGLYLu251jE9Ra8jkGtuHb773xYciXeqqvUgNTGimE,WSOL-███,WSOL,So11111111111111111111111111111111111111112,███,3QGGLYLu251jE9Ra8jkGtuHb773xYciXeqqvUgNTGimE,28693.04,2560.29,13145.28,37048.22,4,0,4,1,2,400,20000
91,So11111111111111111111111111111111111111112-A6WCD9dzgpCpCofGG7boCN3jJitmBSoXS7tgZa4rGooD,WSOL-GOOD,WSOL,So11111111111111111111111111111111111111112,GOOD,A6WCD9dzgpCpCofGG7boCN3jJitmBSoXS7tgZa4rGooD,196745.21,2610.48,16959.02,135759.44,2,0,2,1,2,400,20000
92,So11111111111111111111111111111111111111112-CwdjgD54hgTQChspxHhirWLQWqy3EsxtndrcpLBqpump,WSOL-GOBI,WSOL,So11111111111111111111111111111111111111112,GOBI,CwdjgD54hgTQChspxHhirWLQWqy3EsxtndrcpLBqpump,30283.27,2633.28,16768.14,40757.03,1,13,14,1,2,400,20000
93,So11111111111111111111111111111111111111112-5Wd2ALxQfnpgQKCyH4WL9giBiiuuLuJs84CJxfQccvmN,WSOL-speed,WSOL,So11111111111111111111111111111111111111112,speed,5Wd2ALxQfnpgQKCyH4WL9giBiiuuLuJs84CJxfQccvmN,92820.82,2652.31,15445.64,59444.22,1,6,7,1,2,400,20000
94,So11111111111111111111111111111111111111112-5AnPDx9GposBi9jSW2dFfE5QQD3FmXbudoquMNDxpump,WSOL-DOLLAR,WSOL,So11111111111111111111111111111111111111112,DOLLAR,5AnPDx9GposBi9jSW2dFfE5QQD3FmXbudoquMNDxpump,78428.82,2789.48,22845.76,128897.79,1,10,11,1,2,400,20000
95,JDwzFSxcUvLubUb9xAuuZNvh4bbcEJcuM9TezpmRHVWF-So11111111111111111111111111111111111111112,doodoo-WSOL,doodoo,JDwzFSxcUvLubUb9xAuuZNvh4bbcEJcuM9TezpmRHVWF,WSOL,So11111111111111111111111111111111111111112,490739.06,2862.82,15134.89,57827.64,2,0,2,1,2,400,20000
96,So11111111111111111111111111111111111111112-E4wg8YF472u8oiLvSNKB84Y23gZhkSQ3PSCJaUj4pump,WSOL-LEXICON,WSOL,So11111111111111111111111111111111111111112,LEXICON,E4wg8YF472u8oiLvSNKB84Y23gZhkSQ3PSCJaUj4pump,91080.79,2871.76,10756.17,34944.08,1,14,15,1,2,400,20000
97,So11111111111111111111111111111111111111112-5UmDWgyLV1JBg8Jr8NwyezXdQkiU3vHGJu2efm7Cpump,WSOL-AGENCY,WSOL,So11111111111111111111111111111111111111112,AGENCY,5UmDWgyLV1JBg8Jr8NwyezXdQkiU3vHGJu2efm7Cpump,80931.65,2935.35,36017.02,158826.68,1,8,9,1,2,400,20000
98,So11111111111111111111111111111111111111112-FR382Gv7RxrEb2q1MZkP9athyJC9rUBt8M2jKfyKpump,WSOL-Jarvis,WSOL,So11111111111111111111111111111111111111112,Jarvis,FR382Gv7RxrEb2q1MZkP9athyJC9rUBt8M2jKfyKpump,42800.94,2981.04,29983.55,58491.8,1,3,4,1,2,400,20000
99,So11111111111111111111111111111111111111112-HmfNGq7kxE6ppMDGW87xPuMU6wnKbeYBZf76K7t33w3s,WSOL-KOHLER,WSOL,So11111111111111111111111111111111111111112,KOHLER,HmfNGq7kxE6ppMDGW87xPuMU6wnKbeYBZf76K7t33w3s,53518.23,3029.39,21463.91,37929.17,1,3,4,1,2,400,20000
100,So11111111111111111111111111111111111111112-BKQwzUrcibzZsm1Sm9TVgzxA9G7bAYszCaGJcALMpump,WSOL-Seals,WSOL,So11111111111111111111111111111111111111112,Seals,BKQwzUrcibzZsm1Sm9TVgzxA9G7bAYszCaGJcALMpump,25350.6,3030.8,3302.55,8310.57,2,0,2,1,2,400,20000
101,So11111111111111111111111111111111111111112-J1ow1c3ExcJYQmgNFRPfCp1LMYRf6P3A33isDcBmpump,WSOL-ZODs,WSOL,So11111111111111111111111111111111111111112,ZODs,J1ow1c3ExcJYQmgNFRPfCp1LMYRf6P3A33isDcBmpump,105852.57,3050.67,46502.12,106060.27,1,5,6,1,2,400,20000
102,So11111111111111111111111111111111111111112-Agentfk87X48g37uPprEZaQtizDvnSQVeTqVjAtmbhd3,WSOL-$SOULS,WSOL,So11111111111111111111111111111111111111112,$SOULS,Agentfk87X48g37uPprEZaQtizDvnSQVeTqVjAtmbhd3,46226.92,3132.81,5214.71,26298.1,1,9,10,1,2,400,20000
103,So11111111111111111111111111111111111111112-7M9KJcPNC65ShLDmJmTNhVFcuY95Y1VMeYngKgt67D1t,WSOL-r/snoofi,WSOL,So11111111111111111111111111111111111111112,r/snoofi,7M9KJcPNC65ShLDmJmTNhVFcuY95Y1VMeYngKgt67D1t,162847.82,3217.86,29586.0,385697.26,2,16,18,1,2,400,20000
104,6DSqVXg9WLTWgz6LACqxN757QdHe1sCqkUfojWmxWtok-So11111111111111111111111111111111111111112,CORN-WSOL,CORN,6DSqVXg9WLTWgz6LACqxN757QdHe1sCqkUfojWmxWtok,WSOL,So11111111111111111111111111111111111111112,88566.28,3227.11,14505.92,48077.09,1,4,5,1,2,400,20000
105,So11111111111111111111111111111111111111112-on1ymEH2bpWnhkten2jibzDVhaxJ8RpyWYwS61aQ7M4,WSOL-ONLYBLINK,WSOL,So11111111111111111111111111111111111111112,ONLYBLINK,on1ymEH2bpWnhkten2jibzDVhaxJ8RpyWYwS61aQ7M4,58755.21,3364.27,10793.91,21938.33,1,8,9,1,2,400,20000
106,So11111111111111111111111111111111111111112-DexxZWtZd8hdmeth9gKYXgTWa1VYdMVrWFBZ9RXXXhBn,WSOL-Kekec,WSOL,So11111111111111111111111111111111111111112,Kekec,DexxZWtZd8hdmeth9gKYXgTWa1VYdMVrWFBZ9RXXXhBn,24345.06,3427.45,23867.25,85250.86,3,3,6,1,2,400,20000
107,So11111111111111111111111111111111111111112-CXcWiHFDM1J8RHfAuzor1YGSk6BxGKFY5kstjUZjpump,WSOL-NGNF,WSOL,So11111111111111111111111111111111111111112,NGNF,CXcWiHFDM1J8RHfAuzor1YGSk6BxGKFY5kstjUZjpump,133745.98,3437.7,9966.14,356514.9,3,0,3,1,2,400,20000
108,So11111111111111111111111111111111111111112-DriFtupJYLTosbwoN8koMbEYSx54aFAVLddWsbksjwg7,WSOL-DRIFT,WSOL,So11111111111111111111111111111111111111112,DRIFT,DriFtupJYLTosbwoN8koMbEYSx54aFAVLddWsbksjwg7,25476.4,3484.48,19781.63,118854.78,1,20,21,1,2,400,20000
109,So11111111111111111111111111111111111111112-BYMCXiiA4om347ChR4t6bYHzkKJwnULLAg72BeDdpump,WSOL-LORE,WSOL,So11111111111111111111111111111111111111112,LORE,BYMCXiiA4om347ChR4t6bYHzkKJwnULLAg72BeDdpump,35186.07,3515.93,263860.13,272566.5,2,0,2,1,2,400,20000
110,ENoD8J2J6wNHkcJkvVBkwq5JMiR1oNBfBZRkoHCQogyT-So11111111111111111111111111111111111111112,AABL-WSOL,AABL,ENoD8J2J6wNHkcJkvVBkwq5JMiR1oNBfBZRkoHCQogyT,WSOL,So11111111111111111111111111111111111111112,62824.1,3517.91,20347.67,102656.75,1,5,6,1,2,400,20000
111,So11111111111111111111111111111111111111112-G6haJithfeUgSghVpu1rDPCq2NFiYcJFHNpHEANbpump,WSOL-RM9000,WSOL,So11111111111111111111111111111111111111112,RM9000,G6haJithfeUgSghVpu1rDPCq2NFiYcJFHNpHEANbpump,119486.13,3523.48,30468.43,195256.6,1,9,10,1,2,400,20000
112,So11111111111111111111111111111111111111112-3t4yhNHfy5jZ9skJw9ZMRHvLJw1WUPouJ4TSxatTpump,WSOL-N2,WSOL,So11111111111111111111111111111111111111112,N2,3t4yhNHfy5jZ9skJw9ZMRHvLJw1WUPouJ4TSxatTpump,110954.47,3548.52,40867.27,307073.39,1,6,7,1,2,400,20000
113,So11111111111111111111111111111111111111112-AATECgWF4KjALbpgUXjabqFKHmdtjWdfdFNzCH3ipump,WSOL-ITMT,WSOL,So11111111111111111111111111111111111111112,ITMT,AATECgWF4KjALbpgUXjabqFKHmdtjWdfdFNzCH3ipump,128685.98,3572.23,21987.9,206641.5,1,3,4,1,2,400,20000
114,So11111111111111111111111111111111111111112-3UYS3XXYC9yWvNyBWFKqqb5w9YQfX65RQzoAKd8jEUCB,WSOL-WING,WSOL,So11111111111111111111111111111111111111112,WING,3UYS3XXYC9yWvNyBWFKqqb5w9YQfX65RQzoAKd8jEUCB,100651.5,3651.36,15955.98,191419.82,4,0,4,1,2,400,20000
115,MbetZheK6wDs22ftMat7PLiBtoXYBdrMHfpkKRihCYK-So11111111111111111111111111111111111111112,MBET-WSOL,MBET,MbetZheK6wDs22ftMat7PLiBtoXYBdrMHfpkKRihCYK,WSOL,So11111111111111111111111111111111111111112,44430.88,3724.73,11128.97,100162.82,2,0,2,1,2,400,20000
116,So11111111111111111111111111111111111111112-AXGmqhcKcPC4bC7vNpxGtu5oEwoEEnyeQUdw9YwYWF1q,WSOL-URKO,WSOL,So11111111111111111111111111111111111111112,URKO,AXGmqhcKcPC4bC7vNpxGtu5oEwoEEnyeQUdw9YwYWF1q,45732.51,3758.21,22629.17,135876.82,3,0,3,1,2,400,20000
117,So11111111111111111111111111111111111111112-8J6CexwfJ8CSzn2DgWhzQe1NHd2hK9DKX59FCNNMo2hu,WSOL-MINIDOGE,WSOL,So11111111111111111111111111111111111111112,MINIDOGE,8J6CexwfJ8CSzn2DgWhzQe1NHd2hK9DKX59FCNNMo2hu,95021.06,3778.74,37675.81,247019.3,2,0,2,1,2,400,20000
118,So11111111111111111111111111111111111111112-92crE7qiX5T7VtiXhCeagfo1E81UtyguiXM7qCi7pump,WSOL-create,WSOL,So11111111111111111111111111111111111111112,create,92crE7qiX5T7VtiXhCeagfo1E81UtyguiXM7qCi7pump,64177.91,3806.81,22333.19,61683.94,2,4,6,1,2,400,20000
119,So11111111111111111111111111111111111111112-ES1KLhatf4uiDs4Gt5MJkNMCKdYzcwaJnKWt5fTn1ca2,WSOL-BBC,WSOL,So11111111111111111111111111111111111111112,BBC,ES1KLhatf4uiDs4Gt5MJkNMCKdYzcwaJnKWt5fTn1ca2,39572.05,3954.22,23604.67,86481.62,1,2,3,1,2,400,20000
120,So11111111111111111111111111111111111111112-Em8WF6pg9FmKDy1dXkWhXxpgmfhj5Bes3ZCE8PCCJSHt,WSOL-SHRUB,WSOL,So11111111111111111111111111111111111111112,SHRUB,Em8WF6pg9FmKDy1dXkWhXxpgmfhj5Bes3ZCE8PCCJSHt,98398.98,4027.28,47602.5,287131.3,2,0,2,1,2,400,20000
121,So11111111111111111111111111111111111111112-3u4XvCjmTmQmcvjoxo1z8y3wnRdtnCuv6N9WkiE6FJvH,WSOL-FUNGI,WSOL,So11111111111111111111111111111111111111112,FUNGI,3u4XvCjmTmQmcvjoxo1z8y3wnRdtnCuv6N9WkiE6FJvH,87065.17,4078.61,15482.3,62338.66,1,1,2,1,2,400,20000
122,GENEtH5amGSi8kHAtQoezp1XEXwZJ8vcuePYnXdKrMYz-EPjFWdd5AufqSSqeM2qN1xzybapC8G4wEGGkZwyTDt1v,GENE-USDC,GENE,GENEtH5amGSi8kHAtQoezp1XEXwZJ8vcuePYnXdKrMYz,USDC,EPjFWdd5AufqSSqeM2qN1xzybapC8G4wEGGkZwyTDt1v,24938.64,4095.62,21756.7,142864.5,1,3,4,1,2,400,20000
123,EjJhYzvz2vhmZrq8fP7offFpeuTxdP1dWJuW1q6w8cHH-So11111111111111111111111111111111111111112,DIGICASH-WSOL,DIGICASH,EjJhYzvz2vhmZrq8fP7offFpeuTxdP1dWJuW1q6w8cHH,WSOL,So11111111111111111111111111111111111111112,20354.15,4212.11,70434.32,459548.99,1,3,4,1,2,400,20000
124,8CkiSHHJDHJV4LUoiRMLUhqG58cUkbyJRtcP4Z3mCXNf-So11111111111111111111111111111111111111112,POWSCHE-WSOL,POWSCHE,8CkiSHHJDHJV4LUoiRMLUhqG58cUkbyJRtcP4Z3mCXNf,WSOL,So11111111111111111111111111111111111111112,122015.59,4224.06,39413.21,229697.82,1,2,3,1,2,400,20000
125,5e41GfrQwTP74LgGt6WP9kw6xa1jQhAERCjnFKf74y52-So11111111111111111111111111111111111111112,VHS -WSOL,VHS ,5e41GfrQwTP74LgGt6WP9kw6xa1jQhAERCjnFKf74y52,WSOL,So11111111111111111111111111111111111111112,142118.75,4363.66,43498.97,243135.77,1,9,10,1,2,400,20000
126,So11111111111111111111111111111111111111112-7Yg9Lzgsvjy49mf3LdGyfmn2tT2rGBDUc77267SUpump,WSOL-300BAUD,WSOL,So11111111111111111111111111111111111111112,300BAUD,7Yg9Lzgsvjy49mf3LdGyfmn2tT2rGBDUc77267SUpump,75575.37,4437.79,13159.18,378104.1,1,11,12,1,2,400,20000
127,So11111111111111111111111111111111111111112-5pPkhLEJDMFDHUuE1wW5os5YJeyNUDVmih1DKgMFpB38,WSOL-Oracler,WSOL,So11111111111111111111111111111111111111112,Oracler,5pPkhLEJDMFDHUuE1wW5os5YJeyNUDVmih1DKgMFpB38,82150.64,4650.43,14035.52,597201.61,2,0,2,1,2,400,20000
128,So11111111111111111111111111111111111111112-6gh8b2mqUrVb6Ew8Mwt89tNyN9keCDNstzT5cdp5pump,WSOL-VOID,WSOL,So11111111111111111111111111111111111111112,VOID,6gh8b2mqUrVb6Ew8Mwt89tNyN9keCDNstzT5cdp5pump,75776.4,4751.9,12548.2,78472.39,2,0,2,1,2,400,20000
129,9cLx6w1fN6b67VxsGxaFaCTgQcNqsA51p4uMWdkgQqmC-So11111111111111111111111111111111111111112,BOYS-WSOL,BOYS,9cLx6w1fN6b67VxsGxaFaCTgQcNqsA51p4uMWdkgQqmC,WSOL,So11111111111111111111111111111111111111112,24350.26,4823.09,35029.72,38995.8,2,0,2,1,2,400,20000
130,So11111111111111111111111111111111111111112-4xieJTWvYfWGTdZYjxZNePjqGu74NexmcjLUpfFLVAPx,WSOL-CYB,WSOL,So11111111111111111111111111111111111111112,CYB,4xieJTWvYfWGTdZYjxZNePjqGu74NexmcjLUpfFLVAPx,39811.07,4858.82,27108.52,164365.69,2,3,5,1,2,400,20000
131,So11111111111111111111111111111111111111112-DwDtUqBZJtbRpdjsFw3N7YKB5epocSru25BGcVhfcYtg,WSOL-WORM,WSOL,So11111111111111111111111111111111111111112,WORM,DwDtUqBZJtbRpdjsFw3N7YKB5epocSru25BGcVhfcYtg,114331.66,4916.47,25349.11,71281.52,2,21,23,1,2,400,20000
132,So11111111111111111111111111111111111111112-GYKmdfcUmZVrqfcH1g579BGjuzSRijj3LBuwv79rpump,WSOL-wDOG,WSOL,So11111111111111111111111111111111111111112,wDOG,GYKmdfcUmZVrqfcH1g579BGjuzSRijj3LBuwv79rpump,264520.59,5132.58,54967.83,231243.0,2,15,17,1,2,400,20000
133,Av6qVigkb7USQyPXJkUvAEm4f599WTRvd75PUWBA9eNm-So11111111111111111111111111111111111111112,COST-WSOL,COST,Av6qVigkb7USQyPXJkUvAEm4f599WTRvd75PUWBA9eNm,WSOL,So11111111111111111111111111111111111111112,176340.41,5208.24,52677.69,185302.34,2,0,2,1,2,400,20000
134,So11111111111111111111111111111111111111112-8PVFdKx7fX1FmmoASfTu5CUPEWuD1WY73Z24UTgCpump,WSOL-MPUP,WSOL,So11111111111111111111111111111111111111112,MPUP,8PVFdKx7fX1FmmoASfTu5CUPEWuD1WY73Z24UTgCpump,57591.35,5239.29,16920.97,70758.2,1,4,5,1,2,400,20000
135,So11111111111111111111111111111111111111112-kH6hPcpdJqeMAATYU7W4rzqZuzYTkYr6QqGYTLkpump,WSOL-EDAS,WSOL,So11111111111111111111111111111111111111112,EDAS,kH6hPcpdJqeMAATYU7W4rzqZuzYTkYr6QqGYTLkpump,36720.48,5326.59,7936.49,13227.74,2,0,2,1,2,400,20000
136,So11111111111111111111111111111111111111112-2aWos2YsA6YjN5DHX77diRUx7SKMg7H1U8hqL2N1iy5o,WSOL-GRFT,WSOL,So11111111111111111111111111111111111111112,GRFT,2aWos2YsA6YjN5DHX77diRUx7SKMg7H1U8hqL2N1iy5o,65621.41,5326.7,16990.44,108012.24,2,2,4,1,2,400,20000
137,So11111111111111111111111111111111111111112-EWWDzCwq4UYW3ERTXbdgd6X6sdkKHFMJqRz1ZiFcpump,WSOL-FATHA,WSOL,So11111111111111111111111111111111111111112,FATHA,EWWDzCwq4UYW3ERTXbdgd6X6sdkKHFMJqRz1ZiFcpump,197790.34,5438.53,110919.97,611293.71,3,0,3,1,2,400,20000
138,So11111111111111111111111111111111111111112-CX9YDTED9TWgVXVoFy8JL9gSSAEWcTv4mzjLSv17LQsj,WSOL-DRUGS,WSOL,So11111111111111111111111111111111111111112,DRUGS,CX9YDTED9TWgVXVoFy8JL9gSSAEWcTv4mzjLSv17LQsj,45436.94,5454.17,27751.6,71966.27,3,0,3,1,2,400,20000
139,So11111111111111111111111111111111111111112-8xzoj8mVmXtBQm6d2euJGFPvQ2QsTV5R8cdexi2qpump,WSOL-MOE,WSOL,So11111111111111111111111111111111111111112,MOE,8xzoj8mVmXtBQm6d2euJGFPvQ2QsTV5R8cdexi2qpump,119342.77,5469.07,40082.37,98465.07,1,8,9,1,2,400,20000
140,So11111111111111111111111111111111111111112-9XS6ayT8aCaoH7tDmTgNyEXRLeVpgyHKtZk5xTXpump,WSOL-Mizuki,WSOL,So11111111111111111111111111111111111111112,Mizuki,9XS6ayT8aCaoH7tDmTgNyEXRLeVpgyHKtZk5xTXpump,86556.82,5518.54,41751.39,160700.29,1,11,12,1,2,400,20000
141,EWMfSJgDCE7CXDAYz3hbCaA7NsFHTnddySXx3shco2Hs-So11111111111111111111111111111111111111112,STASH-WSOL,STASH,EWMfSJgDCE7CXDAYz3hbCaA7NsFHTnddySXx3shco2Hs,WSOL,So11111111111111111111111111111111111111112,279018.35,5625.57,122009.66,175875.69,1,3,4,1,2,400,20000
142,So11111111111111111111111111111111111111112-ENTxR2RP8NtvhXzMNFCxE1HazzdV9x7SuZqGyAb4jdED,WSOL-ENT,WSOL,So11111111111111111111111111111111111111112,ENT,ENTxR2RP8NtvhXzMNFCxE1HazzdV9x7SuZqGyAb4jdED,290894.93,5651.25,24026.29,162657.58,4,0,4,1,2,400,20000
143,So11111111111111111111111111111111111111112-DqrcZRHM9JuCUhnLyaWF7rLLjxE5h3MbiG7iferUpump,WSOL-CATG,WSOL,So11111111111111111111111111111111111111112,CATG,DqrcZRHM9JuCUhnLyaWF7rLLjxE5h3MbiG7iferUpump,60248.32,5685.86,25314.37,88450.72,2,15,17,1,2,400,20000
144,So11111111111111111111111111111111111111112-2wUGjvMqXusgfzYP3Vj149bSM9MwTPLS4maxkdGfpump,WSOL-SOLENG,WSOL,So11111111111111111111111111111111111111112,SOLENG,2wUGjvMqXusgfzYP3Vj149bSM9MwTPLS4maxkdGfpump,86299.18,5726.9,49798.51,264860.36,1,5,6,1,2,400,20000
145,So11111111111111111111111111111111111111112-7uJrMsDN2Wxdc3VAq1iK9N5AHaTA7wUpbm1wqRonpump,WSOL-BETH,WSOL,So11111111111111111111111111111111111111112,BETH,7uJrMsDN2Wxdc3VAq1iK9N5AHaTA7wUpbm1wqRonpump,68949.95,5781.94,30861.58,402089.36,3,0,3,1,2,400,20000
146,So11111111111111111111111111111111111111112-zi87E9xtFPRQ2o9qqerFxUDQLZgEkHrhpHDxxZhYi9a,WSOL-SUPA,WSOL,So11111111111111111111111111111111111111112,SUPA,zi87E9xtFPRQ2o9qqerFxUDQLZgEkHrhpHDxxZhYi9a,59699.91,5862.62,32490.94,760838.87,1,10,11,1,2,400,20000
147,So11111111111111111111111111111111111111112-F7Hwf8ib5DVCoiuyGr618Y3gon429Rnd1r5F9R5upump,WSOL-WORK,WSOL,So11111111111111111111111111111111111111112,WORK,F7Hwf8ib5DVCoiuyGr618Y3gon429Rnd1r5F9R5upump,108238.44,5939.37,62332.26,267909.04,1,10,11,1,2,400,20000
148,E2BGnzHdJNUBtAVR7EyQMuEMHqgv65JL8J9ZyqyXUVvA-So11111111111111111111111111111111111111112,CHINA-WSOL,CHINA,E2BGnzHdJNUBtAVR7EyQMuEMHqgv65JL8J9ZyqyXUVvA,WSOL,So11111111111111111111111111111111111111112,89157.11,6086.25,61226.28,311790.28,1,4,5,1,2,400,20000
149,EJPtJEDogxzDbvM8qvAsqYbLmPj5n1vQeqoAzj9Yfv3q-So11111111111111111111111111111111111111112,-WSOL,,EJPtJEDogxzDbvM8qvAsqYbLmPj5n1vQeqoAzj9Yfv3q,WSOL,So11111111111111111111111111111111111111112,46772.34,6109.96,51687.96,250052.13,2,6,8,1,2,400,20000
150,So11111111111111111111111111111111111111112-7ZCm8WBN9aLa3o47SoYctU6iLdj7wkGG5SV2hE5CgtD5,WSOL-ELON,WSOL,So11111111111111111111111111111111111111112,ELON,7ZCm8WBN9aLa3o47SoYctU6iLdj7wkGG5SV2hE5CgtD5,164861.19,6199.42,94324.4,7241874.78,2,0,2,1,2,400,20000
151,AFE2hvmamdJ34kH3Jtb6g1nqmJU8sMMRVKJmE7D88h3g-So11111111111111111111111111111111111111112,MUTE-WSOL,MUTE,AFE2hvmamdJ34kH3Jtb6g1nqmJU8sMMRVKJmE7D88h3g,WSOL,So11111111111111111111111111111111111111112,32588.37,6227.6,74373.03,157157.74,2,0,2,1,2,400,20000
152,So11111111111111111111111111111111111111112-Fu4jQQpUnECSVQrVfeeVPpQpXQffM75LL328EJPtpump,WSOL-symx,WSOL,So11111111111111111111111111111111111111112,symx,Fu4jQQpUnECSVQrVfeeVPpQpXQffM75LL328EJPtpump,62799.93,6244.27,37359.21,96472.12,1,10,11,1,2,400,20000
153,So11111111111111111111111111111111111111112-9UNqoPEXXxEnEphmyYsZYdL5dnmAUtdiKRUchpnUF5Ph,WSOL-$WHISKEY,WSOL,So11111111111111111111111111111111111111112,$WHISKEY,9UNqoPEXXxEnEphmyYsZYdL5dnmAUtdiKRUchpnUF5Ph,237472.41,6306.91,57669.88,113388.06,2,0,2,1,2,400,20000
154,orairHM3Yw2PbTfCty1PXy7tEUx3uBMfjouNbm4KnRJ-So11111111111111111111111111111111111111112,JPOW-WSOL,JPOW,orairHM3Yw2PbTfCty1PXy7tEUx3uBMfjouNbm4KnRJ,WSOL,So11111111111111111111111111111111111111112,42956.47,6315.09,33165.86,90793.64,2,0,2,1,2,400,20000
155,9gwTegFJJErDpWJKjPfLr2g2zrE3nL1v5zpwbtsk3c6P-So11111111111111111111111111111111111111112,USEDCAR-WSOL,USEDCAR,9gwTegFJJErDpWJKjPfLr2g2zrE3nL1v5zpwbtsk3c6P,WSOL,So11111111111111111111111111111111111111112,182356.44,6490.61,34077.98,220592.89,2,4,6,1,2,400,20000
156,So11111111111111111111111111111111111111112-DHoadXCbf6TcadkcMGJ8kFRdDa2sXPQ1KrgodUDRpump,WSOL-CHIIKAWA,WSOL,So11111111111111111111111111111111111111112,CHIIKAWA,DHoadXCbf6TcadkcMGJ8kFRdDa2sXPQ1KrgodUDRpump,40764.71,6640.19,17729.76,104791.02,1,3,4,1,2,400,20000
157,So11111111111111111111111111111111111111112-8fZL148nnC168RAVCZh4PkjvMZmxMEfMLDhoziWVPnqf,WSOL-NiggaButt,WSOL,So11111111111111111111111111111111111111112,NiggaButt,8fZL148nnC168RAVCZh4PkjvMZmxMEfMLDhoziWVPnqf,203637.27,6678.67,100640.17,304355.74,2,0,2,1,2,400,20000
158,8PMJczfs9W8TDKiNBD85AuqxE8tWACCDeUwxpUeadL3j-So11111111111111111111111111111111111111112,CEICAT-WSOL,CEICAT,8PMJczfs9W8TDKiNBD85AuqxE8tWACCDeUwxpUeadL3j,WSOL,So11111111111111111111111111111111111111112,33130.0,6683.42,105363.33,109308.79,1,2,3,1,2,400,20000
159,3FoUAsGDbvTD6YZ4wVKJgTB76onJUKz7GPEBNiR5b8wc-EPjFWdd5AufqSSqeM2qN1xzybapC8G4wEGGkZwyTDt1v,CHEEMS-USDC,CHEEMS,3FoUAsGDbvTD6YZ4wVKJgTB76onJUKz7GPEBNiR5b8wc,USDC,EPjFWdd5AufqSSqeM2qN1xzybapC8G4wEGGkZwyTDt1v,61011.55,6883.37,33328.14,74303.4,2,0,2,1,2,400,20000
160,AVLhahDcDQ4m4vHM4ug63oh7xc8Jtk49Dm5hoe9Sazqr-EPjFWdd5AufqSSqeM2qN1xzybapC8G4wEGGkZwyTDt1v,SOLAMA-USDC,SOLAMA,AVLhahDcDQ4m4vHM4ug63oh7xc8Jtk49Dm5hoe9Sazqr,USDC,EPjFWdd5AufqSSqeM2qN1xzybapC8G4wEGGkZwyTDt1v,85959.02,7162.99,36370.06,78474.42,2,0,2,1,2,400,20000
161,degod39zqQWzpG6h4b7SJLLTCFE6FeZnZD8BwHBFxaN-So11111111111111111111111111111111111111112,DEGOD-WSOL,DEGOD,degod39zqQWzpG6h4b7SJLLTCFE6FeZnZD8BwHBFxaN,WSOL,So11111111111111111111111111111111111111112,704289.19,7328.9,47090.33,284890.45,2,11,13,1,2,400,20000
162,So11111111111111111111111111111111111111112-7M3gDRgozcumFsiTeXwjB8cYxpg7Q9R7rH7rkw2Fpump,WSOL-CRIME,WSOL,So11111111111111111111111111111111111111112,CRIME,7M3gDRgozcumFsiTeXwjB8cYxpg7Q9R7rH7rkw2Fpump,115671.03,7400.14,73424.24,211029.26,1,4,5,1,2,400,20000
163,So11111111111111111111111111111111111111112-EmBBhcqgm2acaXv9dXQFyDZDkhL4YMoWnGdHaMQJpump,WSOL-BWT,WSOL,So11111111111111111111111111111111111111112,BWT,EmBBhcqgm2acaXv9dXQFyDZDkhL4YMoWnGdHaMQJpump,113599.07,7797.64,60054.96,284864.67,1,11,12,1,2,400,20000
164,AuQaustGiaqxRvj2gtCdrd22PBzTn8kM3kEPEkZCtuDw-EPjFWdd5AufqSSqeM2qN1xzybapC8G4wEGGkZwyTDt1v,ADX-USDC,ADX,AuQaustGiaqxRvj2gtCdrd22PBzTn8kM3kEPEkZCtuDw,USDC,EPjFWdd5AufqSSqeM2qN1xzybapC8G4wEGGkZwyTDt1v,154902.2,7935.34,120178.87,796020.79,2,8,10,1,2,400,20000
165,piinKrjeiUVwhnXzsgNCV2aVGsBc4GwHQ9eCtkAgcTw-So11111111111111111111111111111111111111112,piin-WSOL,piin,piinKrjeiUVwhnXzsgNCV2aVGsBc4GwHQ9eCtkAgcTw,WSOL,So11111111111111111111111111111111111111112,67375.41,8032.43,34950.16,279587.61,3,0,3,1,2,400,20000
166,So11111111111111111111111111111111111111112-B8hCuoikV9gLeuwmTyhNdLbPnb5k3P77Q7WTtEM7pump,WSOL-HOLO,WSOL,So11111111111111111111111111111111111111112,HOLO,B8hCuoikV9gLeuwmTyhNdLbPnb5k3P77Q7WTtEM7pump,73009.99,8177.63,34131.85,135048.55,1,16,17,1,2,400,20000
167,So11111111111111111111111111111111111111112-GwKKPsJdY5oWMJ8RReWLcvb82KzW6FKy2bKoYW7kHr16,WSOL-LLD,WSOL,So11111111111111111111111111111111111111112,LLD,GwKKPsJdY5oWMJ8RReWLcvb82KzW6FKy2bKoYW7kHr16,505895.78,8344.99,135350.14,978008.47,4,0,4,1,2,400,20000
168,9EYScpiysGnEimnQPzazr7Jn9GVfxFYzgTEj85hV9L6U-So11111111111111111111111111111111111111112,tooker-WSOL,tooker,9EYScpiysGnEimnQPzazr7Jn9GVfxFYzgTEj85hV9L6U,WSOL,So11111111111111111111111111111111111111112,180082.86,8345.63,64422.11,216169.03,3,0,3,1,2,400,20000
169,So11111111111111111111111111111111111111112-89nnWMkWeF9LSJvAWcN2JFQfeWdDk6diKEckeToEU1hE,WSOL-sora,WSOL,So11111111111111111111111111111111111111112,sora,89nnWMkWeF9LSJvAWcN2JFQfeWdDk6diKEckeToEU1hE,83808.49,8452.65,40285.42,173418.91,2,9,11,1,2,400,20000
170,So11111111111111111111111111111111111111112-AshG5mHt4y4etsjhKFb2wA2rq1XZxKks1EPzcuXwpump,WSOL-Fullsend,WSOL,So11111111111111111111111111111111111111112,Fullsend,AshG5mHt4y4etsjhKFb2wA2rq1XZxKks1EPzcuXwpump,327851.56,8458.83,88296.24,1565983.31,2,12,14,1,2,400,20000
171,So11111111111111111111111111111111111111112-AuQaustGiaqxRvj2gtCdrd22PBzTn8kM3kEPEkZCtuDw,WSOL-ADX,WSOL,So11111111111111111111111111111111111111112,ADX,AuQaustGiaqxRvj2gtCdrd22PBzTn8kM3kEPEkZCtuDw,174024.41,8567.94,140825.14,835821.03,1,3,4,1,2,400,20000
172,So11111111111111111111111111111111111111112-XANDuUoVoUqniKkpcKhrxmvYJybpJvUxJLr21Gaj3Hx,WSOL-XAND,WSOL,So11111111111111111111111111111111111111112,XAND,XANDuUoVoUqniKkpcKhrxmvYJybpJvUxJLr21Gaj3Hx,183088.42,8709.42,21146.41,65250.33,3,0,3,1,2,400,20000
173,Bhu2wBWxfWkRJ6pFn5NodnEvMCqj9DLfCU5qMvt7pump-EPjFWdd5AufqSSqeM2qN1xzybapC8G4wEGGkZwyTDt1v,CHATOSHI-USDC,CHATOSHI,Bhu2wBWxfWkRJ6pFn5NodnEvMCqj9DLfCU5qMvt7pump,USDC,EPjFWdd5AufqSSqeM2qN1xzybapC8G4wEGGkZwyTDt1v,285655.19,8751.23,124316.98,233421.11,3,0,3,1,2,400,20000
174,So11111111111111111111111111111111111111112-3an8rhdepsLCya22af7qDBKPbdomw8K4iCHXaA2Gpump,WSOL-Quant,WSOL,So11111111111111111111111111111111111111112,Quant,3an8rhdepsLCya22af7qDBKPbdomw8K4iCHXaA2Gpump,384539.75,8845.58,121032.46,2322037.07,2,13,15,1,2,400,20000
175,So11111111111111111111111111111111111111112-9dLuVbJMd4ZpTpFgmaFHAGSsFwVjtcnzFWaLAA1expHg,WSOL-HEEHEE,WSOL,So11111111111111111111111111111111111111112,HEEHEE,9dLuVbJMd4ZpTpFgmaFHAGSsFwVjtcnzFWaLAA1expHg,222643.75,8868.19,76712.09,240708.96,3,0,3,1,2,400,20000
176,So11111111111111111111111111111111111111112-8vCAUbxejdtaxn6jnX5uaQTyTZLmXALg9u1bvFCAjtx7,WSOL-ZACK,WSOL,So11111111111111111111111111111111111111112,ZACK,8vCAUbxejdtaxn6jnX5uaQTyTZLmXALg9u1bvFCAjtx7,196480.59,9105.74,26156.74,227399.77,2,0,2,1,2,400,20000
177,So11111111111111111111111111111111111111112-8WnQQRbuEZ3CCDbH5MCVioBbw6o75NKANq9WdPhBDsWo,WSOL-coby,WSOL,So11111111111111111111111111111111111111112,coby,8WnQQRbuEZ3CCDbH5MCVioBbw6o75NKANq9WdPhBDsWo,150490.39,9198.13,48220.86,255672.89,2,12,14,1,2,400,20000
178,GTH3wG3NErjwcf7VGCoXEXkgXSHvYhx5gtATeeM5JAS1-So11111111111111111111111111111111111111112,WHALES-WSOL,WHALES,GTH3wG3NErjwcf7VGCoXEXkgXSHvYhx5gtATeeM5JAS1,WSOL,So11111111111111111111111111111111111111112,326238.49,9285.89,181276.18,385269.34,1,1,2,1,2,400,20000
179,So11111111111111111111111111111111111111112-HmAgiwjjP9CXqK5wQNsHKtjAt2CH3Kv8Q7xH5kGL2nqZ,WSOL-Barron,WSOL,So11111111111111111111111111111111111111112,Barron,HmAgiwjjP9CXqK5wQNsHKtjAt2CH3Kv8Q7xH5kGL2nqZ,147735.75,9325.54,60803.76,200879.42,2,0,2,1,2,400,20000
180,So11111111111111111111111111111111111111112-2KchKijPuwnwC92LPWVjFjRwB3WxKtzx9bbXZ7kRpump,WSOL-FUKU,WSOL,So11111111111111111111111111111111111111112,FUKU,2KchKijPuwnwC92LPWVjFjRwB3WxKtzx9bbXZ7kRpump,111872.33,9648.17,53170.09,289292.38,2,10,12,1,2,400,20000
181,So11111111111111111111111111111111111111112-ByXTsen3ftsd7SsqgXpSZqrEeoMV8Smhz1vox9j6pump,WSOL-SUCHIR,WSOL,So11111111111111111111111111111111111111112,SUCHIR,ByXTsen3ftsd7SsqgXpSZqrEeoMV8Smhz1vox9j6pump,96620.21,9664.29,107336.57,423298.6,1,18,19,1,2,400,20000
182,So11111111111111111111111111111111111111112-Fxm6tJ2khHbLVcSgnYUqg9FiBduVRLEvdQR67dvQ3eGp,WSOL-NAI,WSOL,So11111111111111111111111111111111111111112,NAI,Fxm6tJ2khHbLVcSgnYUqg9FiBduVRLEvdQR67dvQ3eGp,107290.46,9874.35,58964.99,122664.55,2,5,7,1,2,400,20000
183,So11111111111111111111111111111111111111112-8GQa5N9HJT5tW6vg3umYG5us1xHmiU948LfDihg2f8Vf,WSOL-APX,WSOL,So11111111111111111111111111111111111111112,APX,8GQa5N9HJT5tW6vg3umYG5us1xHmiU948LfDihg2f8Vf,112601.49,9883.05,28408.13,53566.88,2,0,2,1,2,400,20000
184,CQSPU12VppGZB7LeRkEaKzrRBzvo1LyA9mR2ydiwKHaL-So11111111111111111111111111111111111111112,YE-WSOL,YE,CQSPU12VppGZB7LeRkEaKzrRBzvo1LyA9mR2ydiwKHaL,WSOL,So11111111111111111111111111111111111111112,159456.93,10167.66,134553.12,4548409.83,1,8,9,1,2,400,20000
185,SAVEaeeqeXNKYb4Lyx28DkUms5gyZ76vGa6fCfdzWfK-EPjFWdd5AufqSSqeM2qN1xzybapC8G4wEGGkZwyTDt1v,SAVE-USDC,SAVE,SAVEaeeqeXNKYb4Lyx28DkUms5gyZ76vGa6fCfdzWfK,USDC,EPjFWdd5AufqSSqeM2qN1xzybapC8G4wEGGkZwyTDt1v,144207.56,10173.56,262797.11,301699.5,2,2,4,1,2,400,20000
186,So11111111111111111111111111111111111111112-tqrRt3AsuGa3aYYSvABMDrPJEWVzpAnh3p6LxXGpump,WSOL-ponzi,WSOL,So11111111111111111111111111111111111111112,ponzi,tqrRt3AsuGa3aYYSvABMDrPJEWVzpAnh3p6LxXGpump,108726.56,10298.26,70707.59,557899.76,1,5,6,1,2,400,20000
187,So11111111111111111111111111111111111111112-7yn2PRbB96TgcCkkMK4zD6vvMth6Co5B5Nma6XvPpump,WSOL-Thales,WSOL,So11111111111111111111111111111111111111112,Thales,7yn2PRbB96TgcCkkMK4zD6vvMth6Co5B5Nma6XvPpump,77708.74,10408.39,30924.79,362049.8,2,7,9,1,2,400,20000
188,Fm9rHUTF5v3hwMLbStjZXqNBBoZyGriQaFM6sTFz3K8A-EPjFWdd5AufqSSqeM2qN1xzybapC8G4wEGGkZwyTDt1v,MBS-USDC,MBS,Fm9rHUTF5v3hwMLbStjZXqNBBoZyGriQaFM6sTFz3K8A,USDC,EPjFWdd5AufqSSqeM2qN1xzybapC8G4wEGGkZwyTDt1v,76264.36,10522.2,57303.68,244976.54,2,0,2,1,2,400,20000
189,So11111111111111111111111111111111111111112-2HHgCLfKA5Rd1Fn9xAxfYzS3XoR5NnuxKDYz2EmWpump,WSOL-SBR,WSOL,So11111111111111111111111111111111111111112,SBR,2HHgCLfKA5Rd1Fn9xAxfYzS3XoR5NnuxKDYz2EmWpump,149563.71,10593.32,76026.57,278995.14,1,9,10,1,2,400,20000
190,So11111111111111111111111111111111111111112-6QSVGUEyBZWRshnXKhS96NQ97vGWiTu61SyHLAbYpump,WSOL-KACY,WSOL,So11111111111111111111111111111111111111112,KACY,6QSVGUEyBZWRshnXKhS96NQ97vGWiTu61SyHLAbYpump,138277.82,10839.47,57876.58,267287.5,1,17,18,1,2,400,20000
191,So11111111111111111111111111111111111111112-G3EDZoS49NRVKP8X1HggHZJueJeR8d2izUHeXdV3pump,WSOL-ASSCOIN,WSOL,So11111111111111111111111111111111111111112,ASSCOIN,G3EDZoS49NRVKP8X1HggHZJueJeR8d2izUHeXdV3pump,133818.98,10885.71,74158.91,698180.59,1,5,6,1,2,400,20000
192,poLisWXnNRwC6oBu1vHiuKQzFjGL4XDSu4g9qjz9qVk-EPjFWdd5AufqSSqeM2qN1xzybapC8G4wEGGkZwyTDt1v,POLIS-USDC,POLIS,poLisWXnNRwC6oBu1vHiuKQzFjGL4XDSu4g9qjz9qVk,USDC,EPjFWdd5AufqSSqeM2qN1xzybapC8G4wEGGkZwyTDt1v,50193.77,10886.01,79127.45,402466.64,1,2,3,1,2,400,20000
193,So11111111111111111111111111111111111111112-61yG5LCoeoqzBdopXPy6BsVPTGdRXht95L68hj5ipump,WSOL-SANDY,WSOL,So11111111111111111111111111111111111111112,SANDY,61yG5LCoeoqzBdopXPy6BsVPTGdRXht95L68hj5ipump,115415.69,10965.03,40297.34,222129.08,1,7,8,1,2,400,20000
194,So11111111111111111111111111111111111111112-Gh8yeA9vH5Fun7J6esFH3mV65cQTBpxk9Z5XpzU7pump,WSOL-RHUN,WSOL,So11111111111111111111111111111111111111112,RHUN,Gh8yeA9vH5Fun7J6esFH3mV65cQTBpxk9Z5XpzU7pump,104205.73,11031.32,46511.28,134895.92,1,7,8,1,2,400,20000
195,So11111111111111111111111111111111111111112-CwsQd329uL1ccxT3my2EJCEsciT1CUfk2BUmPF8Ppump,WSOL-DATAWITCH,WSOL,So11111111111111111111111111111111111111112,DATAWITCH,CwsQd329uL1ccxT3my2EJCEsciT1CUfk2BUmPF8Ppump,38484.39,11032.51,29175.39,47669.99,1,6,7,1,2,400,20000
196,CckLtcfEtsYzg8sUrVBBrFKt16iExpvEurc1dhKmmoon-So11111111111111111111111111111111111111112,T3AI-WSOL,T3AI,CckLtcfEtsYzg8sUrVBBrFKt16iExpvEurc1dhKmmoon,WSOL,So11111111111111111111111111111111111111112,173870.36,11350.91,140619.78,1329741.42,1,15,16,1,2,400,20000
197,So11111111111111111111111111111111111111112-6rUT1GmuuTr6pK8bW3hb9SZDVyDd9GfRTaAe8VV8pump,WSOL-RHD,WSOL,So11111111111111111111111111111111111111112,RHD,6rUT1GmuuTr6pK8bW3hb9SZDVyDd9GfRTaAe8VV8pump,70363.61,11474.99,84233.03,124107.84,1,3,4,1,2,400,20000
198,So11111111111111111111111111111111111111112-788ucb6esrNwVxHzcpKjSakXvJWe2Ygw3QtHVwrUpump,WSOL-Canada,WSOL,So11111111111111111111111111111111111111112,Canada,788ucb6esrNwVxHzcpKjSakXvJWe2Ygw3QtHVwrUpump,22006.47,11650.4,12799.36,48020.44,2,3,5,1,2,400,20000
199,So11111111111111111111111111111111111111112-73UdJevxaNKXARgkvPHQGKuv8HCZARszuKW2LTL3pump,WSOL-ZARA,WSOL,So11111111111111111111111111111111111111112,ZARA,73UdJevxaNKXARgkvPHQGKuv8HCZARszuKW2LTL3pump,216103.98,11725.82,102748.9,477115.27,1,12,13,1,2,400,20000
200,So11111111111111111111111111111111111111112-4AdDFsG1xzz1L7zKGo2fbiqv256Z92u8uCcJCgYuTBLo,WSOL-TJRM,WSOL,So11111111111111111111111111111111111111112,TJRM,4AdDFsG1xzz1L7zKGo2fbiqv256Z92u8uCcJCgYuTBLo,163306.3,11733.36,69165.0,537838.84,4,0,4,1,2,400,20000
201,METAewgxyPbgwsseH8T16a39CQ5VyVxZi9zXiDPY18m-EPjFWdd5AufqSSqeM2qN1xzybapC8G4wEGGkZwyTDt1v,MPLX-USDC,MPLX,METAewgxyPbgwsseH8T16a39CQ5VyVxZi9zXiDPY18m,USDC,EPjFWdd5AufqSSqeM2qN1xzybapC8G4wEGGkZwyTDt1v,233614.19,11875.37,76592.21,235025.39,2,3,5,1,2,400,20000
202,2Zaq3WyDJj2ZkMcuqUiTBfAXCjqZtqihxcwUdwv9dyHA-So11111111111111111111111111111111111111112,PEPE-WSOL,PEPE,2Zaq3WyDJj2ZkMcuqUiTBfAXCjqZtqihxcwUdwv9dyHA,WSOL,So11111111111111111111111111111111111111112,225479.32,11913.02,83216.02,306491.26,1,5,6,1,2,400,20000
203,3pGyE8coXwBy8rx71zjtHDRrSA5TvKmuRgqwhK3Xmoon-So11111111111111111111111111111111111111112,CHADETTE-WSOL,CHADETTE,3pGyE8coXwBy8rx71zjtHDRrSA5TvKmuRgqwhK3Xmoon,WSOL,So11111111111111111111111111111111111111112,403276.11,11921.02,186707.28,2173546.31,2,0,2,1,2,400,20000
204,So11111111111111111111111111111111111111112-69G8CpUVZAxbPMiEBrfCCCH445NwFxH6PzVL693Xpump,WSOL-xavier,WSOL,So11111111111111111111111111111111111111112,xavier,69G8CpUVZAxbPMiEBrfCCCH445NwFxH6PzVL693Xpump,143724.01,11998.48,150179.48,558982.16,3,6,9,1,2,400,20000
205,So11111111111111111111111111111111111111112-7d5uLATMiAoRC1n9yNc7VCrhx44H6bjEzDx7Gxuhpump,WSOL-SSR,WSOL,So11111111111111111111111111111111111111112,SSR,7d5uLATMiAoRC1n9yNc7VCrhx44H6bjEzDx7Gxuhpump,124748.17,12010.22,74049.32,412460.94,3,0,3,1,2,400,20000
206,So11111111111111111111111111111111111111112-3HfLqhtF5hR5dyBXh6BMtRaTm9qzStvEGuMa8Gx6pump,WSOL-buidl,WSOL,So11111111111111111111111111111111111111112,buidl,3HfLqhtF5hR5dyBXh6BMtRaTm9qzStvEGuMa8Gx6pump,150437.1,12130.1,149873.2,1140106.28,1,4,5,1,2,400,20000
207,So11111111111111111111111111111111111111112-7UN8WkBumTUCofVPXCPjNWQ6msQhzrg9tFQRP48Nmw5V,WSOL-xencat,WSOL,So11111111111111111111111111111111111111112,xencat,7UN8WkBumTUCofVPXCPjNWQ6msQhzrg9tFQRP48Nmw5V,149309.38,12277.46,111358.43,307893.89,2,0,2,1,2,400,20000
208,So11111111111111111111111111111111111111112-361pUXTPohPEgcnCVm7DUvNziizK37gVxLN3cw9Vpump,WSOL-CHORUZ,WSOL,So11111111111111111111111111111111111111112,CHORUZ,361pUXTPohPEgcnCVm7DUvNziizK37gVxLN3cw9Vpump,80867.15,12704.39,44952.3,173557.54,1,4,5,1,2,400,20000
209,So11111111111111111111111111111111111111112-62CsquahdQ3J286G9UTqV6whxryfihdV4yg7kSJnpump,WSOL-BGG1,WSOL,So11111111111111111111111111111111111111112,BGG1,62CsquahdQ3J286G9UTqV6whxryfihdV4yg7kSJnpump,216090.37,12881.85,85911.08,302616.3,1,14,15,1,2,400,20000
210,GinNabffZL4fUj9Vactxha74GDAW8kDPGaHqMtMzps2f-So11111111111111111111111111111111111111112,GINNAN-WSOL,GINNAN,GinNabffZL4fUj9Vactxha74GDAW8kDPGaHqMtMzps2f,WSOL,So11111111111111111111111111111111111111112,163275.22,12895.06,45450.24,249302.6,2,8,10,1,2,400,20000
211,So11111111111111111111111111111111111111112-9m3nh7YDoF1WSYpNxCjKVU8D1MrXsWRic4HqRaTdcTYB,WSOL-EIC,WSOL,So11111111111111111111111111111111111111112,EIC,9m3nh7YDoF1WSYpNxCjKVU8D1MrXsWRic4HqRaTdcTYB,54284.02,13018.03,66813.71,6159656.48,1,8,9,1,2,400,20000
212,So11111111111111111111111111111111111111112-5ZMUboLJUeneKouqrqu4jeLE68vX68ehE5qprV3Upump,WSOL-TIRED,WSOL,So11111111111111111111111111111111111111112,TIRED,5ZMUboLJUeneKouqrqu4jeLE68vX68ehE5qprV3Upump,179286.73,13040.35,169330.68,1560982.5,2,0,2,1,2,400,20000
213,So11111111111111111111111111111111111111112-7KuFdcfzbc3LLoRHNRWfW1dhbPNzuCv41hyYbfSUpump,WSOL-TDS,WSOL,So11111111111111111111111111111111111111112,TDS,7KuFdcfzbc3LLoRHNRWfW1dhbPNzuCv41hyYbfSUpump,64846.7,13370.71,105529.77,195734.77,2,6,8,1,2,400,20000
214,So11111111111111111111111111111111111111112-3MyaQBG7y3SHLQZa282Jh2xtB2TZKHGzNp1CuZ4Cpump,WSOL-Qude,WSOL,So11111111111111111111111111111111111111112,Qude,3MyaQBG7y3SHLQZa282Jh2xtB2TZKHGzNp1CuZ4Cpump,123028.65,13499.72,55231.17,226981.41,1,12,13,1,2,400,20000
215,So11111111111111111111111111111111111111112-J2bUGZDxRDpsVfjZqKwn6yYCUKFmqzHgt8UajhGtpump,WSOL-∅,WSOL,So11111111111111111111111111111111111111112,∅,J2bUGZDxRDpsVfjZqKwn6yYCUKFmqzHgt8UajhGtpump,66035.57,13648.56,72122.39,447791.85,1,5,6,1,2,400,20000
216,DeaKMzAeZja3Mh5okZE6WUvygLP3Lfuvm6Rg78HqXTz9-So11111111111111111111111111111111111111112,SOLNIC-WSOL,SOLNIC,DeaKMzAeZja3Mh5okZE6WUvygLP3Lfuvm6Rg78HqXTz9,WSOL,So11111111111111111111111111111111111111112,446817.86,13781.6,156395.17,746474.25,3,0,3,1,2,400,20000
217,So11111111111111111111111111111111111111112-APoM2sXUzdRHTkUjXSsdUheX1wPPdP4HFLotmtRNMU8P,WSOL-rot,WSOL,So11111111111111111111111111111111111111112,rot,APoM2sXUzdRHTkUjXSsdUheX1wPPdP4HFLotmtRNMU8P,81856.63,13913.91,32052.17,154474.61,1,9,10,1,2,400,20000
218,26KMQVgDUoB6rEfnJ51yAABWWJND8uMtpnQgsHQ64Udr-So11111111111111111111111111111111111111112,HAMMY-WSOL,HAMMY,26KMQVgDUoB6rEfnJ51yAABWWJND8uMtpnQgsHQ64Udr,WSOL,So11111111111111111111111111111111111111112,290540.26,14083.01,97420.82,513320.0,1,18,19,1,2,400,20000
219,So11111111111111111111111111111111111111112-8CzPPqenpfRXvjE5DHfE3kMDgJhHwWZ1WXRzs44KsamW,WSOL-YAPSTER,WSOL,So11111111111111111111111111111111111111112,YAPSTER,8CzPPqenpfRXvjE5DHfE3kMDgJhHwWZ1WXRzs44KsamW,331260.91,14390.22,167673.4,777813.54,2,5,7,1,2,400,20000
220,So11111111111111111111111111111111111111112-CTgiaZUK12kCcB8sosn4Nt2NZtzLgtPqDwyQyr2syATC,WSOL-BITCOIN,WSOL,So11111111111111111111111111111111111111112,BITCOIN,CTgiaZUK12kCcB8sosn4Nt2NZtzLgtPqDwyQyr2syATC,238276.67,14490.18,96996.79,444329.0,1,4,5,1,2,400,20000
221,So11111111111111111111111111111111111111112-AHdVQs56QpEEkRx6m8yiYYEiqM2sKjQxVd6mGH12pump,WSOL-FatCat,WSOL,So11111111111111111111111111111111111111112,FatCat,AHdVQs56QpEEkRx6m8yiYYEiqM2sKjQxVd6mGH12pump,434999.2,14531.89,62884.23,193561.81,3,0,3,1,2,400,20000
222,So11111111111111111111111111111111111111112-GqmEdRD3zGUZdYPeuDeXxCc8Cj1DBmGSYK97TCwSpump,WSOL-e/acc,WSOL,So11111111111111111111111111111111111111112,e/acc,GqmEdRD3zGUZdYPeuDeXxCc8Cj1DBmGSYK97TCwSpump,171651.3,15276.23,53058.87,1313803.32,1,8,9,1,2,400,20000
223,So11111111111111111111111111111111111111112-GACpABn18xqiSJbD9ZEyArJDT9RHRMUut5nK9Z9Spump,WSOL-TRENCH,WSOL,So11111111111111111111111111111111111111112,TRENCH,GACpABn18xqiSJbD9ZEyArJDT9RHRMUut5nK9Z9Spump,162941.1,15827.54,82542.05,514208.19,1,4,5,1,2,400,20000
224,So11111111111111111111111111111111111111112-GwkEDwePTa6aFosh9xzAniGK1zvLrQ5yPJfLnqwmuyhG,WSOL-HYPERSKIDS,WSOL,So11111111111111111111111111111111111111112,HYPERSKIDS,GwkEDwePTa6aFosh9xzAniGK1zvLrQ5yPJfLnqwmuyhG,69662.34,15912.43,302533.44,2039028.19,1,10,11,1,2,400,20000
225,So11111111111111111111111111111111111111112-8tdzC7mFKhmfPg3KdSBafHqH7jgi3CvKomfj3Hhupump,WSOL-TgMetrics,WSOL,So11111111111111111111111111111111111111112,TgMetrics,8tdzC7mFKhmfPg3KdSBafHqH7jgi3CvKomfj3Hhupump,75904.75,16367.8,72436.82,340743.85,2,0,2,1,2,400,20000
226,So11111111111111111111111111111111111111112-5qsZAnWuR7vMJbiznrJEY2ddVqZXjNYmFvR3eXSxpump,WSOL-Focai,WSOL,So11111111111111111111111111111111111111112,Focai,5qsZAnWuR7vMJbiznrJEY2ddVqZXjNYmFvR3eXSxpump,50629.76,16573.37,100384.8,389121.52,2,12,14,1,2,400,20000
227,So11111111111111111111111111111111111111112-BkVeSP2GsXV3AYoRJBSZTpFE8sXmcuGnRQcFgoWspump,WSOL-autism,WSOL,So11111111111111111111111111111111111111112,autism,BkVeSP2GsXV3AYoRJBSZTpFE8sXmcuGnRQcFgoWspump,165755.28,16722.93,78694.16,251015.66,2,6,8,1,2,400,20000
228,So11111111111111111111111111111111111111112-5DQSDg6SGkbsbykq4mQstpcL4d5raEHc6rY7LgBwpump,WSOL-lou,WSOL,So11111111111111111111111111111111111111112,lou,5DQSDg6SGkbsbykq4mQstpcL4d5raEHc6rY7LgBwpump,266167.5,16799.69,245470.92,753651.38,1,13,14,1,2,400,20000
229,RAPRz9fd87y9qcBGj1VVqUbbUM6DaBggSDA58zc3N2b-EPjFWdd5AufqSSqeM2qN1xzybapC8G4wEGGkZwyTDt1v,RAPR-USDC,RAPR,RAPRz9fd87y9qcBGj1VVqUbbUM6DaBggSDA58zc3N2b,USDC,EPjFWdd5AufqSSqeM2qN1xzybapC8G4wEGGkZwyTDt1v,130562.76,16819.84,185048.54,1547921.74,2,0,2,1,2,400,20000
230,So11111111111111111111111111111111111111112-AbrMJWfDVRZ2EWCQ1xSCpoVeVgZNpq1U2AoYG98oRXfn,WSOL-Cheese,WSOL,So11111111111111111111111111111111111111112,Cheese,AbrMJWfDVRZ2EWCQ1xSCpoVeVgZNpq1U2AoYG98oRXfn,115969.42,16893.38,73636.18,382310.45,1,7,8,1,2,400,20000
231,So11111111111111111111111111111111111111112-EmhVWGUa2Q9PN4QjzFjvuVyzFKg4s3ERwjKR9dQDpump,WSOL-DTF,WSOL,So11111111111111111111111111111111111111112,DTF,EmhVWGUa2Q9PN4QjzFjvuVyzFKg4s3ERwjKR9dQDpump,202621.86,17723.12,554818.11,1006478.53,2,5,7,1,2,400,20000
232,So11111111111111111111111111111111111111112-GorvUUSkJGSzJUebM5W6berUkZ5pG8nmnn7tmk74pump,WSOL-ZAILGO,WSOL,So11111111111111111111111111111111111111112,ZAILGO,GorvUUSkJGSzJUebM5W6berUkZ5pG8nmnn7tmk74pump,199473.75,17919.22,180887.38,394430.65,2,10,12,1,2,400,20000
233,So11111111111111111111111111111111111111112-DL9sLSN488yMbots3wsbzHZ3UpKSkM42kr1y13CPpump,WSOL-Bob,WSOL,So11111111111111111111111111111111111111112,Bob,DL9sLSN488yMbots3wsbzHZ3UpKSkM42kr1y13CPpump,28514.57,17969.29,23803.39,95460.2,1,6,7,1,2,400,20000
234,So11111111111111111111111111111111111111112-7iagMTDPfNSR5zVcERT1To7A9eaQoz58dJAh42EMHcCC,WSOL-YAKUB,WSOL,So11111111111111111111111111111111111111112,YAKUB,7iagMTDPfNSR5zVcERT1To7A9eaQoz58dJAh42EMHcCC,158506.93,18294.26,83576.57,321389.19,2,0,2,1,2,400,20000
235,So11111111111111111111111111111111111111112-62mETtNRaVY5iNsJr5YexsbVg1uyyoLwtoWLSnjApump,WSOL-Stoic,WSOL,So11111111111111111111111111111111111111112,Stoic,62mETtNRaVY5iNsJr5YexsbVg1uyyoLwtoWLSnjApump,111252.1,18990.53,163198.11,341222.2,1,8,9,1,2,400,20000
236,3psH1Mj1f7yUfaD5gh6Zj7epE8hhrMkMETgv5TshQA4o-So11111111111111111111111111111111111111112,boden-WSOL,boden,3psH1Mj1f7yUfaD5gh6Zj7epE8hhrMkMETgv5TshQA4o,WSOL,So11111111111111111111111111111111111111112,441231.21,19112.31,630734.9,1269949.27,2,16,18,1,2,400,20000
237,So11111111111111111111111111111111111111112-AxDKAyDsC7p8C5MeDFX6FKV2MPCSGwzkRfGY2qZZpump,WSOL-NOVA,WSOL,So11111111111111111111111111111111111111112,NOVA,AxDKAyDsC7p8C5MeDFX6FKV2MPCSGwzkRfGY2qZZpump,170801.87,19446.07,186844.97,1108781.92,2,0,2,1,2,400,20000
238,MM8o3Sk58NufoS8Zds7MYTC1LcStfCaqinN5T2pdNtp-So11111111111111111111111111111111111111112,ETFS-WSOL,ETFS,MM8o3Sk58NufoS8Zds7MYTC1LcStfCaqinN5T2pdNtp,WSOL,So11111111111111111111111111111111111111112,167820.16,19574.51,80982.37,444265.37,5,0,5,1,2,400,20000
239,So11111111111111111111111111111111111111112-4HBQm2EhdpUWZkTYxttxNDnsoWi5beRAGWHpjVo8pump,WSOL-CAT,WSOL,So11111111111111111111111111111111111111112,CAT,4HBQm2EhdpUWZkTYxttxNDnsoWi5beRAGWHpjVo8pump,154096.28,19990.66,113719.51,1030535.59,2,0,2,1,2,400,20000
240,So11111111111111111111111111111111111111112-Gp8GVGPc8QCe4Jn6ryG5YKokG5bjKycATEzqpeyspump,WSOL-KEKE,WSOL,So11111111111111111111111111111111111111112,KEKE,Gp8GVGPc8QCe4Jn6ryG5YKokG5bjKycATEzqpeyspump,192594.73,20655.57,148104.33,633158.0,1,7,8,1,2,400,20000
241,So11111111111111111111111111111111111111112-4ytpZgVoNB66bFs6NRCUaAVsLdtYk2fHq4U92Jnjpump,WSOL-BTW,WSOL,So11111111111111111111111111111111111111112,BTW,4ytpZgVoNB66bFs6NRCUaAVsLdtYk2fHq4U92Jnjpump,121689.61,20956.13,79150.65,119652.16,2,0,2,1,2,400,20000
242,So11111111111111111111111111111111111111112-8cNmp9T2CMQRNZhNRoeSvr57LDf1kbZ42SvgsSWfpump,WSOL-JAIL,WSOL,So11111111111111111111111111111111111111112,JAIL,8cNmp9T2CMQRNZhNRoeSvr57LDf1kbZ42SvgsSWfpump,181357.56,21809.68,143596.31,281542.68,2,15,17,1,2,400,20000
243,So11111111111111111111111111111111111111112-FFgfStKwuF3DSxEeogA69FNkPrkb7XDA5Tw29TBEpump,WSOL-GNZ,WSOL,So11111111111111111111111111111111111111112,GNZ,FFgfStKwuF3DSxEeogA69FNkPrkb7XDA5Tw29TBEpump,43777.42,21833.4,60199.8,252838.23,1,13,14,1,2,400,20000
244,So11111111111111111111111111111111111111112-7oBYdEhV4GkXC19ZfgAvXpJWp2Rn9pm1Bx2cVNxFpump,WSOL-CAR,WSOL,So11111111111111111111111111111111111111112,CAR,7oBYdEhV4GkXC19ZfgAvXpJWp2Rn9pm1Bx2cVNxFpump,839143.32,21966.46,150308.02,1138502.75,3,26,29,1,2,400,20000
245,KMNo3nJsBXfcpJTVhZcXLW7RmTwTt4GVFE7suUBo9sS-So11111111111111111111111111111111111111112,KMNO-WSOL,KMNO,KMNo3nJsBXfcpJTVhZcXLW7RmTwTt4GVFE7suUBo9sS,WSOL,So11111111111111111111111111111111111111112,164998.17,22196.24,121723.37,1000838.23,2,15,17,1,2,400,20000
246,85VBFQZC9TZkfaptBWjvUw7YbZjy52A6mjtPGjstQAmQ-EPjFWdd5AufqSSqeM2qN1xzybapC8G4wEGGkZwyTDt1v,W-USDC,W,85VBFQZC9TZkfaptBWjvUw7YbZjy52A6mjtPGjstQAmQ,USDC,EPjFWdd5AufqSSqeM2qN1xzybapC8G4wEGGkZwyTDt1v,211614.53,22478.98,211846.21,848824.78,1,19,20,1,2,400,20000
247,So11111111111111111111111111111111111111112-FSTRgYfDaudjDwFg5A9LQpDMq5vxqhskHq4rkjUMwERE,WSOL-FSTR,WSOL,So11111111111111111111111111111111111111112,FSTR,FSTRgYfDaudjDwFg5A9LQpDMq5vxqhskHq4rkjUMwERE,35325.81,22772.88,167014.47,369228.54,1,9,10,1,2,400,20000
248,FYa25XnBsXQXAdTnsyKBKd5gZ1VZhChBRF57CqfRxJZX-So11111111111111111111111111111111111111112,monk-WSOL,monk,FYa25XnBsXQXAdTnsyKBKd5gZ1VZhChBRF57CqfRxJZX,WSOL,So11111111111111111111111111111111111111112,155191.18,22992.15,75033.09,205734.37,2,8,10,1,2,400,20000
249,So11111111111111111111111111111111111111112-G8Vy25NzjRmuQtnN35xF7j3X2Z1TrV39XijZu8Mg4w8n,WSOL-COOK,WSOL,So11111111111111111111111111111111111111112,COOK,G8Vy25NzjRmuQtnN35xF7j3X2Z1TrV39XijZu8Mg4w8n,120087.88,23174.76,80872.65,952109.38,2,0,2,1,2,400,20000
250,So11111111111111111111111111111111111111112-7JA5eZdCzztSfQbJvS8aVVxMFfd81Rs9VvwnocV1mKHu,WSOL-GEOD,WSOL,So11111111111111111111111111111111111111112,GEOD,7JA5eZdCzztSfQbJvS8aVVxMFfd81Rs9VvwnocV1mKHu,203860.25,23388.46,141911.91,1258103.83,1,3,4,1,2,400,20000
251,So11111111111111111111111111111111111111112-FAFxVxnkzZHMCodkWyoccgUNgVScqMw2mhhQBYDFjFAF,WSOL-FAF,WSOL,So11111111111111111111111111111111111111112,FAF,FAFxVxnkzZHMCodkWyoccgUNgVScqMw2mhhQBYDFjFAF,267126.77,24459.84,194854.56,1208636.26,1,4,5,1,2,400,20000
252,So11111111111111111111111111111111111111112-EfgEGG9PxLhyk1wqtqgGnwgfVC7JYic3vC9BCWLvpump,WSOL-GYAT,WSOL,So11111111111111111111111111111111111111112,GYAT,EfgEGG9PxLhyk1wqtqgGnwgfVC7JYic3vC9BCWLvpump,345530.99,24894.64,1350203.36,2169828.87,1,14,15,1,2,400,20000
253,So11111111111111111111111111111111111111112-2q8Y8rubbsaaA3faq8Ytsk382JXgtKdn23qjNXhSpump,WSOL-ROSS,WSOL,So11111111111111111111111111111111111111112,ROSS,2q8Y8rubbsaaA3faq8Ytsk382JXgtKdn23qjNXhSpump,373824.84,25269.6,79552.6,626335.48,4,12,16,1,2,400,20000
254,So11111111111111111111111111111111111111112-5KHQeeQvM4qBtmX3WnaCMGpM3Th7jYpqcHf3c6qzPodM,WSOL-SMOL,WSOL,So11111111111111111111111111111111111111112,SMOL,5KHQeeQvM4qBtmX3WnaCMGpM3Th7jYpqcHf3c6qzPodM,109189.97,25425.19,110123.5,154775.22,2,0,2,1,2,400,20000
255,So11111111111111111111111111111111111111112-1xdtu7y3LkkrVCAbm5KGKfYzq1qgKhxxk5AaJBqpump,WSOL-MNSRY,WSOL,So11111111111111111111111111111111111111112,MNSRY,1xdtu7y3LkkrVCAbm5KGKfYzq1qgKhxxk5AaJBqpump,537555.16,25795.93,832568.79,5711046.93,1,5,6,1,2,400,20000
256,3TWgDvYBL2YPET2LxnWAwsMeoA8aL4DutNuwat2pKCjC-So11111111111111111111111111111111111111112,KHAI-WSOL,KHAI,3TWgDvYBL2YPET2LxnWAwsMeoA8aL4DutNuwat2pKCjC,WSOL,So11111111111111111111111111111111111111112,235078.61,26348.74,159891.88,395340.31,3,12,15,1,2,400,20000
257,So11111111111111111111111111111111111111112-2KgAN8nLAU74wjiyKi85m4ZT6Z9MtqrUTGfse8Xapump,WSOL-SHEGEN,WSOL,So11111111111111111111111111111111111111112,SHEGEN,2KgAN8nLAU74wjiyKi85m4ZT6Z9MtqrUTGfse8Xapump,213317.09,26780.46,128369.37,436549.6,3,10,13,1,2,400,20000
258,7dHbWXmci3dT8UFYWYZweBLXgycu7Y3iL6trKn1Y7ARj-EPjFWdd5AufqSSqeM2qN1xzybapC8G4wEGGkZwyTDt1v,stSOL-USDC,stSOL,7dHbWXmci3dT8UFYWYZweBLXgycu7Y3iL6trKn1Y7ARj,USDC,EPjFWdd5AufqSSqeM2qN1xzybapC8G4wEGGkZwyTDt1v,432150.87,27935.2,167798.58,1196180.03,3,0,3,1,2,400,20000
259,So11111111111111111111111111111111111111112-CXPLyc3EX8WySgEXLbjhuA7vy8EKQokVJYQuJm2jpump,WSOL-SENTAI,WSOL,So11111111111111111111111111111111111111112,SENTAI,CXPLyc3EX8WySgEXLbjhuA7vy8EKQokVJYQuJm2jpump,134750.72,28210.5,60740.62,211336.23,2,8,10,1,2,400,20000
260,So11111111111111111111111111111111111111112-8bdhP1UQMevciC9oJ7NrvgDfoW8XPXPfbkkm6vKtMS7N,WSOL-SPORE,WSOL,So11111111111111111111111111111111111111112,SPORE,8bdhP1UQMevciC9oJ7NrvgDfoW8XPXPfbkkm6vKtMS7N,225338.86,28227.28,181033.97,342865.27,2,13,15,1,2,400,20000
261,AZsHEMXd36Bj1EMNXhowJajpUXzrKcK57wW4ZGXVa7yR-EPjFWdd5AufqSSqeM2qN1xzybapC8G4wEGGkZwyTDt1v,GUAC-USDC,GUAC,AZsHEMXd36Bj1EMNXhowJajpUXzrKcK57wW4ZGXVa7yR,USDC,EPjFWdd5AufqSSqeM2qN1xzybapC8G4wEGGkZwyTDt1v,318754.86,28846.68,186789.48,974389.45,2,8,10,1,2,400,20000
262,So11111111111111111111111111111111111111112-7mHCx9iXPJ7EJDbDAUGmej39Kme8cxZfeVi1EAvEpump,WSOL-BIGBALLS,WSOL,So11111111111111111111111111111111111111112,BIGBALLS,7mHCx9iXPJ7EJDbDAUGmej39Kme8cxZfeVi1EAvEpump,174235.74,29159.07,143709.16,2113308.87,2,14,16,1,2,400,20000
263,So11111111111111111111111111111111111111112-ts3foLrNUMvwdVeit1oNeLWjYk7e4qsn8PqSsqRpump,WSOL-ANTIRUG,WSOL,So11111111111111111111111111111111111111112,ANTIRUG,ts3foLrNUMvwdVeit1oNeLWjYk7e4qsn8PqSsqRpump,136678.39,29165.86,132646.33,552561.06,2,11,13,1,2,400,20000
264,So11111111111111111111111111111111111111112-GxdTh6udNstGmLLk9ztBb6bkrms7oLbrJp5yzUaVpump,WSOL-scihub,WSOL,So11111111111111111111111111111111111111112,scihub,GxdTh6udNstGmLLk9ztBb6bkrms7oLbrJp5yzUaVpump,308030.41,29261.46,198167.85,1507974.29,2,11,13,1,2,400,20000
265,So11111111111111111111111111111111111111112-5drB44YYwNVE6RyxZyRRLbDyEAHgdhkJVgsgc7P6pump,WSOL-NORDO,WSOL,So11111111111111111111111111111111111111112,NORDO,5drB44YYwNVE6RyxZyRRLbDyEAHgdhkJVgsgc7P6pump,147996.7,29266.39,195322.48,1053386.29,1,1,2,1,2,400,20000
266,KQijDbNJ6rPCqhtXrfH6gKa5cH3a39At8vHq34nnPbF-So11111111111111111111111111111111111111112,DOGE-WSOL,DOGE,KQijDbNJ6rPCqhtXrfH6gKa5cH3a39At8vHq34nnPbF,WSOL,So11111111111111111111111111111111111111112,148121.48,29544.45,141335.08,640878.37,2,0,2,1,2,400,20000
267,So11111111111111111111111111111111111111112-EqeEBGHQhQy6SqeaJcnqAsNs3qaG19sdF89Xsarpump,WSOL-TRUST,WSOL,So11111111111111111111111111111111111111112,TRUST,EqeEBGHQhQy6SqeaJcnqAsNs3qaG19sdF89Xsarpump,256784.83,30056.56,156867.27,427947.59,2,8,10,1,2,400,20000
268,So11111111111111111111111111111111111111112-275FUEyp5o7TWo1dCDYJyprb4o2WBcxEQsvmt816pump,WSOL-AAA,WSOL,So11111111111111111111111111111111111111112,AAA,275FUEyp5o7TWo1dCDYJyprb4o2WBcxEQsvmt816pump,111640.18,30789.36,120700.57,301490.29,2,0,2,1,2,400,20000
269,Faf89929Ni9fbg4gmVZTca7eW6NFg877Jqn6MizT3Gvw-So11111111111111111111111111111111111111112,WOLF-WSOL,WOLF,Faf89929Ni9fbg4gmVZTca7eW6NFg877Jqn6MizT3Gvw,WSOL,So11111111111111111111111111111111111111112,467169.52,31422.22,140823.42,453988.93,2,0,2,1,2,400,20000
270,So11111111111111111111111111111111111111112-8vSwZHKP5WJ8ov6awAntB31Kuyh6NYVwi3qmyZsiivRE,WSOL-S&P500,WSOL,So11111111111111111111111111111111111111112,S&P500,8vSwZHKP5WJ8ov6awAntB31Kuyh6NYVwi3qmyZsiivRE,76939.35,32187.16,352435.03,1151836.28,2,0,2,1,2,400,20000
271,So11111111111111111111111111111111111111112-SonicxvLud67EceaEzCLRnMTBqzYUUYNr93DBkBdDES,WSOL-SONIC,WSOL,So11111111111111111111111111111111111111112,SONIC,SonicxvLud67EceaEzCLRnMTBqzYUUYNr93DBkBdDES,57178.45,32389.01,223807.9,1925182.26,3,31,34,1,2,400,20000
272,LSZmgFnezyfSyWW5xn6dc8fC253cnwYTGgf1TZLGapE-So11111111111111111111111111111111111111112,DEFAPE-WSOL,DEFAPE,LSZmgFnezyfSyWW5xn6dc8fC253cnwYTGgf1TZLGapE,WSOL,So11111111111111111111111111111111111111112,47215.14,33461.84,128119.46,594416.59,1,2,3,1,2,400,20000
273,So11111111111111111111111111111111111111112-BXNGghGbqrt2PcM3Y2Une5fD4kbU6VVSPC4uPjf8pump,WSOL-FYBN,WSOL,So11111111111111111111111111111111111111112,FYBN,BXNGghGbqrt2PcM3Y2Une5fD4kbU6VVSPC4uPjf8pump,189693.36,34462.16,109227.03,220496.31,3,0,3,1,2,400,20000
274,So11111111111111111111111111111111111111112-Di4B2JSRykk27QcD9oe9sjqff1kTW4mf23bfDePwEKLu,WSOL-PXL,WSOL,So11111111111111111111111111111111111111112,PXL,Di4B2JSRykk27QcD9oe9sjqff1kTW4mf23bfDePwEKLu,38877.93,34649.03,291585.88,407124.81,3,0,3,1,2,400,20000
275,49ztDWXk7qEfz8Y1t8owmhLhewiA3ptVNPpRGAjRd8Wh-So11111111111111111111111111111111111111112,NYAN-WSOL,NYAN,49ztDWXk7qEfz8Y1t8owmhLhewiA3ptVNPpRGAjRd8Wh,WSOL,So11111111111111111111111111111111111111112,97685.88,35072.86,176030.09,305257.23,2,5,7,1,2,400,20000
276,So11111111111111111111111111111111111111112-9Yt5tHLFB2Uz1yg3cyEpTN4KTSWhiGpKxXPJ8HX3hat,WSOL-KWANT,WSOL,So11111111111111111111111111111111111111112,KWANT,9Yt5tHLFB2Uz1yg3cyEpTN4KTSWhiGpKxXPJ8HX3hat,97245.8,35834.51,121776.36,384191.02,1,7,8,1,2,400,20000
277,So11111111111111111111111111111111111111112-3MadWqcN9cSrULn8ikDnan9mF3znoQmBPXtVy6BfSTDB,WSOL-GrokCoin,WSOL,So11111111111111111111111111111111111111112,GrokCoin,3MadWqcN9cSrULn8ikDnan9mF3znoQmBPXtVy6BfSTDB,147628.17,35978.28,167590.38,2706344.1,1,15,16,1,2,400,20000
278,B9pmGiVoXPyPKFViY6se32qtRGX85qv4mYB7Gp1os4w4-So11111111111111111111111111111111111111112,RICKROLL-WSOL,RICKROLL,B9pmGiVoXPyPKFViY6se32qtRGX85qv4mYB7Gp1os4w4,WSOL,So11111111111111111111111111111111111111112,58812.25,36167.76,926460.2,968833.78,1,5,6,1,2,400,20000
279,HfMbPyDdZH6QMaDDUokjYCkHxzjoGBMpgaUvpLWGbF5p-So11111111111111111111111111111111111111112,PBTC-WSOL,PBTC,HfMbPyDdZH6QMaDDUokjYCkHxzjoGBMpgaUvpLWGbF5p,WSOL,So11111111111111111111111111111111111111112,259345.85,37073.28,202460.96,796809.66,2,12,14,1,2,400,20000
280,So11111111111111111111111111111111111111112-89S9RdgynPq5odSRmcCDAzg26iYuRw4wqUmzMbjUpump,WSOL-EKKO,WSOL,So11111111111111111111111111111111111111112,EKKO,89S9RdgynPq5odSRmcCDAzg26iYuRw4wqUmzMbjUpump,112047.48,37911.23,509140.69,1178176.1,1,6,7,1,2,400,20000
281,So11111111111111111111111111111111111111112-HaL8cPcEZgwLaCbwyf6aAPh7rhw7iHck22zFXSNjpump,WSOL-Claude,WSOL,So11111111111111111111111111111111111111112,Claude,HaL8cPcEZgwLaCbwyf6aAPh7rhw7iHck22zFXSNjpump,66661.84,38887.24,220383.52,242498.48,2,5,7,1,2,400,20000
282,EPjFWdd5AufqSSqeM2qN1xzybapC8G4wEGGkZwyTDt1v-Hg8bKz4mvs8KNj9zew1cEF9tDw1x2GViB4RFZjVEmfrD,USDC-,USDC,EPjFWdd5AufqSSqeM2qN1xzybapC8G4wEGGkZwyTDt1v,,Hg8bKz4mvs8KNj9zew1cEF9tDw1x2GViB4RFZjVEmfrD,389095.94,38981.05,304324.96,16679426.88,7,2,9,1,2,400,20000
283,So11111111111111111111111111111111111111112-4TBi66vi32S7J8X1A6eWfaLHYmUXu7CStcEmsJQdpump,WSOL-Ghibli,WSOL,So11111111111111111111111111111111111111112,Ghibli,4TBi66vi32S7J8X1A6eWfaLHYmUXu7CStcEmsJQdpump,42609.86,39939.91,431272.22,17302827.69,2,19,21,1,2,400,20000
284,So11111111111111111111111111111111111111112-BoAQaykj3LtkM2Brevc7cQcRAzpqcsP47nJ2rkyopump,WSOL-FOREST,WSOL,So11111111111111111111111111111111111111112,FOREST,BoAQaykj3LtkM2Brevc7cQcRAzpqcsP47nJ2rkyopump,291640.59,40529.64,201850.91,780347.09,3,9,12,1,2,400,20000
285,So11111111111111111111111111111111111111112-HsNx7RirehVMy54xnFtcgCBPDMrwNnJKykageqdWpump,WSOL-daige,WSOL,So11111111111111111111111111111111111111112,daige,HsNx7RirehVMy54xnFtcgCBPDMrwNnJKykageqdWpump,210626.85,41154.28,272747.33,1899771.19,2,9,11,1,2,400,20000
286,So11111111111111111111111111111111111111112-9sbrLLnk4vxJajnZWXP9h5qk1NDFw7dz2eHjgemcpump,WSOL-Beenz,WSOL,So11111111111111111111111111111111111111112,Beenz,9sbrLLnk4vxJajnZWXP9h5qk1NDFw7dz2eHjgemcpump,210389.87,41199.12,327850.58,2400167.2,2,9,11,1,2,400,20000
287,ATLASXmbPQxBUYbxPsV97usA3fPQYEqzQBUHgiFCUsXx-EPjFWdd5AufqSSqeM2qN1xzybapC8G4wEGGkZwyTDt1v,ATLAS-USDC,ATLAS,ATLASXmbPQxBUYbxPsV97usA3fPQYEqzQBUHgiFCUsXx,USDC,EPjFWdd5AufqSSqeM2qN1xzybapC8G4wEGGkZwyTDt1v,129351.95,41690.21,297963.93,1297716.82,3,6,9,1,2,400,20000
288,GJgHsc1HU4ibmzW6oWQr8L2RRT95ATc1BoNuLkp94AwU-So11111111111111111111111111111111111111112,WBS-WSOL,WBS,GJgHsc1HU4ibmzW6oWQr8L2RRT95ATc1BoNuLkp94AwU,WSOL,So11111111111111111111111111111111111111112,356938.08,42072.42,362775.68,708591.72,2,0,2,1,2,400,20000
289,So11111111111111111111111111111111111111112-FLqmVrv6cp7icjobpRMQJMEyjF3kF84QmC4HXpySpump,WSOL-BUCK,WSOL,So11111111111111111111111111111111111111112,BUCK,FLqmVrv6cp7icjobpRMQJMEyjF3kF84QmC4HXpySpump,378226.48,42081.81,239618.81,2246470.14,2,13,15,1,2,400,20000
290,So11111111111111111111111111111111111111112-AUdUEc98MGfEHJiJfCgMaW8gKdcfNDio8BFzGKBwjztC,WSOL-Digi,WSOL,So11111111111111111111111111111111111111112,Digi,AUdUEc98MGfEHJiJfCgMaW8gKdcfNDio8BFzGKBwjztC,212001.65,42091.29,287401.92,2932879.3,2,14,16,1,2,400,20000
291,So11111111111111111111111111111111111111112-6D7NaB2xsLd7cauWu1wKk6KBsJohJmP2qZH9GEfVi5Ui,WSOL-SC,WSOL,So11111111111111111111111111111111111111112,SC,6D7NaB2xsLd7cauWu1wKk6KBsJohJmP2qZH9GEfVi5Ui,646685.31,43242.03,471088.13,2154669.67,1,13,14,1,2,400,20000
292,So11111111111111111111111111111111111111112-8fJCtfbuAaFzdwTnQP84nNhSpZdVy4Uc929eXZRBN8H4,WSOL-PHRZ,WSOL,So11111111111111111111111111111111111111112,PHRZ,8fJCtfbuAaFzdwTnQP84nNhSpZdVy4Uc929eXZRBN8H4,1187018.29,45200.24,280546.11,1329736.86,3,1,4,1,2,400,20000
293,So11111111111111111111111111111111111111112-AaWVpk6eZbgBfVbq1UfXw3EXBmAvw4QXov1xHuG7pump,WSOL-TrenchAI,WSOL,So11111111111111111111111111111111111111112,TrenchAI,AaWVpk6eZbgBfVbq1UfXw3EXBmAvw4QXov1xHuG7pump,152980.24,46586.26,244246.5,461694.42,2,15,17,1,2,400,20000
294,BUhS5coXEt9hcxN3JSpGYUWSKbNo96RsKu52LcMo12rf-So11111111111111111111111111111111111111112,meow-WSOL,meow,BUhS5coXEt9hcxN3JSpGYUWSKbNo96RsKu52LcMo12rf,WSOL,So11111111111111111111111111111111111111112,1601395.07,47180.12,525859.7,8557844.72,2,0,2,1,2,400,20000
295,So11111111111111111111111111111111111111112-2G8LH53fcr3aCrEsmAo73eunbZRbyjKrGH5qmur6pump,WSOL-supercycle,WSOL,So11111111111111111111111111111111111111112,supercycle,2G8LH53fcr3aCrEsmAo73eunbZRbyjKrGH5qmur6pump,201534.88,50628.37,274471.79,792876.81,2,0,2,1,2,400,20000
296,So11111111111111111111111111111111111111112-4BBjpGwLgGmUxtT82YFK9xMhcvyy3zgf3HpxTRip1YoU,WSOL-Mundi,WSOL,So11111111111111111111111111111111111111112,Mundi,4BBjpGwLgGmUxtT82YFK9xMhcvyy3zgf3HpxTRip1YoU,345355.95,51298.69,1578291.37,1878491.12,2,5,7,1,2,400,20000
297,So11111111111111111111111111111111111111112-92cRC6kV5D7TiHX1j56AbkPbffo9jwcXxSDQZ8Mopump,WSOL-fxn,WSOL,So11111111111111111111111111111111111111112,fxn,92cRC6kV5D7TiHX1j56AbkPbffo9jwcXxSDQZ8Mopump,336521.0,51649.91,442424.35,1252270.31,2,6,8,1,2,400,20000
298,So11111111111111111111111111111111111111112-5XyKkFaJpAmsH4Tf2EFj3S61W3hC5cJhxNZQQ5h1pump,WSOL-Luigi,WSOL,So11111111111111111111111111111111111111112,Luigi,5XyKkFaJpAmsH4Tf2EFj3S61W3hC5cJhxNZQQ5h1pump,699686.12,51776.91,633016.03,5075015.29,4,18,22,1,2,400,20000
299,So11111111111111111111111111111111111111112-8tSeXYSXzFvaDX1nbWrEFFaFuPHuWqpzksKYxQPvpump,WSOL-VIBE,WSOL,So11111111111111111111111111111111111111112,VIBE,8tSeXYSXzFvaDX1nbWrEFFaFuPHuWqpzksKYxQPvpump,209122.8,52145.11,127646.51,482937.76,3,6,9,1,2,400,20000
300,So11111111111111111111111111111111111111112-A3vBwL3Pd6nkBqVo87D6TLWYG4ekWuDeqCoLFeyvRMcb,WSOL-SUMMIT,WSOL,So11111111111111111111111111111111111111112,SUMMIT,A3vBwL3Pd6nkBqVo87D6TLWYG4ekWuDeqCoLFeyvRMcb,217547.83,52307.78,276003.06,704824.19,2,0,2,1,2,400,20000
301,7fb49Wrtx5xksfzGxsa8Y1zV1CCyeimmysGYKkirzCUm-EPjFWdd5AufqSSqeM2qN1xzybapC8G4wEGGkZwyTDt1v,DAILYBET-USDC,DAILYBET,7fb49Wrtx5xksfzGxsa8Y1zV1CCyeimmysGYKkirzCUm,USDC,EPjFWdd5AufqSSqeM2qN1xzybapC8G4wEGGkZwyTDt1v,220961.35,52517.49,246086.21,809596.63,2,0,2,1,2,400,20000
302,So11111111111111111111111111111111111111112-DNMTk67urDBxEEVRx9HjVzCVu8en4Kgg5HfZy3E6pump,WSOL-ASYM,WSOL,So11111111111111111111111111111111111111112,ASYM,DNMTk67urDBxEEVRx9HjVzCVu8en4Kgg5HfZy3E6pump,306097.37,52545.84,637266.21,1101081.33,1,7,8,1,2,400,20000
303,EhkDgP8e5sz16AFCWUCYJzVug1zvpDLTEHxH4WAFpBFA-So11111111111111111111111111111111111111112,X-WSOL,X,EhkDgP8e5sz16AFCWUCYJzVug1zvpDLTEHxH4WAFpBFA,WSOL,So11111111111111111111111111111111111111112,234176.06,53317.05,300192.32,2053363.89,2,0,2,1,2,400,20000
304,So11111111111111111111111111111111111111112-Foot4fxy8CHxM37W8BeHwK6aLd8VH2yHTFu43KCxbCqc,WSOL-BIG,WSOL,So11111111111111111111111111111111111111112,BIG,Foot4fxy8CHxM37W8BeHwK6aLd8VH2yHTFu43KCxbCqc,279152.31,54037.1,427484.76,1669673.06,3,0,3,1,2,400,20000
305,So11111111111111111111111111111111111111112-yLUD35WTiPLEY6DUqEj5W2JVXF2DfKB5arPkKJXpump,WSOL-APY,WSOL,So11111111111111111111111111111111111111112,APY,yLUD35WTiPLEY6DUqEj5W2JVXF2DfKB5arPkKJXpump,260061.12,54628.8,316818.42,1021472.49,1,10,11,1,2,400,20000
306,So11111111111111111111111111111111111111112-5SRer48NRfmhsut1n4ZwSAVUJAErNjdKcXTMVaxdpump,WSOL-GARY,WSOL,So11111111111111111111111111111111111111112,GARY,5SRer48NRfmhsut1n4ZwSAVUJAErNjdKcXTMVaxdpump,96687.55,56165.55,187493.95,560950.61,1,2,3,1,2,400,20000
307,A3eME5CetyZPBoWbRUwY3tSe25S6tb18ba9ZPbWk9eFJ-So11111111111111111111111111111111111111112,PENG-WSOL,PENG,A3eME5CetyZPBoWbRUwY3tSe25S6tb18ba9ZPbWk9eFJ,WSOL,So11111111111111111111111111111111111111112,431381.79,56912.07,478154.55,1263788.49,2,0,2,1,2,400,20000
308,rndrizKT3MK1iimdxRdWabcF7Zg7AR5T4nud4EkHBof-EPjFWdd5AufqSSqeM2qN1xzybapC8G4wEGGkZwyTDt1v,RENDER-USDC,RENDER,rndrizKT3MK1iimdxRdWabcF7Zg7AR5T4nud4EkHBof,USDC,EPjFWdd5AufqSSqeM2qN1xzybapC8G4wEGGkZwyTDt1v,51209.57,57045.33,288759.45,2047657.83,1,8,9,1,2,400,20000
309,So11111111111111111111111111111111111111112-5XUUN5z1yBPEwoLztu4qMenmFe6GQnZptBFsnFnEpump,WSOL-WAVE,WSOL,So11111111111111111111111111111111111111112,WAVE,5XUUN5z1yBPEwoLztu4qMenmFe6GQnZptBFsnFnEpump,189560.0,57474.26,271916.58,734684.33,2,11,13,1,2,400,20000
310,So11111111111111111111111111111111111111112-6x29W6h2W7xCrTMYumDxxMdCajqhNfRV9ffzff5SGoLD,WSOL-SPARK,WSOL,So11111111111111111111111111111111111111112,SPARK,6x29W6h2W7xCrTMYumDxxMdCajqhNfRV9ffzff5SGoLD,59561.3,58174.54,558288.83,566296.68,1,1,2,1,2,400,20000
311,So11111111111111111111111111111111111111112-KFTSxPQxDV1wGjEvzKHWD7mG6e9TsMVq4eF4mQppump,WSOL-Duo,WSOL,So11111111111111111111111111111111111111112,Duo,KFTSxPQxDV1wGjEvzKHWD7mG6e9TsMVq4eF4mQppump,158540.44,59203.91,111272.5,1456277.7,2,13,15,1,2,400,20000
312,So11111111111111111111111111111111111111112-Zc4uJVrHC2APe9qKwBD11Gg4BbvQr3naM8f7Wiopump,WSOL-pep ,WSOL,So11111111111111111111111111111111111111112,pep ,Zc4uJVrHC2APe9qKwBD11Gg4BbvQr3naM8f7Wiopump,289229.07,59335.1,660768.6,7386480.77,3,15,18,1,2,400,20000
313,So11111111111111111111111111111111111111112-GhBPHgnNF99EThYxt4bxUfPX1hCPyAS72RCBgLjLpump,WSOL-ARIA,WSOL,So11111111111111111111111111111111111111112,ARIA,GhBPHgnNF99EThYxt4bxUfPX1hCPyAS72RCBgLjLpump,200088.02,59847.7,338965.01,1331287.96,1,1,2,1,2,400,20000
314,So11111111111111111111111111111111111111112-EQs4DEeaSyrhRPM6JPsf2ptLf4EHkcGXB7ybeufxpump,WSOL-saint,WSOL,So11111111111111111111111111111111111111112,saint,EQs4DEeaSyrhRPM6JPsf2ptLf4EHkcGXB7ybeufxpump,164993.21,61094.21,2661915.59,4114010.26,2,0,2,1,2,400,20000
315,So11111111111111111111111111111111111111112-8AS9yeGsAwvTs9gCDKMmB2MgX8NiSvv4uppH61yqpump,WSOL-$horny,WSOL,So11111111111111111111111111111111111111112,$horny,8AS9yeGsAwvTs9gCDKMmB2MgX8NiSvv4uppH61yqpump,197243.38,61252.15,754604.04,4275741.8,1,6,7,1,2,400,20000
316,So11111111111111111111111111111111111111112-BP8RUdhLKBL2vgVXc3n7oTSZKWaQVbD8S6QcPaMVBAPo,WSOL-FAFO,WSOL,So11111111111111111111111111111111111111112,FAFO,BP8RUdhLKBL2vgVXc3n7oTSZKWaQVbD8S6QcPaMVBAPo,346325.72,61336.14,401985.58,5321649.08,2,28,30,1,2,400,20000
317,So11111111111111111111111111111111111111112-BfdVHnbt9LSNAFCZU9kvTjbrH3jX78sv2siLKGQ7pump,WSOL-koto,WSOL,So11111111111111111111111111111111111111112,koto,BfdVHnbt9LSNAFCZU9kvTjbrH3jX78sv2siLKGQ7pump,352355.17,61715.39,211478.03,890112.62,2,5,7,1,2,400,20000
318,SENDdRQtYMWaQrBroBrJ2Q53fgVuq95CV9UPGEvpCxa-So11111111111111111111111111111111111111112,SEND-WSOL,SEND,SENDdRQtYMWaQrBroBrJ2Q53fgVuq95CV9UPGEvpCxa,WSOL,So11111111111111111111111111111111111111112,189582.91,63844.06,459341.05,1395804.11,1,28,29,1,2,400,20000
319,So11111111111111111111111111111111111111112-2RBko3xoz56aH69isQMUpzZd9NYHahhwC23A5F3Spkin,WSOL-PKIN,WSOL,So11111111111111111111111111111111111111112,PKIN,2RBko3xoz56aH69isQMUpzZd9NYHahhwC23A5F3Spkin,720734.6,68564.52,493617.3,2194463.11,2,24,26,1,2,400,20000
320,So11111111111111111111111111111111111111112-9bNUjxEvygayUE2ZRN5zh9Hhjh6cN6GPK4zoHzXXpump,WSOL-MOSS,WSOL,So11111111111111111111111111111111111111112,MOSS,9bNUjxEvygayUE2ZRN5zh9Hhjh6cN6GPK4zoHzXXpump,175601.25,69561.09,284590.13,1403355.38,2,9,11,1,2,400,20000
321,So11111111111111111111111111111111111111112-HHoXk7WursT9DLBBhHzBWBbuQkfvvoNyHKpJi61mpump,WSOL-TNSR,WSOL,So11111111111111111111111111111111111111112,TNSR,HHoXk7WursT9DLBBhHzBWBbuQkfvvoNyHKpJi61mpump,238320.49,71636.55,473418.81,1296195.99,1,13,14,1,2,400,20000
322,So11111111111111111111111111111111111111112-GmbC2HgWpHpq9SHnmEXZNT5e1zgcU9oASDqbAkGTpump,WSOL-CATANA,WSOL,So11111111111111111111111111111111111111112,CATANA,GmbC2HgWpHpq9SHnmEXZNT5e1zgcU9oASDqbAkGTpump,268861.7,71846.4,365053.12,1261542.49,2,9,11,1,2,400,20000
323,So11111111111111111111111111111111111111112-71AZt4P5kc5vpfTJR1HjNbMzD84G7vxam4DtL3kJpump,WSOL-blormmy,WSOL,So11111111111111111111111111111111111111112,blormmy,71AZt4P5kc5vpfTJR1HjNbMzD84G7vxam4DtL3kJpump,472966.35,72169.92,407173.69,808779.47,1,7,8,1,2,400,20000
324,So11111111111111111111111111111111111111112-AsyfR3e5JcPqWot4H5MMhQUm7DZ4zwQrcp2zbB7vpump,WSOL-IQ,WSOL,So11111111111111111111111111111111111111112,IQ,AsyfR3e5JcPqWot4H5MMhQUm7DZ4zwQrcp2zbB7vpump,382089.98,72376.0,509241.69,1845981.39,1,16,17,1,2,400,20000
325,madHpjRn6bd8t78Rsy7NuSuNwWa2HU8ByPobZprHbHv-So11111111111111111111111111111111111111112,MAD-WSOL,MAD,madHpjRn6bd8t78Rsy7NuSuNwWa2HU8ByPobZprHbHv,WSOL,So11111111111111111111111111111111111111112,462359.84,72399.6,269104.18,1214305.68,2,0,2,1,2,400,20000
326,So11111111111111111111111111111111111111112-6TcoT3vcexjsMuuLvS9DhBUrVVcoqBMHEppQGQLMpump,WSOL-BNTY,WSOL,So11111111111111111111111111111111111111112,BNTY,6TcoT3vcexjsMuuLvS9DhBUrVVcoqBMHEppQGQLMpump,239655.79,73119.93,361561.05,744786.64,1,8,9,1,2,400,20000
327,FU1q8vJpZNUrmqsciSjp8bAKKidGsLmouB8CBdf8TKQv-So11111111111111111111111111111111111111112,tremp-WSOL,tremp,FU1q8vJpZNUrmqsciSjp8bAKKidGsLmouB8CBdf8TKQv,WSOL,So11111111111111111111111111111111111111112,786687.34,73550.19,261483.15,565684.0,2,0,2,1,2,400,20000
328,So11111111111111111111111111111111111111112-HhCLbkW6FwhriTkk81W8tYstsRCLUu6Y7Je1SQjVpump,WSOL-KIKI,WSOL,So11111111111111111111111111111111111111112,KIKI,HhCLbkW6FwhriTkk81W8tYstsRCLUu6Y7Je1SQjVpump,394517.76,74124.93,282724.43,1579430.98,2,8,10,1,2,400,20000
329,So11111111111111111111111111111111111111112-UCYaUNhgB2344N8Qpg4t712V9RHahcpTCejwXKspump,WSOL-mxyz,WSOL,So11111111111111111111111111111111111111112,mxyz,UCYaUNhgB2344N8Qpg4t712V9RHahcpTCejwXKspump,186376.2,74238.77,877131.7,3788260.08,1,10,11,1,2,400,20000
330,So11111111111111111111111111111111111111112-9qriMjPPAJTMCtfQnz7Mo9BsV2jAWTr2ff7yc3JWpump,WSOL-　,WSOL,So11111111111111111111111111111111111111112,　,9qriMjPPAJTMCtfQnz7Mo9BsV2jAWTr2ff7yc3JWpump,681679.04,76144.36,620105.56,3472793.31,1,17,18,1,2,400,20000
331,ULwSJmmpxmnRfpu6BjnK6rprKXqD5jXUmPpS1FxHXFy-So11111111111111111111111111111111111111112,HEGE-WSOL,HEGE,ULwSJmmpxmnRfpu6BjnK6rprKXqD5jXUmPpS1FxHXFy,WSOL,So11111111111111111111111111111111111111112,922116.64,76962.2,341879.22,1120959.95,2,7,9,1,2,400,20000
332,So11111111111111111111111111111111111111112-4JFcUJ1HfFKz2F8thdu2frk558EjrLvKEmeMq1ZM2xBP,WSOL-VNTR,WSOL,So11111111111111111111111111111111111111112,VNTR,4JFcUJ1HfFKz2F8thdu2frk558EjrLvKEmeMq1ZM2xBP,226425.85,77349.96,447620.88,2741236.78,2,0,2,1,2,400,20000
333,So11111111111111111111111111111111111111112-5UAMZkfNmuVcKzr2wo8Jqw4R1k8vfdAVJNN6h3bVpump,WSOL-LIMBO,WSOL,So11111111111111111111111111111111111111112,LIMBO,5UAMZkfNmuVcKzr2wo8Jqw4R1k8vfdAVJNN6h3bVpump,341482.83,77678.55,295361.71,1306258.73,2,9,11,1,2,400,20000
334,So11111111111111111111111111111111111111112-43VWkd99HjqkhFTZbWBpMpRhjG469nWa7x7uEsgSH7We,WSOL-STNK,WSOL,So11111111111111111111111111111111111111112,STNK,43VWkd99HjqkhFTZbWBpMpRhjG469nWa7x7uEsgSH7We,1056512.25,81488.84,576639.99,1935639.42,4,12,16,1,2,400,20000
335,So11111111111111111111111111111111111111112-BeGY8KqKxboEwRbJd1q9H2K829jS4Rc5dEyNMYXCbV5p,WSOL-NPC,WSOL,So11111111111111111111111111111111111111112,NPC,BeGY8KqKxboEwRbJd1q9H2K829jS4Rc5dEyNMYXCbV5p,820617.03,81511.82,503599.54,2740549.51,2,0,2,1,2,400,20000
336,So11111111111111111111111111111111111111112-GMzuntWYJLpNuCizrSR7ZXggiMdDzTNiEmSNHHunpump,WSOL-dreams,WSOL,So11111111111111111111111111111111111111112,dreams,GMzuntWYJLpNuCizrSR7ZXggiMdDzTNiEmSNHHunpump,351597.39,82505.43,468338.32,1768860.25,2,8,10,1,2,400,20000
337,So11111111111111111111111111111111111111112-9hfKxLSnwh4LhpRgmxBYDRgrKeYUgszMePKxuidPpump,WSOL-KIT,WSOL,So11111111111111111111111111111111111111112,KIT,9hfKxLSnwh4LhpRgmxBYDRgrKeYUgszMePKxuidPpump,239779.87,82605.41,467918.73,2544513.15,1,14,15,1,2,400,20000
338,So11111111111111111111111111111111111111112-FViMp5phQH2bX81S7Yyn1yXjj3BRddFBNcMCbTH8FCze,WSOL-$TOAD,WSOL,So11111111111111111111111111111111111111112,$TOAD,FViMp5phQH2bX81S7Yyn1yXjj3BRddFBNcMCbTH8FCze,282912.92,84741.97,249130.88,1097853.2,3,0,3,1,2,400,20000
339,So11111111111111111111111111111111111111112-7b36cKRYFZsMp3vLByVwfVQxW2ndcYth5rhPnyypump,WSOL-PINO,WSOL,So11111111111111111111111111111111111111112,PINO,7b36cKRYFZsMp3vLByVwfVQxW2ndcYth5rhPnyypump,474644.26,87410.61,1675922.25,2394194.04,1,20,21,1,2,400,20000
340,So11111111111111111111111111111111111111112-B89Hd5Juz7JP2dxCZXFJWk4tMTcbw7feDhuWGb3kq5qE,WSOL-NC,WSOL,So11111111111111111111111111111111111111112,NC,B89Hd5Juz7JP2dxCZXFJWk4tMTcbw7feDhuWGb3kq5qE,253038.96,89135.66,382713.96,1343723.85,2,23,25,1,2,400,20000
341,So11111111111111111111111111111111111111112-8NNXWrWVctNw1UFeaBypffimTdcLCcD8XJzHvYsmgwpF,WSOL-BRAINLET,WSOL,So11111111111111111111111111111111111111112,BRAINLET,8NNXWrWVctNw1UFeaBypffimTdcLCcD8XJzHvYsmgwpF,360599.96,89828.13,393595.4,4343690.48,5,22,27,1,2,400,20000
342,So11111111111111111111111111111111111111112-whispF7G9DHaojYHe2cdhRX5EMJzGBdqq7R57kL6inL,WSOL-WHISP,WSOL,So11111111111111111111111111111111111111112,WHISP,whispF7G9DHaojYHe2cdhRX5EMJzGBdqq7R57kL6inL,202309.55,90593.18,574347.85,2133751.17,3,9,12,1,2,400,20000
343,So11111111111111111111111111111111111111112-8YiB8B43EwDeSx5Jp91VQjgBU4mfCgVvyNahadtzpump,WSOL-Y2K,WSOL,So11111111111111111111111111111111111111112,Y2K,8YiB8B43EwDeSx5Jp91VQjgBU4mfCgVvyNahadtzpump,333610.06,90683.63,402791.32,2042682.98,1,5,6,1,2,400,20000
344,So11111111111111111111111111111111111111112-FQgtfugBdpFN7PZ6NdPrZpVLDBrPGxXesi4gVu3vErhY,WSOL-BMT,WSOL,So11111111111111111111111111111111111111112,BMT,FQgtfugBdpFN7PZ6NdPrZpVLDBrPGxXesi4gVu3vErhY,718497.64,91435.94,743109.63,3546952.89,1,7,8,1,2,400,20000
345,AVLhahDcDQ4m4vHM4ug63oh7xc8Jtk49Dm5hoe9Sazqr-So11111111111111111111111111111111111111112,SOLAMA-WSOL,SOLAMA,AVLhahDcDQ4m4vHM4ug63oh7xc8Jtk49Dm5hoe9Sazqr,WSOL,So11111111111111111111111111111111111111112,521358.06,91632.11,514464.17,1040329.85,2,2,4,1,2,400,20000
346,So11111111111111111111111111111111111111112-EoRe4xECTe9imaYtwfdmrGoinD2S1N5yMeu1LrjQpump,WSOL-MWOR,WSOL,So11111111111111111111111111111111111111112,MWOR,EoRe4xECTe9imaYtwfdmrGoinD2S1N5yMeu1LrjQpump,51823.53,92211.84,138066.35,1578631.3,2,0,2,1,2,400,20000
347,7JA5eZdCzztSfQbJvS8aVVxMFfd81Rs9VvwnocV1mKHu-EPjFWdd5AufqSSqeM2qN1xzybapC8G4wEGGkZwyTDt1v,GEOD-USDC,GEOD,7JA5eZdCzztSfQbJvS8aVVxMFfd81Rs9VvwnocV1mKHu,USDC,EPjFWdd5AufqSSqeM2qN1xzybapC8G4wEGGkZwyTDt1v,1432078.08,92389.33,428722.21,1872442.67,2,3,5,1,2,400,20000
348,So11111111111111111111111111111111111111112-DitHyRMQiSDhn5cnKMJV2CDDt6sVct96YrECiM49pump,WSOL-House,WSOL,So11111111111111111111111111111111111111112,House,DitHyRMQiSDhn5cnKMJV2CDDt6sVct96YrECiM49pump,35165.11,92457.09,338079.63,3850763.34,2,9,11,1,2,400,20000
349,So11111111111111111111111111111111111111112-HBoNJ5v8g71s2boRivrHnfSB5MVPLDHHyVjruPfhGkvL,WSOL-PURPE,WSOL,So11111111111111111111111111111111111111112,PURPE,HBoNJ5v8g71s2boRivrHnfSB5MVPLDHHyVjruPfhGkvL,835335.59,92562.7,479231.61,2703144.96,4,7,11,1,2,400,20000
350,Jambjx1oJoZNBZiqbiF9TqgatEZPdyfvYa9WVsKNzUh-So11111111111111111111111111111111111111112,J-WSOL,J,Jambjx1oJoZNBZiqbiF9TqgatEZPdyfvYa9WVsKNzUh,WSOL,So11111111111111111111111111111111111111112,840025.71,95049.99,689499.32,4036094.98,1,9,10,1,2,400,20000
351,Fch1oixTPri8zxBnmdCEADoJW2toyFHxqDZacQkwdvSP-So11111111111111111111111111111111111111112,HARAMBE-WSOL,HARAMBE,Fch1oixTPri8zxBnmdCEADoJW2toyFHxqDZacQkwdvSP,WSOL,So11111111111111111111111111111111111111112,782242.69,97526.33,622510.32,1755966.33,2,13,15,1,2,400,20000
352,So11111111111111111111111111111111111111112-FLJYGHpCCcfYUdzhcfHSeSd2peb5SMajNWaCsRnhpump,WSOL-STORE,WSOL,So11111111111111111111111111111111111111112,STORE,FLJYGHpCCcfYUdzhcfHSeSd2peb5SMajNWaCsRnhpump,229870.52,101762.82,548597.9,1106753.62,1,5,6,1,2,400,20000
353,So11111111111111111111111111111111111111112-4q3Z58YxrZEAVMLtMwnm7eHtodSD3LSpSNt3pDnqpump,WSOL-KOLIN,WSOL,So11111111111111111111111111111111111111112,KOLIN,4q3Z58YxrZEAVMLtMwnm7eHtodSD3LSpSNt3pDnqpump,486603.68,102518.31,801506.8,2135284.68,2,5,7,1,2,400,20000
354,6dKCoWjpj5MFU5gWDEFdpUUeBasBLK3wLEwhUzQPAa1e-EPjFWdd5AufqSSqeM2qN1xzybapC8G4wEGGkZwyTDt1v,CHEX-USDC,CHEX,6dKCoWjpj5MFU5gWDEFdpUUeBasBLK3wLEwhUzQPAa1e,USDC,EPjFWdd5AufqSSqeM2qN1xzybapC8G4wEGGkZwyTDt1v,559372.16,103200.76,648710.3,3117332.06,1,6,7,1,2,400,20000
355,So11111111111111111111111111111111111111112-HeJUFDxfJSzYFUuHLxkMqCgytU31G6mjP4wKviwqpump,WSOL-GNON,WSOL,So11111111111111111111111111111111111111112,GNON,HeJUFDxfJSzYFUuHLxkMqCgytU31G6mjP4wKviwqpump,638975.19,103269.11,577676.86,1303648.09,2,13,15,1,2,400,20000
356,So11111111111111111111111111111111111111112-9psiRdn9cXYVps4F1kFuoNjd2EtmqNJXrCPmRppJpump,WSOL-UBC,WSOL,So11111111111111111111111111111111111111112,UBC,9psiRdn9cXYVps4F1kFuoNjd2EtmqNJXrCPmRppJpump,386145.82,105756.49,348398.07,849584.88,2,16,18,1,2,400,20000
357,So11111111111111111111111111111111111111112-9UYAYvVS2cZ3BndbsoG1ScJbjfwyEPGxjE79hh5ipump,WSOL-DOGEAI,WSOL,So11111111111111111111111111111111111111112,DOGEAI,9UYAYvVS2cZ3BndbsoG1ScJbjfwyEPGxjE79hh5ipump,1113032.28,106597.83,1015814.46,9934369.58,2,18,20,1,2,400,20000
358,So11111111111111111111111111111111111111112-GiG7Hr61RVm4CSUxJmgiCoySFQtdiwxtqf64MsRppump,WSOL-SCF,WSOL,So11111111111111111111111111111111111111112,SCF,GiG7Hr61RVm4CSUxJmgiCoySFQtdiwxtqf64MsRppump,964264.23,110937.17,592397.91,1610156.46,2,19,21,1,2,400,20000
359,GtDZKAqvMZMnti46ZewMiXCa4oXF4bZxwQPoKzXPFxZn-So11111111111111111111111111111111111111112,nub-WSOL,nub,GtDZKAqvMZMnti46ZewMiXCa4oXF4bZxwQPoKzXPFxZn,WSOL,So11111111111111111111111111111111111111112,1025965.34,111866.12,624251.87,2151443.76,1,12,13,1,2,400,20000
360,85cQsFgbi8mBZxiPppbpPXuV7j1hA8tBwhjF4gKW6mHg-So11111111111111111111111111111111111111112,Rizzmas-WSOL,Rizzmas,85cQsFgbi8mBZxiPppbpPXuV7j1hA8tBwhjF4gKW6mHg,WSOL,So11111111111111111111111111111111111111112,391257.28,114366.17,738263.18,2355564.15,2,11,13,1,2,400,20000
361,So11111111111111111111111111111111111111112-EsP4kJfKUDLfX274WoBSiiEy74Sh4tZKUCDjfULHpump,WSOL-FRIC,WSOL,So11111111111111111111111111111111111111112,FRIC,EsP4kJfKUDLfX274WoBSiiEy74Sh4tZKUCDjfULHpump,655362.39,118000.49,947936.29,4504954.23,2,17,19,1,2,400,20000
362,So11111111111111111111111111111111111111112-BLDiYcvm3CLcgZ7XUBPgz6idSAkNmWY6MBbm8Xpjpump,WSOL-TRISIG,WSOL,So11111111111111111111111111111111111111112,TRISIG,BLDiYcvm3CLcgZ7XUBPgz6idSAkNmWY6MBbm8Xpjpump,401492.05,119470.9,745554.99,2452051.77,2,11,13,1,2,400,20000
363,So11111111111111111111111111111111111111112-J7tYmq2JnQPvxyhcXpCDrvJnc9R5ts8rv7tgVHDPsw7U,WSOL-FLOYDAI,WSOL,So11111111111111111111111111111111111111112,FLOYDAI,J7tYmq2JnQPvxyhcXpCDrvJnc9R5ts8rv7tgVHDPsw7U,551963.48,119924.04,843462.04,3625645.32,1,4,5,1,2,400,20000
364,So11111111111111111111111111111111111111112-CRAMvzDsSpXYsFpcoDr6vFLJMBeftez1E7277xwPpump,WSOL-PEPECAT,WSOL,So11111111111111111111111111111111111111112,PEPECAT,CRAMvzDsSpXYsFpcoDr6vFLJMBeftez1E7277xwPpump,423886.63,120201.09,971065.13,3707441.57,2,0,2,1,2,400,20000
365,So11111111111111111111111111111111111111112-FvgqHMfL9yn39V79huDPy3YUNDoYJpuLWng2JfmQpump,WSOL-$URO,WSOL,So11111111111111111111111111111111111111112,$URO,FvgqHMfL9yn39V79huDPy3YUNDoYJpuLWng2JfmQpump,529821.82,121428.67,800535.55,3937133.95,2,17,19,1,2,400,20000
366,So11111111111111111111111111111111111111112-6JGSHS9GrE9uG8ix63w3DPMYHrgrJ6J4QyHbBhAepump,WSOL-Crashout,WSOL,So11111111111111111111111111111111111111112,Crashout,6JGSHS9GrE9uG8ix63w3DPMYHrgrJ6J4QyHbBhAepump,229641.71,122648.88,507698.25,1988356.06,1,12,13,1,2,400,20000
367,So11111111111111111111111111111111111111112-FVdo7CDJarhYoH6McyTFqx71EtzCPViinvdd1v86Qmy5,WSOL-Aimonica,WSOL,So11111111111111111111111111111111111111112,Aimonica,FVdo7CDJarhYoH6McyTFqx71EtzCPViinvdd1v86Qmy5,347960.34,127378.94,777049.19,4313699.65,1,5,6,1,2,400,20000
368,So11111111111111111111111111111111111111112-DPaQfq5sFnoqw2Sh9WMmmASFL9LNu6RdtDqwE1tab2tB,WSOL-SKBDI,WSOL,So11111111111111111111111111111111111111112,SKBDI,DPaQfq5sFnoqw2Sh9WMmmASFL9LNu6RdtDqwE1tab2tB,439942.15,129315.02,568595.34,1497080.14,2,5,7,1,2,400,20000
369,So11111111111111111111111111111111111111112-FQ1tyso61AH1tzodyJfSwmzsD3GToybbRNoZxUBz21p8,WSOL-vvaifu,WSOL,So11111111111111111111111111111111111111112,vvaifu,FQ1tyso61AH1tzodyJfSwmzsD3GToybbRNoZxUBz21p8,778601.83,131340.42,788523.6,3889760.61,2,13,15,1,2,400,20000
370,So11111111111111111111111111111111111111112-7h5AzpYTAnh4Gyux8Gqko5Fvx4AYQBZdkzHZ2CsBudvJ,WSOL-Citadail,WSOL,So11111111111111111111111111111111111111112,Citadail,7h5AzpYTAnh4Gyux8Gqko5Fvx4AYQBZdkzHZ2CsBudvJ,421755.34,135033.32,1182451.41,2091637.28,2,11,13,1,2,400,20000
371,So11111111111111111111111111111111111111112-BmXfbamFqrBzrqihr9hbSmEsfQUXMVaqshAjgvZupump,WSOL-LUX,WSOL,So11111111111111111111111111111111111111112,LUX,BmXfbamFqrBzrqihr9hbSmEsfQUXMVaqshAjgvZupump,494818.58,136020.67,619202.65,2263264.68,3,26,29,1,2,400,20000
372,So11111111111111111111111111111111111111112-8vBMibwpn8wpfYKbQ9xqzodymg3LjmYec2tSNGRy23K8,WSOL-HYPER,WSOL,So11111111111111111111111111111111111111112,HYPER,8vBMibwpn8wpfYKbQ9xqzodymg3LjmYec2tSNGRy23K8,295494.41,136262.77,548265.46,2089871.93,2,15,17,1,2,400,20000
373,So11111111111111111111111111111111111111112-ECY31gWwxy4s2VnMkYhmqDkrV75KrwR2yTtsnrnSpump,WSOL-BARRON,WSOL,So11111111111111111111111111111111111111112,BARRON,ECY31gWwxy4s2VnMkYhmqDkrV75KrwR2yTtsnrnSpump,430111.85,141129.72,515082.97,752241.68,2,22,24,1,2,400,20000
374,So11111111111111111111111111111111111111112-2MH8ga3TuLvuvX2GUtVRS2BS8B9ujZo3bj5QeAkMpump,WSOL-CUBIE,WSOL,So11111111111111111111111111111111111111112,CUBIE,2MH8ga3TuLvuvX2GUtVRS2BS8B9ujZo3bj5QeAkMpump,69048.56,144033.16,259019.93,336459.44,1,3,4,1,2,400,20000
375,So11111111111111111111111111111111111111112-9So52ugZh2BLBT3f7p61947q91uQh2DyvbfyMDeRpump,WSOL-MUSKIT,WSOL,So11111111111111111111111111111111111111112,MUSKIT,9So52ugZh2BLBT3f7p61947q91uQh2DyvbfyMDeRpump,384081.66,156338.52,2015683.7,3638652.04,3,8,11,1,2,400,20000
376,So11111111111111111111111111111111111111112-HZ1JovNiVvGrGNiiYvEozEVgZ58xaU3RKwX8eACQBCt3,WSOL-PYTH,WSOL,So11111111111111111111111111111111111111112,PYTH,HZ1JovNiVvGrGNiiYvEozEVgZ58xaU3RKwX8eACQBCt3,286292.76,163178.45,1192943.48,5223647.55,3,13,16,1,2,400,20000
377,So11111111111111111111111111111111111111112-7ZqzGzTNg5tjK1CHTBdGFHyKjBtXdfvAobuGgdt4pump,WSOL-BARSIK,WSOL,So11111111111111111111111111111111111111112,BARSIK,7ZqzGzTNg5tjK1CHTBdGFHyKjBtXdfvAobuGgdt4pump,375560.49,168274.63,938432.88,5005634.77,2,11,13,1,2,400,20000
378,So11111111111111111111111111111111111111112-9JhFqCA21MoAXs2PTaeqNQp2XngPn1PgYr2rsEVCpump,WSOL-OPUS,WSOL,So11111111111111111111111111111111111111112,OPUS,9JhFqCA21MoAXs2PTaeqNQp2XngPn1PgYr2rsEVCpump,831548.13,169065.9,1050242.5,3138082.2,2,12,14,1,2,400,20000
379,So11111111111111111111111111111111111111112-dog1viwbb2vWDpER5FrJ4YFG6gq6XuyFohUe9TXN65u,WSOL-DOG,WSOL,So11111111111111111111111111111111111111112,DOG,dog1viwbb2vWDpER5FrJ4YFG6gq6XuyFohUe9TXN65u,93125.26,169284.37,1107407.77,2932849.04,2,8,10,1,2,400,20000
380,So11111111111111111111111111111111111111112-CTJf74cTo3cw8acFP1YXF3QpsQUUBGBjh2k2e8xsZ6UL,WSOL-Neiro,WSOL,So11111111111111111111111111111111111111112,Neiro,CTJf74cTo3cw8acFP1YXF3QpsQUUBGBjh2k2e8xsZ6UL,556720.62,170572.86,394186.5,714065.62,2,20,22,1,2,400,20000
381,So11111111111111111111111111111111111111112-4NBTf8PfLH4oLFnwf3knv46FY9i5oXjDxffCetXRpump,WSOL-YzY,WSOL,So11111111111111111111111111111111111111112,YzY,4NBTf8PfLH4oLFnwf3knv46FY9i5oXjDxffCetXRpump,521540.39,178526.51,1453723.33,9458455.39,2,15,17,1,2,400,20000
382,7XJiwLDrjzxDYdZipnJXzpr1iDTmK55XixSFAa7JgNEL-So11111111111111111111111111111111111111112,MLG-WSOL,MLG,7XJiwLDrjzxDYdZipnJXzpr1iDTmK55XixSFAa7JgNEL,WSOL,So11111111111111111111111111111111111111112,723995.46,179566.35,1551406.23,6349130.72,2,19,21,1,2,400,20000
383,So11111111111111111111111111111111111111112-EBGaJP7srpUUN8eRdta1MsojrNtweuHYsdP3P1TRpump,WSOL-REALIS,WSOL,So11111111111111111111111111111111111111112,REALIS,EBGaJP7srpUUN8eRdta1MsojrNtweuHYsdP3P1TRpump,448162.98,180328.28,765745.04,2212329.03,2,9,11,1,2,400,20000
384,So11111111111111111111111111111111111111112-BkYAUVMar1gLwuFLv2n5cmB6HhcNtvd86kU3gqAypump,WSOL-Elon4AfD,WSOL,So11111111111111111111111111111111111111112,Elon4AfD,BkYAUVMar1gLwuFLv2n5cmB6HhcNtvd86kU3gqAypump,679096.82,180765.48,681919.95,2711275.16,2,0,2,1,2,400,20000
385,So11111111111111111111111111111111111111112-3S8qX1MsMqRbiwKg2cQyx7nis1oHMgaCuc9c4VfvVdPN,WSOL-MOTHER,WSOL,So11111111111111111111111111111111111111112,MOTHER,3S8qX1MsMqRbiwKg2cQyx7nis1oHMgaCuc9c4VfvVdPN,1441913.33,181757.72,1001545.23,2175585.05,2,41,43,1,2,400,20000
386,So11111111111111111111111111111111111111112-8SpPaFLycx897D6sowPZkEkcNdDahzRZb5itr6D8pump,WSOL-LEA,WSOL,So11111111111111111111111111111111111111112,LEA,8SpPaFLycx897D6sowPZkEkcNdDahzRZb5itr6D8pump,488821.63,186544.67,798943.01,2876822.77,3,0,3,1,2,400,20000
387,3WPep4ufaToK1aS5s8BL9inzeUrt4DYaQCiic6ZkkC1U-So11111111111111111111111111111111111111112,GIKO-WSOL,GIKO,3WPep4ufaToK1aS5s8BL9inzeUrt4DYaQCiic6ZkkC1U,WSOL,So11111111111111111111111111111111111111112,371349.2,192086.35,959387.36,2651151.76,2,12,14,1,2,400,20000
388,6dKCoWjpj5MFU5gWDEFdpUUeBasBLK3wLEwhUzQPAa1e-So11111111111111111111111111111111111111112,CHEX-WSOL,CHEX,6dKCoWjpj5MFU5gWDEFdpUUeBasBLK3wLEwhUzQPAa1e,WSOL,So11111111111111111111111111111111111111112,1340324.23,192260.64,1696909.8,9605316.76,4,8,12,1,2,400,20000
389,So11111111111111111111111111111111111111112-HFw81sUUPBkNF5tKDanV8VCYTfVY4XbrEEPiwzyypump,WSOL-DUCKAI,WSOL,So11111111111111111111111111111111111111112,DUCKAI,HFw81sUUPBkNF5tKDanV8VCYTfVY4XbrEEPiwzyypump,218712.21,192590.5,1878773.01,3357281.98,2,6,8,1,2,400,20000
390,MEFNBXixkEbait3xn9bkm8WsJzXtVsaJEn4c8Sam21u-EPjFWdd5AufqSSqeM2qN1xzybapC8G4wEGGkZwyTDt1v,ME-USDC,ME,MEFNBXixkEbait3xn9bkm8WsJzXtVsaJEn4c8Sam21u,USDC,EPjFWdd5AufqSSqeM2qN1xzybapC8G4wEGGkZwyTDt1v,1665061.69,193300.0,2806536.04,12262884.0,4,25,29,1,2,400,20000
391,So11111111111111111111111111111111111111112-FrkF4GNdqKZLuzWXTk1imqMJRGK9uxCRE3PaBKZbpump,WSOL-DRIP,WSOL,So11111111111111111111111111111111111111112,DRIP,FrkF4GNdqKZLuzWXTk1imqMJRGK9uxCRE3PaBKZbpump,140024.19,193532.23,1601335.07,3814389.93,2,0,2,1,2,400,20000
392,h5NciPdMZ5QCB5BYETJMYBMpVx9ZuitR6HcVjyBhood-So11111111111111111111111111111111111111112,HOOD-WSOL,HOOD,h5NciPdMZ5QCB5BYETJMYBMpVx9ZuitR6HcVjyBhood,WSOL,So11111111111111111111111111111111111111112,349277.11,194934.05,746361.12,4086421.13,2,16,18,1,2,400,20000
393,So11111111111111111111111111111111111111112-6d5zHW5B8RkGKd51Lpb9RqFQSqDudr9GJgZ1SgQZpump,WSOL-AVB,WSOL,So11111111111111111111111111111111111111112,AVB,6d5zHW5B8RkGKd51Lpb9RqFQSqDudr9GJgZ1SgQZpump,630638.6,195465.71,1076934.1,3317209.17,2,9,11,1,2,400,20000
394,So11111111111111111111111111111111111111112-BZLbGTNCSFfoth2GYDtwr7e4imWzpR5jqcUuGEwr646K,WSOL-IO,WSOL,So11111111111111111111111111111111111111112,IO,BZLbGTNCSFfoth2GYDtwr7e4imWzpR5jqcUuGEwr646K,1799072.66,196731.8,907621.91,5965514.51,4,23,27,1,2,400,20000
395,So11111111111111111111111111111111111111112-zGh48JtNHVBb5evgoZLXwgPD2Qu4MhkWdJLGDAupump,WSOL-retire,WSOL,So11111111111111111111111111111111111111112,retire,zGh48JtNHVBb5evgoZLXwgPD2Qu4MhkWdJLGDAupump,326464.59,205083.15,1268312.08,4482430.86,2,5,7,1,2,400,20000
396,So11111111111111111111111111111111111111112-9WPTUkh8fKuCnepRWoPYLH3aK9gSjPHFDenBq2X1Czdp,WSOL-SELFIE,WSOL,So11111111111111111111111111111111111111112,SELFIE,9WPTUkh8fKuCnepRWoPYLH3aK9gSjPHFDenBq2X1Czdp,649954.52,205378.53,1203266.01,2198069.11,1,20,21,1,2,400,20000
397,So11111111111111111111111111111111111111112-5voS9evDjxF589WuEub5i4ti7FWQmZCsAsyD5ucbuRqM,WSOL-ELIZA,WSOL,So11111111111111111111111111111111111111112,ELIZA,5voS9evDjxF589WuEub5i4ti7FWQmZCsAsyD5ucbuRqM,734771.53,205634.63,1130111.92,3942560.77,2,21,23,1,2,400,20000
398,So11111111111111111111111111111111111111112-8i51XNNpGaKaj4G4nDdmQh95v4FKAxw8mhtaRoKd9tE8,WSOL-TETSUO,WSOL,So11111111111111111111111111111111111111112,TETSUO,8i51XNNpGaKaj4G4nDdmQh95v4FKAxw8mhtaRoKd9tE8,458282.83,206888.91,966789.94,2612542.19,2,9,11,1,2,400,20000
399,14zP2ToQ79XWvc7FQpm4bRnp9d6Mp1rFfsUW3gpLcRX-So11111111111111111111111111111111111111112,AIXBT-WSOL,AIXBT,14zP2ToQ79XWvc7FQpm4bRnp9d6Mp1rFfsUW3gpLcRX,WSOL,So11111111111111111111111111111111111111112,527901.02,208226.82,1020160.82,3847928.65,2,12,14,1,2,400,20000
400,So11111111111111111111111111111111111111112-CNvitvFnSM5ed6K28RUNSaAjqqz5tX1rA5HgaBN9pump,WSOL-FRED,WSOL,So11111111111111111111111111111111111111112,FRED,CNvitvFnSM5ed6K28RUNSaAjqqz5tX1rA5HgaBN9pump,934979.6,210806.21,1348615.08,5431802.14,2,17,19,1,2,400,20000
401,So11111111111111111111111111111111111111112-4mbdysBik3jmzD7mt6FGPDsMxnYcxExSQRFjPucdpump,WSOL-TSOTCHKE,WSOL,So11111111111111111111111111111111111111112,TSOTCHKE,4mbdysBik3jmzD7mt6FGPDsMxnYcxExSQRFjPucdpump,478958.62,229122.01,892028.38,4454790.6,2,10,12,1,2,400,20000
402,So11111111111111111111111111111111111111112-6yjNqPzTSanBWSa6dxVEgTjePXBrZ2FoHLDQwYwEsyM6,WSOL-Chud,WSOL,So11111111111111111111111111111111111111112,Chud,6yjNqPzTSanBWSa6dxVEgTjePXBrZ2FoHLDQwYwEsyM6,398355.3,232022.63,842656.61,1911323.15,1,12,13,1,2,400,20000
403,So11111111111111111111111111111111111111112-KMnDBXcPXoz6oMJW5XG4tXdwSWpmWEP2RQM1Uujpump,WSOL-FIGHT,WSOL,So11111111111111111111111111111111111111112,FIGHT,KMnDBXcPXoz6oMJW5XG4tXdwSWpmWEP2RQM1Uujpump,366158.62,232542.73,920995.79,2068667.71,2,15,17,1,2,400,20000
404,ATRLuHph8dxnPny4WSNW7fxkhbeivBrtWbY6BfB4xpLj-EPjFWdd5AufqSSqeM2qN1xzybapC8G4wEGGkZwyTDt1v,ATR-USDC,ATR,ATRLuHph8dxnPny4WSNW7fxkhbeivBrtWbY6BfB4xpLj,USDC,EPjFWdd5AufqSSqeM2qN1xzybapC8G4wEGGkZwyTDt1v,498743.49,236746.86,1280432.03,5090901.16,2,0,2,1,2,400,20000
405,4YK1njyeCkBuXG6phNtidJWKCbBhB659iwGkUJx98P5Z-So11111111111111111111111111111111111111112,DOLAN-WSOL,DOLAN,4YK1njyeCkBuXG6phNtidJWKCbBhB659iwGkUJx98P5Z,WSOL,So11111111111111111111111111111111111111112,559960.33,244365.79,1533271.84,2645431.59,2,0,2,1,2,400,20000
406,8wXtPeU6557ETkp9WHFY1n1EcU6NxDvbAggHGsMYiHsB-So11111111111111111111111111111111111111112,GME-WSOL,GME,8wXtPeU6557ETkp9WHFY1n1EcU6NxDvbAggHGsMYiHsB,WSOL,So11111111111111111111111111111111111111112,2709039.51,251560.89,1687489.93,15503044.05,2,32,34,1,2,400,20000
407,So11111111111111111111111111111111111111112-AxriehR6Xw3adzHopnvMn7GcpRFcD41ddpiTWMg6pump,WSOL-jailstool,WSOL,So11111111111111111111111111111111111111112,jailstool,AxriehR6Xw3adzHopnvMn7GcpRFcD41ddpiTWMg6pump,1371621.27,253734.79,1459346.22,13751457.07,3,42,45,1,2,400,20000
408,So11111111111111111111111111111111111111112-HW7D5MyYG4Dz2C98axfjVBeLWpsEnofrqy6ZUwqwpump,WSOL-VIRAL,WSOL,So11111111111111111111111111111111111111112,VIRAL,HW7D5MyYG4Dz2C98axfjVBeLWpsEnofrqy6ZUwqwpump,503440.85,257268.19,1378976.9,5588100.74,2,7,9,1,2,400,20000
409,AujTJJ7aMS8LDo3bFzoyXDwT3jBALUbu4VZhzZdTZLmG-So11111111111111111111111111111111111111112,$BEER-WSOL,$BEER,AujTJJ7aMS8LDo3bFzoyXDwT3jBALUbu4VZhzZdTZLmG,WSOL,So11111111111111111111111111111111111111112,2154072.4,261353.54,417573.0,1020671.66,2,0,2,1,2,400,20000
410,So11111111111111111111111111111111111111112-oraim8c9d1nkfuQk9EzGYEUGxqL3MHQYndRw1huVo5h,WSOL-MAX,WSOL,So11111111111111111111111111111111111111112,MAX,oraim8c9d1nkfuQk9EzGYEUGxqL3MHQYndRw1huVo5h,548728.84,270300.83,1226987.38,3379436.81,2,13,15,1,2,400,20000
411,So11111111111111111111111111111111111111112-3N2ETvNpPNAxhcaXgkhKoY1yDnQfs41Wnxsx5qNJpump,WSOL-NEUR,WSOL,So11111111111111111111111111111111111111112,NEUR,3N2ETvNpPNAxhcaXgkhKoY1yDnQfs41Wnxsx5qNJpump,568292.08,273415.04,1060604.15,3870795.37,3,15,18,1,2,400,20000
412,So11111111111111111111111111111111111111112-CfgmB9iTWABdYh3CHQQDUGtWy18rMNAEEqyp4GrJpump,WSOL-ASS,WSOL,So11111111111111111111111111111111111111112,ASS,CfgmB9iTWABdYh3CHQQDUGtWy18rMNAEEqyp4GrJpump,394914.0,281644.13,1197351.25,5003446.6,1,5,6,1,2,400,20000
413,So11111111111111111111111111111111111111112-7D1iYWfhw2cr9yBZBFE6nZaaSUvXHqG5FizFFEZwpump,WSOL-YNE,WSOL,So11111111111111111111111111111111111111112,YNE,7D1iYWfhw2cr9yBZBFE6nZaaSUvXHqG5FizFFEZwpump,889134.87,283363.69,1205189.94,5452436.61,2,18,20,1,2,400,20000
414,So11111111111111111111111111111111111111112-98mb39tPFKQJ4Bif8iVg9mYb9wsfPZgpgN1sxoVTpump,WSOL-LLM,WSOL,So11111111111111111111111111111111111111112,LLM,98mb39tPFKQJ4Bif8iVg9mYb9wsfPZgpgN1sxoVTpump,497836.09,289680.82,1488801.34,6788730.28,2,24,26,1,2,400,20000
415,6ogzHhzdrQr9Pgv6hZ2MNze7UrzBMAFyBBWUYp1Fhitx-So11111111111111111111111111111111111111112,RETARDIO-WSOL,RETARDIO,6ogzHhzdrQr9Pgv6hZ2MNze7UrzBMAFyBBWUYp1Fhitx,WSOL,So11111111111111111111111111111111111111112,1213951.67,290851.41,2051841.4,8429561.76,2,21,23,1,2,400,20000
416,So11111111111111111111111111111111111111112-3zJ7RxtzPahndBTEn5PGUyo9xBMv6MJP9J4TPqdFpump,WSOL-ESIM,WSOL,So11111111111111111111111111111111111111112,ESIM,3zJ7RxtzPahndBTEn5PGUyo9xBMv6MJP9J4TPqdFpump,155354.33,291276.15,12742873.23,28326855.47,1,8,9,1,2,400,20000
417,So11111111111111111111111111111111111111112-Bz4MhmVRQENiCou7ZpJ575wpjNFjBjVBSiVhuNg1pump,WSOL-Project89,WSOL,So11111111111111111111111111111111111111112,Project89,Bz4MhmVRQENiCou7ZpJ575wpjNFjBjVBSiVhuNg1pump,714143.9,297403.67,1761763.19,2308477.25,2,12,14,1,2,400,20000
418,So11111111111111111111111111111111111111112-8XtRWb4uAAJFMP4QQhoYYCWR6XXb7ybcCdiqPwz9s5WS,WSOL-ALON,WSOL,So11111111111111111111111111111111111111112,ALON,8XtRWb4uAAJFMP4QQhoYYCWR6XXb7ybcCdiqPwz9s5WS,793734.11,307906.26,1369508.95,7011961.76,3,20,23,1,2,400,20000
419,So11111111111111111111111111111111111111112-J1Wpmugrooj1yMyQKrdZ2vwRXG5rhfx3vTnYE39gpump,WSOL-WOULD,WSOL,So11111111111111111111111111111111111111112,WOULD,J1Wpmugrooj1yMyQKrdZ2vwRXG5rhfx3vTnYE39gpump,4701197.6,311667.64,2036917.17,10900346.72,3,0,3,1,2,400,20000
420,So11111111111111111111111111111111111111112-8BtoThi2ZoXnF7QQK1Wjmh2JuBw9FjVvhnGMVZ2vpump,WSOL-DARK,WSOL,So11111111111111111111111111111111111111112,DARK,8BtoThi2ZoXnF7QQK1Wjmh2JuBw9FjVvhnGMVZ2vpump,37659.9,318212.3,1729269.31,3384207.67,3,12,15,1,2,400,20000
421,So11111111111111111111111111111111111111112-Gu3LDkn7Vx3bmCzLafYNKcDxv2mH7YN44NJZFXnypump,WSOL-degenai,WSOL,So11111111111111111111111111111111111111112,degenai,Gu3LDkn7Vx3bmCzLafYNKcDxv2mH7YN44NJZFXnypump,699377.59,331651.25,2250815.54,5221258.95,3,17,20,1,2,400,20000
422,So11111111111111111111111111111111111111112-GPrg1CgbBvAJS2SCuf9gF7NmQYsWudfyfWy5SUzypump,WSOL-EDWIN,WSOL,So11111111111111111111111111111111111111112,EDWIN,GPrg1CgbBvAJS2SCuf9gF7NmQYsWudfyfWy5SUzypump,474156.72,343470.38,3020646.12,9329830.86,2,9,11,1,2,400,20000
423,So11111111111111111111111111111111111111112-3B5wuUrMEi5yATD7on46hKfej3pfmd7t1RKgrsN3pump,WSOL-BILLY,WSOL,So11111111111111111111111111111111111111112,BILLY,3B5wuUrMEi5yATD7on46hKfej3pfmd7t1RKgrsN3pump,995016.9,343781.82,1621140.1,2868738.13,3,34,37,1,2,400,20000
424,So11111111111111111111111111111111111111112-AnGzGiQ6ddzdqWDuWy6vmibqDv8rsT2QKhcgDrwTpump,WSOL-GAYCOIN,WSOL,So11111111111111111111111111111111111111112,GAYCOIN,AnGzGiQ6ddzdqWDuWy6vmibqDv8rsT2QKhcgDrwTpump,189828.33,358884.33,1021324.49,1339502.56,1,11,12,1,2,400,20000
425,So11111111111111111111111111111111111111112-9doRRAik5gvhbEwjbZDbZR6GxXSAfdoomyJR57xKpump,WSOL-GRPH,WSOL,So11111111111111111111111111111111111111112,GRPH,9doRRAik5gvhbEwjbZDbZR6GxXSAfdoomyJR57xKpump,685860.94,379375.21,3060566.9,9198426.6,2,14,16,1,2,400,20000
426,So11111111111111111111111111111111111111112-HgBRWfYxEfvPhtqkaeymCQtHCrKE46qQ43pKe8HCpump,WSOL-Bert,WSOL,So11111111111111111111111111111111111111112,Bert,HgBRWfYxEfvPhtqkaeymCQtHCrKE46qQ43pKe8HCpump,995525.02,391332.02,2034958.61,6047707.2,4,6,10,1,2,400,20000
427,So11111111111111111111111111111111111111112-B5WTLaRwaUQpKk7ir1wniNB6m5o8GgMrimhKMYan2R6B,WSOL-Pepe,WSOL,So11111111111111111111111111111111111111112,Pepe,B5WTLaRwaUQpKk7ir1wniNB6m5o8GgMrimhKMYan2R6B,366917.77,391687.65,1478662.73,4323220.73,3,0,3,1,2,400,20000
428,So11111111111111111111111111111111111111112-3JgFwoYV74f6LwWjQWnr3YDPFnmBdwQfNyubv99jqUoq,WSOL-wPOND,WSOL,So11111111111111111111111111111111111111112,wPOND,3JgFwoYV74f6LwWjQWnr3YDPFnmBdwQfNyubv99jqUoq,155587.62,392464.93,1373884.23,8557953.88,3,28,31,1,2,400,20000
429,So11111111111111111111111111111111111111112-Cn5Ne1vmR9ctMGY9z5NC71A3NYFvopjXNyxYtfVYpump,WSOL-listen,WSOL,So11111111111111111111111111111111111111112,listen,Cn5Ne1vmR9ctMGY9z5NC71A3NYFvopjXNyxYtfVYpump,532973.24,399259.89,1864450.24,5326627.31,2,11,13,1,2,400,20000
430,So11111111111111111111111111111111111111112-GAMwtMB6onAvBNBQJCJFuxoaqfPH8uCQ2dewNMVVpump,WSOL-TANK,WSOL,So11111111111111111111111111111111111111112,TANK,GAMwtMB6onAvBNBQJCJFuxoaqfPH8uCQ2dewNMVVpump,495708.41,404632.33,2606880.8,5947348.21,1,12,13,1,2,400,20000
431,So11111111111111111111111111111111111111112-E1jCTXdkMRoawoWoqfbhiNkkLbxcSHPssMo36U84pump,WSOL-GFM,WSOL,So11111111111111111111111111111111111111112,GFM,E1jCTXdkMRoawoWoqfbhiNkkLbxcSHPssMo36U84pump,616358.17,406685.24,2703606.32,14478572.81,3,13,16,1,2,400,20000
432,So11111111111111111111111111111111111111112-WEmjxPMGXEW1Nvc4rCgRKiWHj1H1tvhPsKMw2yvpump,WSOL-DIGIMON,WSOL,So11111111111111111111111111111111111111112,DIGIMON,WEmjxPMGXEW1Nvc4rCgRKiWHj1H1tvhPsKMw2yvpump,265606.34,415018.22,3889107.14,5586828.89,1,9,10,1,2,400,20000
433,8Ki8DpuWNxu9VsS3kQbarsCWMcFGWkzzA8pUPto9zBd5-So11111111111111111111111111111111111111112,LOCKIN-WSOL,LOCKIN,8Ki8DpuWNxu9VsS3kQbarsCWMcFGWkzzA8pUPto9zBd5,WSOL,So11111111111111111111111111111111111111112,823469.14,415725.11,1972937.94,6174412.58,2,23,25,1,2,400,20000
434,So11111111111111111111111111111111111111112-Cy1GS2FqefgaMbi45UunrUzin1rfEmTUYnomddzBpump,WSOL-MOBY,WSOL,So11111111111111111111111111111111111111112,MOBY,Cy1GS2FqefgaMbi45UunrUzin1rfEmTUYnomddzBpump,785796.33,425269.63,2273190.14,11792937.96,2,36,38,1,2,400,20000
435,So11111111111111111111111111111111111111112-GJtJuWD9qYcCkrwMBmtY1tpapV1sKfB2zUv9Q4aqpump,WSOL-$RIF,WSOL,So11111111111111111111111111111111111111112,$RIF,GJtJuWD9qYcCkrwMBmtY1tpapV1sKfB2zUv9Q4aqpump,603978.26,426768.43,2093388.15,14659621.73,2,16,18,1,2,400,20000
436,hntyVP6YFm1Hg25TN9WGLqM12b8TQmcknKrdu1oxWux-So11111111111111111111111111111111111111112,HNT-WSOL,HNT,hntyVP6YFm1Hg25TN9WGLqM12b8TQmcknKrdu1oxWux,WSOL,So11111111111111111111111111111111111111112,2449756.57,449155.47,1373560.15,6923910.77,2,5,7,1,2,400,20000
437,So11111111111111111111111111111111111111112-VaxZxmFXV8tmsd72hUn22ex6GFzZ5uq9DVJ5wA5pump,WSOL-OIIAOIIA,WSOL,So11111111111111111111111111111111111111112,OIIAOIIA,VaxZxmFXV8tmsd72hUn22ex6GFzZ5uq9DVJ5wA5pump,679472.26,450926.69,2395399.21,12670457.07,1,10,11,1,2,400,20000
438,So11111111111111111111111111111111111111112-GHichsGq8aPnqJyz6Jp1ASTK4PNLpB5KrD6XrfDjpump,WSOL-$1,WSOL,So11111111111111111111111111111111111111112,$1,GHichsGq8aPnqJyz6Jp1ASTK4PNLpB5KrD6XrfDjpump,1169304.55,473792.71,2167548.88,10435984.91,3,14,17,1,2,400,20000
439,69kdRLyP5DTRkpHraaSZAQbWmAwzF9guKjZfzMXzcbAs-So11111111111111111111111111111111111111112,USA-WSOL,USA,69kdRLyP5DTRkpHraaSZAQbWmAwzF9guKjZfzMXzcbAs,WSOL,So11111111111111111111111111111111111111112,1715403.85,476425.26,2362768.77,8510938.75,2,20,22,1,2,400,20000
440,So11111111111111111111111111111111111111112-CboMcTUYUcy9E6B3yGdFn6aEsGUnYV6yWeoeukw6pump,WSOL-Butthole,WSOL,So11111111111111111111111111111111111111112,Butthole,CboMcTUYUcy9E6B3yGdFn6aEsGUnYV6yWeoeukw6pump,1130152.7,500877.03,3583278.0,19018068.99,2,11,13,1,2,400,20000
441,So11111111111111111111111111111111111111112-UbESBaztbkxJRWxPcfDeK8Fft15igTbrv3sed1bsegM,WSOL-GCATS,WSOL,So11111111111111111111111111111111111111112,GCATS,UbESBaztbkxJRWxPcfDeK8Fft15igTbrv3sed1bsegM,114607.67,524857.43,14915831.68,16910522.06,1,8,9,1,2,400,20000
442,So11111111111111111111111111111111111111112-F9TgEJLLRUKDRF16HgjUCdJfJ5BK6ucyiW8uJxVPpump,WSOL-AGiXT,WSOL,So11111111111111111111111111111111111111112,AGiXT,F9TgEJLLRUKDRF16HgjUCdJfJ5BK6ucyiW8uJxVPpump,802661.17,529396.03,3016743.29,23259648.2,2,20,22,1,2,400,20000
443,So11111111111111111111111111111111111111112-H2c31USxu35MDkBrGph8pUDUnmzo2e4Rf4hnvL2Upump,WSOL-Shoggoth,WSOL,So11111111111111111111111111111111111111112,Shoggoth,H2c31USxu35MDkBrGph8pUDUnmzo2e4Rf4hnvL2Upump,898239.67,543789.69,2596689.53,5201208.9,2,23,25,1,2,400,20000
444,So11111111111111111111111111111111111111112-FABELyo4mGW399dBZJhMeD988o2hEPu3B3LNWtuW4ueN,WSOL-FABEL,WSOL,So11111111111111111111111111111111111111112,FABEL,FABELyo4mGW399dBZJhMeD988o2hEPu3B3LNWtuW4ueN,200780.27,594559.33,1489902.05,1935700.67,2,1,3,1,2,400,20000
445,So11111111111111111111111111111111111111112-JDzPbXboQYWVmdxXS3LbvjM52RtsV1QaSv2AzoCiai2o,WSOL-FO,WSOL,So11111111111111111111111111111111111111112,FO,JDzPbXboQYWVmdxXS3LbvjM52RtsV1QaSv2AzoCiai2o,395442.58,639778.15,2782967.53,11525508.29,2,10,12,1,2,400,20000
446,So11111111111111111111111111111111111111112-5QS7RcHfGUa2ZtrovPvEJMB9coqroiT7H48dPSwFpump,WSOL-AIOS,WSOL,So11111111111111111111111111111111111111112,AIOS,5QS7RcHfGUa2ZtrovPvEJMB9coqroiT7H48dPSwFpump,468555.45,641719.75,4081303.67,4373235.96,3,13,16,1,2,400,20000
447,So11111111111111111111111111111111111111112-CreiuhfwdWCN5mJbMJtA9bBpYQrQF2tCBuZwSPWfpump,WSOL-PYTHIA,WSOL,So11111111111111111111111111111111111111112,PYTHIA,CreiuhfwdWCN5mJbMJtA9bBpYQrQF2tCBuZwSPWfpump,1178332.48,645572.4,3055934.07,28643428.33,2,14,16,1,2,400,20000
448,13TVvChoA7S2qdB7GhP8sDret3aPBetBjvWHtL3Ymeme-So11111111111111111111111111111111111111112,TIME-WSOL,TIME,13TVvChoA7S2qdB7GhP8sDret3aPBetBjvWHtL3Ymeme,WSOL,So11111111111111111111111111111111111111112,151419.12,646272.86,14846087.57,54653281.04,2,7,9,1,2,400,20000
449,So11111111111111111111111111111111111111112-5UUH9RTDiSpq6HKS6bp4NdU9PNJpXRXuiw6ShBTBhgH2,WSOL-TROLL,WSOL,So11111111111111111111111111111111111111112,TROLL,5UUH9RTDiSpq6HKS6bp4NdU9PNJpXRXuiw6ShBTBhgH2,35493.29,652524.75,2441141.7,2441141.7,4,12,16,1,2,400,20000
450,So11111111111111111111111111111111111111112-ZEUS1aR7aX8DFFJf5QjWj2ftDDdNTroMNGo8YoQm3Gq,WSOL-ZEUS,WSOL,So11111111111111111111111111111111111111112,ZEUS,ZEUS1aR7aX8DFFJf5QjWj2ftDDdNTroMNGo8YoQm3Gq,536367.22,680358.18,4022029.79,26314248.25,1,21,22,1,2,400,20000
451,HUdqc5MR5h3FssESabPnQ1GTgTcPvnNudAuLj5J6a9sU-So11111111111111111111111111111111111111112,BONGO-WSOL,BONGO,HUdqc5MR5h3FssESabPnQ1GTgTcPvnNudAuLj5J6a9sU,WSOL,So11111111111111111111111111111111111111112,616391.88,689119.03,4612582.47,6798517.52,1,7,8,1,2,400,20000
452,So11111111111111111111111111111111111111112-2eXamy7t3kvKhfV6aJ6Uwe3eh8cuREFcTKs1mFKZpump,WSOL-nuit,WSOL,So11111111111111111111111111111111111111112,nuit,2eXamy7t3kvKhfV6aJ6Uwe3eh8cuREFcTKs1mFKZpump,524035.44,707782.08,3668526.08,6013583.46,2,19,21,1,2,400,20000
453,So11111111111111111111111111111111111111112-FHKiJEg2zmhv9DEeaXMSZa7R4P8BPFX5VTRrzrtJpump,WSOL-HIBER,WSOL,So11111111111111111111111111111111111111112,HIBER,FHKiJEg2zmhv9DEeaXMSZa7R4P8BPFX5VTRrzrtJpump,188049.83,729158.4,7164786.47,16814664.37,1,6,7,1,2,400,20000
454,So11111111111111111111111111111111111111112-C7heQqfNzdMbUFQwcHkL9FvdwsFsDRBnfwZDDyWYCLTZ,WSOL-$COLLAT,WSOL,So11111111111111111111111111111111111111112,$COLLAT,C7heQqfNzdMbUFQwcHkL9FvdwsFsDRBnfwZDDyWYCLTZ,914572.02,748147.58,3764498.39,19504256.18,2,18,20,1,2,400,20000
455,So11111111111111111111111111111111111111112-5SVG3T9CNQsm2kEwzbRq6hASqh1oGfjqTtLXYUibpump,WSOL-SIGMA,WSOL,So11111111111111111111111111111111111111112,SIGMA,5SVG3T9CNQsm2kEwzbRq6hASqh1oGfjqTtLXYUibpump,1791478.53,762359.27,4988211.15,13061575.73,2,15,17,1,2,400,20000
456,So11111111111111111111111111111111111111112-G5e2XonmccmdKc98g3eNQe5oBYGw9m8xdMUvVtcZpump,WSOL-MAIAR,WSOL,So11111111111111111111111111111111111111112,MAIAR,G5e2XonmccmdKc98g3eNQe5oBYGw9m8xdMUvVtcZpump,407109.59,764602.95,6336234.01,10761554.87,1,10,11,1,2,400,20000
457,BYZ9CcZGKAXmN2uDsKcQMM9UnZacija4vWcns9Th69xb-So11111111111111111111111111111111111111112,BOTIFY-WSOL,BOTIFY,BYZ9CcZGKAXmN2uDsKcQMM9UnZacija4vWcns9Th69xb,WSOL,So11111111111111111111111111111111111111112,524991.93,782542.09,4295978.81,15966948.85,2,0,2,1,2,400,20000
458,So11111111111111111111111111111111111111112-5LJMJyR8MtAkbtpf8kFUV7S9oFG3xaGDdcnFxYt9pump,WSOL-FAT,WSOL,So11111111111111111111111111111111111111112,FAT,5LJMJyR8MtAkbtpf8kFUV7S9oFG3xaGDdcnFxYt9pump,540041.09,798001.36,6799742.7,57356627.17,2,9,11,1,2,400,20000
459,So11111111111111111111111111111111111111112-C3DwDjT17gDvvCYC2nsdGHxDHVmQRdhKfpAdqQ29pump,WSOL-RFC,WSOL,So11111111111111111111111111111111111111112,RFC,C3DwDjT17gDvvCYC2nsdGHxDHVmQRdhKfpAdqQ29pump,225824.63,815646.34,5080774.11,11331378.4,2,19,21,1,2,400,20000
460,So11111111111111111111111111111111111111112-H4phNbsqjV5rqk8u6FUACTLB6rNZRTAPGnBb8KXJpump,WSOL-SSE,WSOL,So11111111111111111111111111111111111111112,SSE,H4phNbsqjV5rqk8u6FUACTLB6rNZRTAPGnBb8KXJpump,892553.34,833023.27,5334654.09,25449991.39,3,22,25,1,2,400,20000
461,So11111111111111111111111111111111111111112-AxGAbdFtdbj2oNXa4dKqFvwHzgFtW9mFHWmd7vQfpump,WSOL-HAT,WSOL,So11111111111111111111111111111111111111112,HAT,AxGAbdFtdbj2oNXa4dKqFvwHzgFtW9mFHWmd7vQfpump,565333.11,910393.16,3751814.52,8153835.04,2,7,9,1,2,400,20000
462,So11111111111111111111111111111111111111112-Ey59PH7Z4BFU4HjyKnyMdWt5GGN76KazTAwQihoUXRnk,WSOL-PASTERNAK,WSOL,So11111111111111111111111111111111111111112,PASTERNAK,Ey59PH7Z4BFU4HjyKnyMdWt5GGN76KazTAwQihoUXRnk,150025.95,968516.91,1126687.79,1640122.33,3,1,4,1,2,400,20000
463,So11111111111111111111111111111111111111112-Ai4CL1SAxVRigxQFwBH8S2JkuL7EqrdiGwTC7JpCpump,WSOL-AWR,WSOL,So11111111111111111111111111111111111111112,AWR,Ai4CL1SAxVRigxQFwBH8S2JkuL7EqrdiGwTC7JpCpump,428501.63,974715.57,2913271.24,4019790.47,1,5,6,1,2,400,20000
464,So11111111111111111111111111111111111111112-eL5fUxj2J4CiQsmW85k5FG9DvuQjjUoBHoQBi2Kpump,WSOL-UFD,WSOL,So11111111111111111111111111111111111111112,UFD,eL5fUxj2J4CiQsmW85k5FG9DvuQjjUoBHoQBi2Kpump,2311012.67,1062353.65,6549654.64,32650689.47,2,33,35,1,2,400,20000
465,zBTCug3er3tLyffELcvDNrKkCymbPWysGcWihESYfLg-EPjFWdd5AufqSSqeM2qN1xzybapC8G4wEGGkZwyTDt1v,zBTC-USDC,zBTC,zBTCug3er3tLyffELcvDNrKkCymbPWysGcWihESYfLg,USDC,EPjFWdd5AufqSSqeM2qN1xzybapC8G4wEGGkZwyTDt1v,188510.21,1080033.16,6621194.7,23518393.95,1,1,2,1,2,400,20000
466,So11111111111111111111111111111111111111112-Hjw6bEcHtbHGpQr8onG3izfJY5DJiWdt7uk2BfdSpump,WSOL-SNAI,WSOL,So11111111111111111111111111111111111111112,SNAI,Hjw6bEcHtbHGpQr8onG3izfJY5DJiWdt7uk2BfdSpump,1772253.27,1219767.64,5955104.86,28751571.16,2,23,25,1,2,400,20000
467,So11111111111111111111111111111111111111112-9DHe3pycTuymFk4H4bbPoAJ4hQrr2kaLDF6J6aAKpump,WSOL-BUZZ,WSOL,So11111111111111111111111111111111111111112,BUZZ,9DHe3pycTuymFk4H4bbPoAJ4hQrr2kaLDF6J6aAKpump,1521448.68,1243372.02,9313420.37,40907952.24,2,27,29,1,2,400,20000
468,So11111111111111111111111111111111111111112-Grass7B4RdKfBCjTKgSqnXkqjwiGvQyFbuSCUJr3XXjs,WSOL-GRASS,WSOL,So11111111111111111111111111111111111111112,GRASS,Grass7B4RdKfBCjTKgSqnXkqjwiGvQyFbuSCUJr3XXjs,1526616.27,1254968.8,8171163.86,49080348.79,5,30,35,1,2,400,20000
469,mtnc7NNSpAJuvYNmayXU63WhWZGgFzwQ2yeYWqemeta-EPjFWdd5AufqSSqeM2qN1xzybapC8G4wEGGkZwyTDt1v,MTN-USDC,MTN,mtnc7NNSpAJuvYNmayXU63WhWZGgFzwQ2yeYWqemeta,USDC,EPjFWdd5AufqSSqeM2qN1xzybapC8G4wEGGkZwyTDt1v,1352744.46,1273782.67,12569928.1,30915203.54,1,3,4,1,2,400,20000
470,So11111111111111111111111111111111111111112-6NcdiK8B5KK2DzKvzvCfqi8EHaEqu48fyEzC8Mm9pump,WSOL-STONKS,WSOL,So11111111111111111111111111111111111111112,STONKS,6NcdiK8B5KK2DzKvzvCfqi8EHaEqu48fyEzC8Mm9pump,2703634.38,1283548.5,9024809.84,35183762.3,3,17,20,1,2,400,20000
471,So11111111111111111111111111111111111111112-5mbK36SZ7J19An8jFochhQS4of8g6BwUjbeCSxBSoWdp,WSOL-$michi,WSOL,So11111111111111111111111111111111111111112,$michi,5mbK36SZ7J19An8jFochhQS4of8g6BwUjbeCSxBSoWdp,2609548.48,1305063.69,6848265.71,21911412.41,3,19,22,1,2,400,20000
472,So11111111111111111111111111111111111111112-GekTNfm84QfyP2GdAHZ5AgACBRd69aNmgA5FDhZupump,WSOL-GRIFT,WSOL,So11111111111111111111111111111111111111112,GRIFT,GekTNfm84QfyP2GdAHZ5AgACBRd69aNmgA5FDhZupump,1290399.03,1306792.87,4249304.95,15317475.45,2,12,14,1,2,400,20000
473,So11111111111111111111111111111111111111112-Dfh5DzRgSvvCFDoYc2ciTkMrbDfRKybA4SoFbPmApump,WSOL-pippin,WSOL,So11111111111111111111111111111111111111112,pippin,Dfh5DzRgSvvCFDoYc2ciTkMrbDfRKybA4SoFbPmApump,1868985.5,1381601.88,8313874.81,20660749.97,2,21,23,1,2,400,20000
474,So11111111111111111111111111111111111111112-J5DzAP6j17bXBXykvkQVM5ntfyWAdL88okBQvDH9pump,WSOL-CUCK,WSOL,So11111111111111111111111111111111111111112,CUCK,J5DzAP6j17bXBXykvkQVM5ntfyWAdL88okBQvDH9pump,60030.16,1385617.36,1725245.21,1725245.21,2,9,11,1,2,400,20000
475,So11111111111111111111111111111111111111112-FWAr6oWa6CHg6WUcXu8CqkmsdbhtEqL8t31QTonppump,WSOL-PVS,WSOL,So11111111111111111111111111111111111111112,PVS,FWAr6oWa6CHg6WUcXu8CqkmsdbhtEqL8t31QTonppump,632295.69,1418424.69,7949165.4,48088714.75,2,12,14,1,2,400,20000
476,So11111111111111111111111111111111111111112-rndrizKT3MK1iimdxRdWabcF7Zg7AR5T4nud4EkHBof,WSOL-RENDER,WSOL,So11111111111111111111111111111111111111112,RENDER,rndrizKT3MK1iimdxRdWabcF7Zg7AR5T4nud4EkHBof,1530875.6,1442079.37,8223255.61,32958374.07,3,7,10,1,2,400,20000
477,So11111111111111111111111111111111111111112-9McvH6w97oewLmPxqQEoHUAv3u5iYMyQ9AeZZhguYf1T,WSOL-Anon,WSOL,So11111111111111111111111111111111111111112,Anon,9McvH6w97oewLmPxqQEoHUAv3u5iYMyQ9AeZZhguYf1T,1168717.8,1458512.15,5285715.0,22587716.9,3,26,29,1,2,400,20000
478,So11111111111111111111111111111111111111112-FasH397CeZLNYWkd3wWK9vrmjd1z93n3b59DssRXpump,WSOL-BUTTCOIN,WSOL,So11111111111111111111111111111111111111112,BUTTCOIN,FasH397CeZLNYWkd3wWK9vrmjd1z93n3b59DssRXpump,1069311.38,1467145.88,11949436.06,104882225.75,2,12,14,1,2,400,20000
479,Hax9LTgsQkze1YFychnBLtFH8gYbQKtKfWKKg2SP6gdD-So11111111111111111111111111111111111111112,TAI-WSOL,TAI,Hax9LTgsQkze1YFychnBLtFH8gYbQKtKfWKKg2SP6gdD,WSOL,So11111111111111111111111111111111111111112,1020628.67,1543616.38,11169902.71,22221666.25,2,21,23,1,2,400,20000
480,ukHH6c7mMyiWCf1b9pnWe25TSpkDDt3H5pQZgZ74J82-So11111111111111111111111111111111111111112,BOME-WSOL,BOME,ukHH6c7mMyiWCf1b9pnWe25TSpkDDt3H5pQZgZ74J82,WSOL,So11111111111111111111111111111111111111112,22010393.26,1864955.92,12546447.78,37821772.2,3,7,10,1,2,400,20000
481,So11111111111111111111111111111111111111112-9PR7nCP9DpcUotnDPVLUBUZKu5WAYkwrCUx9wDnSpump,WSOL-Ban,WSOL,So11111111111111111111111111111111111111112,Ban,9PR7nCP9DpcUotnDPVLUBUZKu5WAYkwrCUx9wDnSpump,2529673.97,2067774.3,6014836.47,17231337.15,3,16,19,1,2,400,20000
482,7BgBvyjrZX1YKz4oh9mjb8ZScatkkwb8DzFx7LoiVkM3-So11111111111111111111111111111111111111112,SLERF-WSOL,SLERF,7BgBvyjrZX1YKz4oh9mjb8ZScatkkwb8DzFx7LoiVkM3,WSOL,So11111111111111111111111111111111111111112,39749220.5,2341874.87,7237685.38,26085801.47,2,14,16,1,2,400,20000
483,So11111111111111111111111111111111111111112-4FkNq8RcCYg4ZGDWh14scJ7ej3m5vMjYTcWoJVkupump,WSOL-LUMO,WSOL,So11111111111111111111111111111111111111112,LUMO,4FkNq8RcCYg4ZGDWh14scJ7ej3m5vMjYTcWoJVkupump,889255.2,2344223.46,21483493.54,26265832.28,3,14,17,1,2,400,20000
484,So11111111111111111111111111111111111111112-4HuSTfcJruukNbhrF9sc5iKrMeGxNBs6XpQ1L2hUpump,WSOL-OPAIUM,WSOL,So11111111111111111111111111111111111111112,OPAIUM,4HuSTfcJruukNbhrF9sc5iKrMeGxNBs6XpQ1L2hUpump,387140.54,2374990.94,10211832.71,10468723.66,2,9,11,1,2,400,20000
485,So11111111111111111111111111111111111111112-zBTCug3er3tLyffELcvDNrKkCymbPWysGcWihESYfLg,WSOL-zBTC,WSOL,So11111111111111111111111111111111111111112,zBTC,zBTCug3er3tLyffELcvDNrKkCymbPWysGcWihESYfLg,485765.02,2727930.06,15528212.43,38563646.29,1,6,7,1,2,400,20000
486,So11111111111111111111111111111111111111112-7oLWGMuGbBm9uwDmffSdxLE98YChFAH1UdY5XpKYLff8,WSOL-WOJAK,WSOL,So11111111111111111111111111111111111111112,WOJAK,7oLWGMuGbBm9uwDmffSdxLE98YChFAH1UdY5XpKYLff8,125092.18,3472557.59,7753437.2,7771578.53,1,4,5,1,2,400,20000
487,So11111111111111111111111111111111111111112-FtUEW73K6vEYHfbkfpdBZfWpxgQar2HipGdbutEhpump,WSOL-titcoin,WSOL,So11111111111111111111111111111111111111112,titcoin,FtUEW73K6vEYHfbkfpdBZfWpxgQar2HipGdbutEhpump,1429646.48,3594598.19,23186869.91,188443660.19,2,15,17,1,2,400,20000
488,So11111111111111111111111111111111111111112-CniPCE4b3s8gSUPhUiyMjXnytrEqUrMfSsnbBjLCpump,WSOL-pwease,WSOL,So11111111111111111111111111111111111111112,pwease,CniPCE4b3s8gSUPhUiyMjXnytrEqUrMfSsnbBjLCpump,1059542.17,3841753.64,12720634.45,70110786.73,2,19,21,1,2,400,20000
489,So11111111111111111111111111111111111111112-Hg8bKz4mvs8KNj9zew1cEF9tDw1x2GViB4RFZjVEmfrD,WSOL-,WSOL,So11111111111111111111111111111111111111112,,Hg8bKz4mvs8KNj9zew1cEF9tDw1x2GViB4RFZjVEmfrD,28163998.19,3994264.03,32398523.41,197348443.49,6,0,6,1,2,400,20000
490,So11111111111111111111111111111111111111112-BQX1cjcRHXmrqNtoFWwmE5bZj7RPneTmqXB979b2pump,WSOL-Italianrot,WSOL,So11111111111111111111111111111111111111112,Italianrot,BQX1cjcRHXmrqNtoFWwmE5bZj7RPneTmqXB979b2pump,591164.3,5514708.01,21619922.75,37846155.82,2,6,8,1,2,400,20000
491,So11111111111111111111111111111111111111112-CBdCxKo9QavR9hfShgpEBG3zekorAeD7W1jfq2o3pump,WSOL-LUCE,WSOL,So11111111111111111111111111111111111111112,LUCE,CBdCxKo9QavR9hfShgpEBG3zekorAeD7W1jfq2o3pump,1679181.57,6369757.5,54640607.13,93156472.26,3,30,33,1,2,400,20000
492,So11111111111111111111111111111111111111112-FeR8VBqNRSUD5NtXAj2n3j1dAHkZHfyDktKuLXD4pump,WSOL-jellyjelly,WSOL,So11111111111111111111111111111111111111112,jellyjelly,FeR8VBqNRSUD5NtXAj2n3j1dAHkZHfyDktKuLXD4pump,2444145.65,7973622.11,25412970.99,174314212.58,3,44,47,1,2,400,20000
493,So11111111111111111111111111111111111111112-HzwqbKZw8HxMN6bF2yFZNrht3c2iXXzpKcFu7uBEDKtr,WSOL-EURC,WSOL,So11111111111111111111111111111111111111112,EURC,HzwqbKZw8HxMN6bF2yFZNrht3c2iXXzpKcFu7uBEDKtr,1494347.54,8212427.08,60683128.96,183887796.66,2,4,6,1,2,400,20000
494,EPjFWdd5AufqSSqeM2qN1xzybapC8G4wEGGkZwyTDt1v-HzwqbKZw8HxMN6bF2yFZNrht3c2iXXzpKcFu7uBEDKtr,USDC-EURC,USDC,EPjFWdd5AufqSSqeM2qN1xzybapC8G4wEGGkZwyTDt1v,EURC,HzwqbKZw8HxMN6bF2yFZNrht3c2iXXzpKcFu7uBEDKtr,1885305.93,10804434.82,80149851.66,298204150.94,2,7,9,1,2,400,20000
495,25hAyBQfoDhfWx9ay6rarbgvWGwDdNqcHsXS3jQ3mTDJ-So11111111111111111111111111111111111111112,MANEKI-WSOL,MANEKI,25hAyBQfoDhfWx9ay6rarbgvWGwDdNqcHsXS3jQ3mTDJ,WSOL,So11111111111111111111111111111111111111112,8547018.55,11518487.57,48771680.72,97530967.63,2,16,18,1,2,400,20000
496,JosjEXh69RckgSs2AWsN1xN8zmiSHxBuJjHLURJnHhg-So11111111111111111111111111111111111111112,JOS-WSOL,JOS,JosjEXh69RckgSs2AWsN1xN8zmiSHxBuJjHLURJnHhg,WSOL,So11111111111111111111111111111111111111112,435512.2,15774332.56,17652588.74,17652588.74,4,12,16,1,2,400,20000
497,So11111111111111111111111111111111111111112-8x5VqbHA8D7NkD52uNuS5nnt3PwA8pLD34ymskeSo2Wn,WSOL-ZEREBRO,WSOL,So11111111111111111111111111111111111111112,ZEREBRO,8x5VqbHA8D7NkD52uNuS5nnt3PwA8pLD34ymskeSo2Wn,3847860.33,15912196.92,48624430.47,64780974.03,3,25,28,1,2,400,20000
