No.,pair_name,display_pair_name,token_1_name,token_1_address,token_2_name,token_2_address,total_tvl,total_day_volume,total_week_volume,total_month_volume,raydium_pool_count,meteora_pool_count,sum_of_raydium_and_meteora_pool_count,required_raydium_pool_count,required_sum_of_raydium_and_meteora_pool_count,required_total_day_trade_volume,required_minimum_total_tvl
1,So11111111111111111111111111111111111111112-A6WCD9dzgpCpCofGG7boCN3jJitmBSoXS7tgZa4rGooD,WSOL-GOOD,WSOL,So11111111111111111111111111111111111111112,GOOD,A6WCD9dzgpCpCofGG7boCN3jJitmBSoXS7tgZa4rGooD,213852.22,400.44,7414.47,89329.2,2,0,2,1,2,400,20000
2,So11111111111111111111111111111111111111112-8CuPzHKuZQUyYbear8fi3u6iuTY652WVZT2cHZ2yeNbE,WSOL-EARN,WSOL,So11111111111111111111111111111111111111112,EARN,8CuPzHKuZQUyYbear8fi3u6iuTY652WVZT2cHZ2yeNbE,160045.03,401.5,21805.48,46402.21,3,0,3,1,2,400,20000
3,61y6rK1UkEnVdqF4sDMct9pwApEVp7G7TjSgzXd2GBN-So11111111111111111111111111111111111111112,SASSY-WSOL,SASSY,61y6rK1UkEnVdqF4sDMct9pwApEVp7G7TjSgzXd2GBN,WSOL,So11111111111111111111111111111111111111112,38459.78,407.65,8603.02,10632.3,2,0,2,1,2,400,20000
4,So11111111111111111111111111111111111111112-DECqp3qgUAarXoP2FssBnFXPsqtLhc5Y9UuvjxWMpump,WSOL-QFE,WSOL,So11111111111111111111111111111111111111112,QFE,DECqp3qgUAarXoP2FssBnFXPsqtLhc5Y9UuvjxWMpump,35557.96,414.08,8178.42,31239.6,1,12,13,1,2,400,20000
5,So11111111111111111111111111111111111111112-93vpr9tx4jXzeyt14Jwqcd4q4d9CBP9jb674pQ5vpump,WSOL-YDWTL,WSOL,So11111111111111111111111111111111111111112,YDWTL,93vpr9tx4jXzeyt14Jwqcd4q4d9CBP9jb674pQ5vpump,52620.51,430.38,2474.34,10100.38,2,0,2,1,2,400,20000
6,So11111111111111111111111111111111111111112-4ytpZgVoNB66bFs6NRCUaAVsLdtYk2fHq4U92Jnjpump,WSOL-BTW,WSOL,So11111111111111111111111111111111111111112,BTW,4ytpZgVoNB66bFs6NRCUaAVsLdtYk2fHq4U92Jnjpump,124932.99,450.81,33968.67,163294.05,2,0,2,1,2,400,20000
7,So11111111111111111111111111111111111111112-2Tr3i2qjSPUb7e7BSFWTq7gsRzJEnYBKc7wRAYu3pump,WSOL-BeffAI,WSOL,So11111111111111111111111111111111111111112,BeffAI,2Tr3i2qjSPUb7e7BSFWTq7gsRzJEnYBKc7wRAYu3pump,64528.78,451.15,9884.08,116841.27,1,5,6,1,2,400,20000
8,9cLx6w1fN6b67VxsGxaFaCTgQcNqsA51p4uMWdkgQqmC-So11111111111111111111111111111111111111112,BOYS-WSOL,BOYS,9cLx6w1fN6b67VxsGxaFaCTgQcNqsA51p4uMWdkgQqmC,WSOL,So11111111111111111111111111111111111111112,33704.13,451.55,12106.6,68804.44,2,0,2,1,2,400,20000
9,So11111111111111111111111111111111111111112-5tZHKgJpnF1hsjSnQ5N9NA2c3S4QzaFw3uq2ARGspump,WSOL-gort,WSOL,So11111111111111111111111111111111111111112,gort,5tZHKgJpnF1hsjSnQ5N9NA2c3S4QzaFw3uq2ARGspump,43055.6,485.17,14956.61,29481.5,3,0,3,1,2,400,20000
10,So11111111111111111111111111111111111111112-HCq9orwso55TowciCZkD3Yb7c74iHYRGvQrubz4ppump,WSOL-SSEC,WSOL,So11111111111111111111111111111111111111112,SSEC,HCq9orwso55TowciCZkD3Yb7c74iHYRGvQrubz4ppump,49287.56,529.42,22327.7,32907.4,2,0,2,1,2,400,20000
11,So11111111111111111111111111111111111111112-Gst1mHM4sqEgUeZVNLRaDhVZBKngsnpch4abiVyGpump,WSOL-$CRAB,WSOL,So11111111111111111111111111111111111111112,$CRAB,Gst1mHM4sqEgUeZVNLRaDhVZBKngsnpch4abiVyGpump,26428.49,530.87,1544.08,2769.63,2,0,2,1,2,400,20000
12,E1R4RF89GcKxz62DVfojxDJteLFFs8rtiXcGcrx5HbTj-EPjFWdd5AufqSSqeM2qN1xzybapC8G4wEGGkZwyTDt1v,$MATRIX-USDC,$MATRIX,E1R4RF89GcKxz62DVfojxDJteLFFs8rtiXcGcrx5HbTj,USDC,EPjFWdd5AufqSSqeM2qN1xzybapC8G4wEGGkZwyTDt1v,129529.73,533.64,4528.52,25801.73,2,0,2,1,2,400,20000
13,So11111111111111111111111111111111111111112-Crtok2AHswrU1RBBJvbcLjsV7nBVUArNhbLdWqJZpump,WSOL-gigacycle,WSOL,So11111111111111111111111111111111111111112,gigacycle,Crtok2AHswrU1RBBJvbcLjsV7nBVUArNhbLdWqJZpump,20208.26,547.23,5606.34,8399.54,2,0,2,1,2,400,20000
14,So11111111111111111111111111111111111111112-7yZFFUhq9ac7DY4WobLL539pJEUbMnQ5AGQQuuEMpump,WSOL-OBOT,WSOL,So11111111111111111111111111111111111111112,OBOT,7yZFFUhq9ac7DY4WobLL539pJEUbMnQ5AGQQuuEMpump,169221.67,550.57,11859.49,27472.89,1,12,13,1,2,400,20000
15,So11111111111111111111111111111111111111112-53dig5bMmYBGNxDXAGFNjA59mqry3piqTpbFzYKEpump,WSOL-GAIM,WSOL,So11111111111111111111111111111111111111112,GAIM,53dig5bMmYBGNxDXAGFNjA59mqry3piqTpbFzYKEpump,27806.81,553.44,2349.99,25957.43,1,4,5,1,2,400,20000
16,So11111111111111111111111111111111111111112-J7Q9gHS3FoXideE6Yk43gQPk7YMbr3wi15FGChVzpump,WSOL-HYPER,WSOL,So11111111111111111111111111111111111111112,HYPER,J7Q9gHS3FoXideE6Yk43gQPk7YMbr3wi15FGChVzpump,36111.02,554.96,825.74,3288.53,2,0,2,1,2,400,20000
17,So11111111111111111111111111111111111111112-5AnPDx9GposBi9jSW2dFfE5QQD3FmXbudoquMNDxpump,WSOL-DOLLAR,WSOL,So11111111111111111111111111111111111111112,DOLLAR,5AnPDx9GposBi9jSW2dFfE5QQD3FmXbudoquMNDxpump,82698.44,578.72,22577.88,67876.78,1,8,9,1,2,400,20000
18,2idBzH45gfXFEhivcQVTXVgQGUDhX8scXoZwAiTQUT6L-So11111111111111111111111111111111111111112,PINGU-WSOL,PINGU,2idBzH45gfXFEhivcQVTXVgQGUDhX8scXoZwAiTQUT6L,WSOL,So11111111111111111111111111111111111111112,78779.93,592.51,1107.22,2252.28,2,0,2,1,2,400,20000
19,So11111111111111111111111111111111111111112-7wM4MnbsPsG95A3WhZgbrPWvMtydKmJjqKr2ZVJVpump,WSOL-NAVAL,WSOL,So11111111111111111111111111111111111111112,NAVAL,7wM4MnbsPsG95A3WhZgbrPWvMtydKmJjqKr2ZVJVpump,49210.2,606.98,12076.67,103019.9,1,6,7,1,2,400,20000
20,So11111111111111111111111111111111111111112-6xbPNG5m1PPJh8ts9B9zxeqgjkjkgdbxxJp8gJqpsEFK,WSOL-$BTC25,WSOL,So11111111111111111111111111111111111111112,$BTC25,6xbPNG5m1PPJh8ts9B9zxeqgjkjkgdbxxJp8gJqpsEFK,95923.64,628.72,3250.88,7473.41,2,0,2,1,2,400,20000
21,So11111111111111111111111111111111111111112-DAMqxQRG5FKsnMNXEdBQMdTSiz86b5BziH4p6FS6pump,WSOL-brokie,WSOL,So11111111111111111111111111111111111111112,brokie,DAMqxQRG5FKsnMNXEdBQMdTSiz86b5BziH4p6FS6pump,68776.38,705.99,28799.49,39159.89,2,0,2,1,2,400,20000
22,So11111111111111111111111111111111111111112-8xzoj8mVmXtBQm6d2euJGFPvQ2QsTV5R8cdexi2qpump,WSOL-MOE,WSOL,So11111111111111111111111111111111111111112,MOE,8xzoj8mVmXtBQm6d2euJGFPvQ2QsTV5R8cdexi2qpump,98969.72,707.96,19866.77,160781.93,1,6,7,1,2,400,20000
23,So11111111111111111111111111111111111111112-92crE7qiX5T7VtiXhCeagfo1E81UtyguiXM7qCi7pump,WSOL-create,WSOL,So11111111111111111111111111111111111111112,create,92crE7qiX5T7VtiXhCeagfo1E81UtyguiXM7qCi7pump,60327.28,727.69,20755.82,105773.14,2,4,6,1,2,400,20000
24,So11111111111111111111111111111111111111112-5bs3kHmjo1F3ZL42scfYyx9re3hhnayZYF8NkUr5D8HE,WSOL-SOAP,WSOL,So11111111111111111111111111111111111111112,SOAP,5bs3kHmjo1F3ZL42scfYyx9re3hhnayZYF8NkUr5D8HE,89210.92,765.85,14921.6,191889.34,2,0,2,1,2,400,20000
25,A2khRbhRJNrAEHj95htivC4cR4VbJwfssDH5FPPbP4m9-So11111111111111111111111111111111111111112,duk-WSOL,duk,A2khRbhRJNrAEHj95htivC4cR4VbJwfssDH5FPPbP4m9,WSOL,So11111111111111111111111111111111111111112,63530.88,787.19,29735.71,59145.08,1,7,8,1,2,400,20000
26,So11111111111111111111111111111111111111112-FwzpNxnabjZvc8QCnV6qPEBKxqLxSyjobc5Etdgxpump,WSOL-ALR,WSOL,So11111111111111111111111111111111111111112,ALR,FwzpNxnabjZvc8QCnV6qPEBKxqLxSyjobc5Etdgxpump,50370.03,788.0,13266.38,57477.66,2,7,9,1,2,400,20000
27,So11111111111111111111111111111111111111112-JBSVUpKgYNHt4GLtNebQxTJmZgftTMWENQrziHtGpump,WSOL-Swarm,WSOL,So11111111111111111111111111111111111111112,Swarm,JBSVUpKgYNHt4GLtNebQxTJmZgftTMWENQrziHtGpump,159843.51,798.54,19432.17,45916.33,1,6,7,1,2,400,20000
28,So11111111111111111111111111111111111111112-7iiEymNMwPSnhx2foU1mEDGAzEjv5wUNjaxEAYvwpump,WSOL-BIGGEST,WSOL,So11111111111111111111111111111111111111112,BIGGEST,7iiEymNMwPSnhx2foU1mEDGAzEjv5wUNjaxEAYvwpump,103641.77,799.05,2489.97,15003.86,2,0,2,1,2,400,20000
29,So11111111111111111111111111111111111111112-FCzioYCxRXWbFAoG1pBmAsWXnEFdLLs5znH2azwjJ2fY,WSOL-🧛,WSOL,So11111111111111111111111111111111111111112,🧛,FCzioYCxRXWbFAoG1pBmAsWXnEFdLLs5znH2azwjJ2fY,32708.59,818.7,7703.39,19529.61,3,2,5,1,2,400,20000
30,So11111111111111111111111111111111111111112-HaL8cPcEZgwLaCbwyf6aAPh7rhw7iHck22zFXSNjpump,WSOL-Claude,WSOL,So11111111111111111111111111111111111111112,Claude,HaL8cPcEZgwLaCbwyf6aAPh7rhw7iHck22zFXSNjpump,60889.73,832.49,14763.09,490606.98,2,4,6,1,2,400,20000
31,7nFYpHyhDgzg3ioU2JFko5kaVwm6bjkL4MtbUiVAiYbJ-So11111111111111111111111111111111111111112,NET-WSOL,NET,7nFYpHyhDgzg3ioU2JFko5kaVwm6bjkL4MtbUiVAiYbJ,WSOL,So11111111111111111111111111111111111111112,25001.05,834.46,36279.01,91328.52,2,0,2,1,2,400,20000
32,So11111111111111111111111111111111111111112-CwsQd329uL1ccxT3my2EJCEsciT1CUfk2BUmPF8Ppump,WSOL-DATAWITCH,WSOL,So11111111111111111111111111111111111111112,DATAWITCH,CwsQd329uL1ccxT3my2EJCEsciT1CUfk2BUmPF8Ppump,42518.36,855.92,19442.11,94403.21,1,6,7,1,2,400,20000
33,So11111111111111111111111111111111111111112-HmfNGq7kxE6ppMDGW87xPuMU6wnKbeYBZf76K7t33w3s,WSOL-KOHLER,WSOL,So11111111111111111111111111111111111111112,KOHLER,HmfNGq7kxE6ppMDGW87xPuMU6wnKbeYBZf76K7t33w3s,78776.23,867.83,21463.69,56112.12,1,2,3,1,2,400,20000
34,So11111111111111111111111111111111111111112-GVxCVNbMrnRFztSXMDFAheoN7JJdSTr1dTawrmwXPh2n,WSOL-MSTASH,WSOL,So11111111111111111111111111111111111111112,MSTASH,GVxCVNbMrnRFztSXMDFAheoN7JJdSTr1dTawrmwXPh2n,28064.96,892.09,8053.21,37356.49,2,0,2,1,2,400,20000
35,SCSuPPNUSypLBsV4darsrYNg4ANPgaGhKhsA3GmMyjz-So11111111111111111111111111111111111111112,SCS-WSOL,SCS,SCSuPPNUSypLBsV4darsrYNg4ANPgaGhKhsA3GmMyjz,WSOL,So11111111111111111111111111111111111111112,29576.13,930.98,10812.45,39489.46,1,10,11,1,2,400,20000
36,HfYFjMKNZygfMC8LsQ8LtpPsPxEJoXJx4M6tqi75Hajo-EPjFWdd5AufqSSqeM2qN1xzybapC8G4wEGGkZwyTDt1v,CWAR-USDC,CWAR,HfYFjMKNZygfMC8LsQ8LtpPsPxEJoXJx4M6tqi75Hajo,USDC,EPjFWdd5AufqSSqeM2qN1xzybapC8G4wEGGkZwyTDt1v,65365.86,932.28,9042.48,38428.87,2,0,2,1,2,400,20000
37,So11111111111111111111111111111111111111112-3DyT1fDosT42GT7srFmv5m2VuzU9AB68QknwWY6Kpump,WSOL-unl,WSOL,So11111111111111111111111111111111111111112,unl,3DyT1fDosT42GT7srFmv5m2VuzU9AB68QknwWY6Kpump,24236.72,936.33,5745.63,14149.05,2,0,2,1,2,400,20000
38,4f9Nc1vPWvcbGP9Zfi6TWD9tApyMgBrqmXexNZnR4Wmo-So11111111111111111111111111111111111111112,GOATSE-WSOL,GOATSE,4f9Nc1vPWvcbGP9Zfi6TWD9tApyMgBrqmXexNZnR4Wmo,WSOL,So11111111111111111111111111111111111111112,21431.08,936.99,4743.25,13461.37,2,0,2,1,2,400,20000
39,So11111111111111111111111111111111111111112-27T4BetBEXjxfqeUb7WWcCz8rKPUJuxNu2CGzApPpump,WSOL-CUBA,WSOL,So11111111111111111111111111111111111111112,CUBA,27T4BetBEXjxfqeUb7WWcCz8rKPUJuxNu2CGzApPpump,94208.67,955.99,4156.1,8011.7,2,8,10,1,2,400,20000
40,So11111111111111111111111111111111111111112-Agentfk87X48g37uPprEZaQtizDvnSQVeTqVjAtmbhd3,WSOL-$SOULS,WSOL,So11111111111111111111111111111111111111112,$SOULS,Agentfk87X48g37uPprEZaQtizDvnSQVeTqVjAtmbhd3,51240.31,973.42,8568.21,26083.23,1,8,9,1,2,400,20000
41,So11111111111111111111111111111111111111112-5Kh2xc7X2qfRig2DZyGkuEXw7jeXUXoei7U6GBjfpump,WSOL-SEDUX,WSOL,So11111111111111111111111111111111111111112,SEDUX,5Kh2xc7X2qfRig2DZyGkuEXw7jeXUXoei7U6GBjfpump,35314.1,994.07,9079.75,24953.56,1,2,3,1,2,400,20000
42,So11111111111111111111111111111111111111112-6mZ76DjmTYhtEGLcVSEyeS5VcByHauxpw6oYQL4spump,WSOL-0x0x,WSOL,So11111111111111111111111111111111111111112,0x0x,6mZ76DjmTYhtEGLcVSEyeS5VcByHauxpw6oYQL4spump,49926.44,1020.23,21377.62,55876.0,1,4,5,1,2,400,20000
43,So11111111111111111111111111111111111111112-FqvtZ2UFR9we82Ni4LeacC1zyTiQ77usDo31DUokpump,WSOL-$slop,WSOL,So11111111111111111111111111111111111111112,$slop,FqvtZ2UFR9we82Ni4LeacC1zyTiQ77usDo31DUokpump,112007.57,1022.3,11851.85,28508.06,1,13,14,1,2,400,20000
44,So11111111111111111111111111111111111111112-HmAgiwjjP9CXqK5wQNsHKtjAt2CH3Kv8Q7xH5kGL2nqZ,WSOL-Barron,WSOL,So11111111111111111111111111111111111111112,Barron,HmAgiwjjP9CXqK5wQNsHKtjAt2CH3Kv8Q7xH5kGL2nqZ,151231.78,1044.28,29829.59,185853.62,2,0,2,1,2,400,20000
45,So11111111111111111111111111111111111111112-aPig1huDbdDTR9HmJBSHK5jiHrG3o2ZThdG4xPDpump,WSOL-SOURCE,WSOL,So11111111111111111111111111111111111111112,SOURCE,aPig1huDbdDTR9HmJBSHK5jiHrG3o2ZThdG4xPDpump,47274.79,1072.29,16712.29,40506.89,2,2,4,1,2,400,20000
46,So11111111111111111111111111111111111111112-7yn2PRbB96TgcCkkMK4zD6vvMth6Co5B5Nma6XvPpump,WSOL-Thales,WSOL,So11111111111111111111111111111111111111112,Thales,7yn2PRbB96TgcCkkMK4zD6vvMth6Co5B5Nma6XvPpump,87334.28,1136.12,12958.42,98973.17,2,7,9,1,2,400,20000
47,oraiJP7H3LAt57DkFXNLDbLdBFNRRPvS8jg2j5AZkd9-So11111111111111111111111111111111111111112,GNRT-WSOL,GNRT,oraiJP7H3LAt57DkFXNLDbLdBFNRRPvS8jg2j5AZkd9,WSOL,So11111111111111111111111111111111111111112,54663.34,1200.49,19683.07,46770.97,2,6,8,1,2,400,20000
48,So11111111111111111111111111111111111111112-FViZQJymuQ9FaxmpudCQS7ffJUt4udHzwJKPBiy7pump,WSOL-PanterAI,WSOL,So11111111111111111111111111111111111111112,PanterAI,FViZQJymuQ9FaxmpudCQS7ffJUt4udHzwJKPBiy7pump,22838.72,1242.82,10896.96,21062.38,1,2,3,1,2,400,20000
49,So11111111111111111111111111111111111111112-AKyVUXwrYPxnt9cf9EQUpRmty6yrW25d3R8R1YVepump,WSOL-LOLA,WSOL,So11111111111111111111111111111111111111112,LOLA,AKyVUXwrYPxnt9cf9EQUpRmty6yrW25d3R8R1YVepump,57566.71,1316.4,7124.95,15164.08,1,10,11,1,2,400,20000
50,So11111111111111111111111111111111111111112-45ZAM7JK8ZGHuBQiJ8kvhdiVdiQGsTQGgt3gRAEQpump,WSOL-Asha,WSOL,So11111111111111111111111111111111111111112,Asha,45ZAM7JK8ZGHuBQiJ8kvhdiVdiQGsTQGgt3gRAEQpump,67775.08,1336.72,11504.24,36429.37,1,8,9,1,2,400,20000
51,EUxS8Kqvbe8zDr8bG1RYtgjVNzEhMTG6B6H3WwrCHfwA-So11111111111111111111111111111111111111112,BIRDFLU-WSOL,BIRDFLU,EUxS8Kqvbe8zDr8bG1RYtgjVNzEhMTG6B6H3WwrCHfwA,WSOL,So11111111111111111111111111111111111111112,33344.25,1366.03,11900.84,56611.43,2,0,2,1,2,400,20000
52,E6Eg7Esj5tfSwkbDGdrzhrotqptv7ghJNarLZ9rbHDSG-So11111111111111111111111111111111111111112,SHARE-WSOL,SHARE,E6Eg7Esj5tfSwkbDGdrzhrotqptv7ghJNarLZ9rbHDSG,WSOL,So11111111111111111111111111111111111111112,31176.14,1385.64,19970.71,27662.85,2,0,2,1,2,400,20000
53,So11111111111111111111111111111111111111112-2iygm3ZBu3YRDiJREMrZTLayffBJBShTrhEe9iyYpump,WSOL-UP,WSOL,So11111111111111111111111111111111111111112,UP,2iygm3ZBu3YRDiJREMrZTLayffBJBShTrhEe9iyYpump,35027.88,1387.99,35379.48,79488.51,2,0,2,1,2,400,20000
54,So11111111111111111111111111111111111111112-CbUPTbC4K7zdAEWxfa1nad4468xpX3LpWPhZVnzybhfN,WSOL-WAIT,WSOL,So11111111111111111111111111111111111111112,WAIT,CbUPTbC4K7zdAEWxfa1nad4468xpX3LpWPhZVnzybhfN,56757.54,1393.38,143454.37,147955.74,1,7,8,1,2,400,20000
55,So11111111111111111111111111111111111111112-7gMxpJ5GULbmpqafk86KiRAaUumZHNSBV8VGnFJp6h3G,WSOL-MOONDOG,WSOL,So11111111111111111111111111111111111111112,MOONDOG,7gMxpJ5GULbmpqafk86KiRAaUumZHNSBV8VGnFJp6h3G,23422.72,1430.52,13232.63,33442.85,1,4,5,1,2,400,20000
56,So11111111111111111111111111111111111111112-BYMCXiiA4om347ChR4t6bYHzkKJwnULLAg72BeDdpump,WSOL-LORE,WSOL,So11111111111111111111111111111111111111112,LORE,BYMCXiiA4om347ChR4t6bYHzkKJwnULLAg72BeDdpump,42474.38,1452.89,9915.56,322860.92,2,0,2,1,2,400,20000
57,DFL1zNkaGPWm1BqAVqRjCZvHmwTFrEaJtbzJWgseoNJh-EPjFWdd5AufqSSqeM2qN1xzybapC8G4wEGGkZwyTDt1v,DFL-USDC,DFL,DFL1zNkaGPWm1BqAVqRjCZvHmwTFrEaJtbzJWgseoNJh,USDC,EPjFWdd5AufqSSqeM2qN1xzybapC8G4wEGGkZwyTDt1v,58141.17,1473.61,7964.75,25496.64,2,2,4,1,2,400,20000
58,F23fFqpRNsmWjuUrFpfM1pvoVvMSpLuN6hY978Y1JXLt-So11111111111111111111111111111111111111112,USDCAT-WSOL,USDCAT,F23fFqpRNsmWjuUrFpfM1pvoVvMSpLuN6hY978Y1JXLt,WSOL,So11111111111111111111111111111111111111112,50960.52,1519.86,13288.54,21718.54,1,4,5,1,2,400,20000
59,7qmWe2vUhhV1PJyN5aYUK3D5gBPkyFiwc4x5FrDcnTHZ-So11111111111111111111111111111111111111112,UPONLY-WSOL,UPONLY,7qmWe2vUhhV1PJyN5aYUK3D5gBPkyFiwc4x5FrDcnTHZ,WSOL,So11111111111111111111111111111111111111112,21761.47,1573.96,8351.23,9996244.78,2,0,2,1,2,400,20000
60,So11111111111111111111111111111111111111112-CXcWiHFDM1J8RHfAuzor1YGSk6BxGKFY5kstjUZjpump,WSOL-NGNF,WSOL,So11111111111111111111111111111111111111112,NGNF,CXcWiHFDM1J8RHfAuzor1YGSk6BxGKFY5kstjUZjpump,135639.89,1624.86,10708.95,56355.44,3,0,3,1,2,400,20000
61,So11111111111111111111111111111111111111112-DexxZWtZd8hdmeth9gKYXgTWa1VYdMVrWFBZ9RXXXhBn,WSOL-Kekec,WSOL,So11111111111111111111111111111111111111112,Kekec,DexxZWtZd8hdmeth9gKYXgTWa1VYdMVrWFBZ9RXXXhBn,33031.35,1674.64,49759.86,129677.51,3,2,5,1,2,400,20000
62,Comai3YgiVY2p5ep635Pk4P6jNQHNhigvzeTcB6V7dyj-So11111111111111111111111111111111111111112,wCOMAI-WSOL,wCOMAI,Comai3YgiVY2p5ep635Pk4P6jNQHNhigvzeTcB6V7dyj,WSOL,So11111111111111111111111111111111111111112,33819.9,1682.71,29285.48,96411.98,2,0,2,1,2,400,20000
63,So11111111111111111111111111111111111111112-7uJrMsDN2Wxdc3VAq1iK9N5AHaTA7wUpbm1wqRonpump,WSOL-BETH,WSOL,So11111111111111111111111111111111111111112,BETH,7uJrMsDN2Wxdc3VAq1iK9N5AHaTA7wUpbm1wqRonpump,71650.9,1723.39,64286.85,259130.7,3,0,3,1,2,400,20000
64,So11111111111111111111111111111111111111112-CVU6QRwpHz94UGyPFFehm1G1sFYRH7xDk9UhZ9RApump,WSOL-000,WSOL,So11111111111111111111111111111111111111112,000,CVU6QRwpHz94UGyPFFehm1G1sFYRH7xDk9UhZ9RApump,163358.24,1792.12,100696.32,195890.52,1,4,5,1,2,400,20000
65,So11111111111111111111111111111111111111112-8Cd7wXoPb5Yt9cUGtmHNqAEmpMDrhfcVqnGbLC48b8Qm,WSOL-LEO,WSOL,So11111111111111111111111111111111111111112,LEO,8Cd7wXoPb5Yt9cUGtmHNqAEmpMDrhfcVqnGbLC48b8Qm,68665.55,1805.3,49306.31,80243.73,2,0,2,1,2,400,20000
66,JDwzFSxcUvLubUb9xAuuZNvh4bbcEJcuM9TezpmRHVWF-So11111111111111111111111111111111111111112,doodoo-WSOL,doodoo,JDwzFSxcUvLubUb9xAuuZNvh4bbcEJcuM9TezpmRHVWF,WSOL,So11111111111111111111111111111111111111112,536922.27,1898.7,24903.49,63026.9,2,0,2,1,2,400,20000
67,So11111111111111111111111111111111111111112-4xieJTWvYfWGTdZYjxZNePjqGu74NexmcjLUpfFLVAPx,WSOL-CYB,WSOL,So11111111111111111111111111111111111111112,CYB,4xieJTWvYfWGTdZYjxZNePjqGu74NexmcjLUpfFLVAPx,29629.29,1925.78,18136.81,92661.78,2,3,5,1,2,400,20000
68,So11111111111111111111111111111111111111112-ByXTsen3ftsd7SsqgXpSZqrEeoMV8Smhz1vox9j6pump,WSOL-SUCHIR,WSOL,So11111111111111111111111111111111111111112,SUCHIR,ByXTsen3ftsd7SsqgXpSZqrEeoMV8Smhz1vox9j6pump,86409.51,1929.8,16576.45,236636.17,1,16,17,1,2,400,20000
69,So11111111111111111111111111111111111111112-9pnDLVWmWyccy6HhZKcCiwrQEBX1UHQ5ikKPo5xrpump,WSOL-THURSTON,WSOL,So11111111111111111111111111111111111111112,THURSTON,9pnDLVWmWyccy6HhZKcCiwrQEBX1UHQ5ikKPo5xrpump,41180.07,1956.16,10812.26,84174.45,2,0,2,1,2,400,20000
70,So11111111111111111111111111111111111111112-jUpa2aDCzvdR9EF4fqDXmuyMUkonPTohphABLmRkRFj,WSOL-RIFT,WSOL,So11111111111111111111111111111111111111112,RIFT,jUpa2aDCzvdR9EF4fqDXmuyMUkonPTohphABLmRkRFj,375308.98,2019.49,48833.73,114984.09,3,15,18,1,2,400,20000
71,So11111111111111111111111111111111111111112-tqrRt3AsuGa3aYYSvABMDrPJEWVzpAnh3p6LxXGpump,WSOL-ponzi,WSOL,So11111111111111111111111111111111111111112,ponzi,tqrRt3AsuGa3aYYSvABMDrPJEWVzpAnh3p6LxXGpump,50002.74,2034.71,23590.25,230352.4,1,7,8,1,2,400,20000
72,So11111111111111111111111111111111111111112-CPcf58MNikQw2G23kTVWQevRDeFDpdxMH7KkR7Lhpump,WSOL-DOBBY,WSOL,So11111111111111111111111111111111111111112,DOBBY,CPcf58MNikQw2G23kTVWQevRDeFDpdxMH7KkR7Lhpump,49962.65,2086.69,20121.2,103363.43,3,0,3,1,2,400,20000
73,So11111111111111111111111111111111111111112-28YzheH23A58kUGPpEvwyE4kh5iU4FQAHnsUxYY4SNtQ,WSOL-Idiot,WSOL,So11111111111111111111111111111111111111112,Idiot,28YzheH23A58kUGPpEvwyE4kh5iU4FQAHnsUxYY4SNtQ,24215.75,2209.12,19879.1,120488.71,2,0,2,1,2,400,20000
74,So11111111111111111111111111111111111111112-69veVD4oo3QbJzXrAH7Rans8sue68AsgYyirWUrxSQUy,WSOL-HENTAI6900,WSOL,So11111111111111111111111111111111111111112,HENTAI6900,69veVD4oo3QbJzXrAH7Rans8sue68AsgYyirWUrxSQUy,31387.81,2272.05,19493.91,85869.01,2,0,2,1,2,400,20000
75,So11111111111111111111111111111111111111112-9XS6ayT8aCaoH7tDmTgNyEXRLeVpgyHKtZk5xTXpump,WSOL-Mizuki,WSOL,So11111111111111111111111111111111111111112,Mizuki,9XS6ayT8aCaoH7tDmTgNyEXRLeVpgyHKtZk5xTXpump,98073.41,2311.69,37361.6,138210.87,1,11,12,1,2,400,20000
76,So11111111111111111111111111111111111111112-5qsZAnWuR7vMJbiznrJEY2ddVqZXjNYmFvR3eXSxpump,WSOL-Focai,WSOL,So11111111111111111111111111111111111111112,Focai,5qsZAnWuR7vMJbiznrJEY2ddVqZXjNYmFvR3eXSxpump,50917.44,2314.24,20258.15,197434.84,2,0,2,1,2,400,20000
77,A6qrLQUcnWE8ZHgScmxhiTpMs4EmAkZd2PErHFwCq1ML-So11111111111111111111111111111111111111112,Deal-WSOL,Deal,A6qrLQUcnWE8ZHgScmxhiTpMs4EmAkZd2PErHFwCq1ML,WSOL,So11111111111111111111111111111111111111112,37476.94,2333.3,55490.56,55490.56,3,0,3,1,2,400,20000
78,So11111111111111111111111111111111111111112-FR382Gv7RxrEb2q1MZkP9athyJC9rUBt8M2jKfyKpump,WSOL-Jarvis,WSOL,So11111111111111111111111111111111111111112,Jarvis,FR382Gv7RxrEb2q1MZkP9athyJC9rUBt8M2jKfyKpump,44055.99,2358.93,13953.45,65272.02,1,4,5,1,2,400,20000
79,So11111111111111111111111111111111111111112-BXNGghGbqrt2PcM3Y2Une5fD4kbU6VVSPC4uPjf8pump,WSOL-FYBN,WSOL,So11111111111111111111111111111111111111112,FYBN,BXNGghGbqrt2PcM3Y2Une5fD4kbU6VVSPC4uPjf8pump,223123.84,2379.77,53980.73,439317.04,3,0,3,1,2,400,20000
80,piinKrjeiUVwhnXzsgNCV2aVGsBc4GwHQ9eCtkAgcTw-So11111111111111111111111111111111111111112,piin-WSOL,piin,piinKrjeiUVwhnXzsgNCV2aVGsBc4GwHQ9eCtkAgcTw,WSOL,So11111111111111111111111111111111111111112,72899.84,2456.16,24933.65,95277.23,3,0,3,1,2,400,20000
81,MM8o3Sk58NufoS8Zds7MYTC1LcStfCaqinN5T2pdNtp-So11111111111111111111111111111111111111112,ETFS-WSOL,ETFS,MM8o3Sk58NufoS8Zds7MYTC1LcStfCaqinN5T2pdNtp,WSOL,So11111111111111111111111111111111111111112,150932.64,2524.04,15452.08,231336.69,5,0,5,1,2,400,20000
82,So11111111111111111111111111111111111111112-7KuFdcfzbc3LLoRHNRWfW1dhbPNzuCv41hyYbfSUpump,WSOL-TDS,WSOL,So11111111111111111111111111111111111111112,TDS,7KuFdcfzbc3LLoRHNRWfW1dhbPNzuCv41hyYbfSUpump,67901.13,2636.97,21248.12,244589.16,2,7,9,1,2,400,20000
83,So11111111111111111111111111111111111111112-AKzAhPPLMH5NG35kGbgkwtrTLeGyVrfCtApjnvqAATcm,WSOL-OI,WSOL,So11111111111111111111111111111111111111112,OI,AKzAhPPLMH5NG35kGbgkwtrTLeGyVrfCtApjnvqAATcm,20048.15,2637.09,40255.62,123622.85,1,7,8,1,2,400,20000
84,So11111111111111111111111111111111111111112-73rzMJ8uEqjAf5vE1YPGrXbg7Cb2Yv85EoxpJh2mpump,WSOL-glam,WSOL,So11111111111111111111111111111111111111112,glam,73rzMJ8uEqjAf5vE1YPGrXbg7Cb2Yv85EoxpJh2mpump,33844.5,2669.27,8889.29,29336.86,1,4,5,1,2,400,20000
85,So11111111111111111111111111111111111111112-M5MFPbS4X6eYek21xhFU38DTavMLuGY9eyC5p8Tpump,WSOL-ZACHXBT,WSOL,So11111111111111111111111111111111111111112,ZACHXBT,M5MFPbS4X6eYek21xhFU38DTavMLuGY9eyC5p8Tpump,96643.4,2677.52,5632.69,14039.3,2,0,2,1,2,400,20000
86,So11111111111111111111111111111111111111112-HKKagAnZBoJPWS4z5AZ5bErB7Uj6u2mkLo4ysD7mpump,WSOL-ANCHOVY,WSOL,So11111111111111111111111111111111111111112,ANCHOVY,HKKagAnZBoJPWS4z5AZ5bErB7Uj6u2mkLo4ysD7mpump,23814.32,2683.3,10189.54,38418.29,2,0,2,1,2,400,20000
87,So11111111111111111111111111111111111111112-GjWBV4Z3HVEQKQB9BCwou1KiUzKs6j2fSohUtGGAiPD7,WSOL-,WSOL,So11111111111111111111111111111111111111112,,GjWBV4Z3HVEQKQB9BCwou1KiUzKs6j2fSohUtGGAiPD7,64659.46,2851.08,37688.64,97024.54,2,0,2,1,2,400,20000
88,So11111111111111111111111111111111111111112-DwDtUqBZJtbRpdjsFw3N7YKB5epocSru25BGcVhfcYtg,WSOL-WORM,WSOL,So11111111111111111111111111111111111111112,WORM,DwDtUqBZJtbRpdjsFw3N7YKB5epocSru25BGcVhfcYtg,124741.28,2902.07,66630.0,116929.13,2,17,19,1,2,400,20000
89,So11111111111111111111111111111111111111112-3vJenGaGsuKG5shPhi7rjnuy3MV6xjmBTGjYqYzXpump,WSOL-RAT,WSOL,So11111111111111111111111111111111111111112,RAT,3vJenGaGsuKG5shPhi7rjnuy3MV6xjmBTGjYqYzXpump,127642.19,2996.14,104301.57,168080.16,2,0,2,1,2,400,20000
90,2YxixFk9sdoB9BPXpkeyW53fE3Kqo9U1mQ46S3z2bEYE-EPjFWdd5AufqSSqeM2qN1xzybapC8G4wEGGkZwyTDt1v,EYE-USDC,EYE,2YxixFk9sdoB9BPXpkeyW53fE3Kqo9U1mQ46S3z2bEYE,USDC,EPjFWdd5AufqSSqeM2qN1xzybapC8G4wEGGkZwyTDt1v,184511.61,3008.79,96346.25,284503.8,2,0,2,1,2,400,20000
91,So11111111111111111111111111111111111111112-5gVSqhk41VA8U6U4Pvux6MSxFWqgptm3w58X9UTGpump,WSOL-ClubMoon,WSOL,So11111111111111111111111111111111111111112,ClubMoon,5gVSqhk41VA8U6U4Pvux6MSxFWqgptm3w58X9UTGpump,46024.29,3062.78,14130.96,40682.07,3,0,3,1,2,400,20000
92,So11111111111111111111111111111111111111112-2aWos2YsA6YjN5DHX77diRUx7SKMg7H1U8hqL2N1iy5o,WSOL-GRFT,WSOL,So11111111111111111111111111111111111111112,GRFT,2aWos2YsA6YjN5DHX77diRUx7SKMg7H1U8hqL2N1iy5o,73688.97,3152.38,28460.94,90621.86,2,2,4,1,2,400,20000
93,6DSqVXg9WLTWgz6LACqxN757QdHe1sCqkUfojWmxWtok-So11111111111111111111111111111111111111112,CORN-WSOL,CORN,6DSqVXg9WLTWgz6LACqxN757QdHe1sCqkUfojWmxWtok,WSOL,So11111111111111111111111111111111111111112,93652.76,3165.18,24634.48,82536.02,1,4,5,1,2,400,20000
94,So11111111111111111111111111111111111111112-8PVFdKx7fX1FmmoASfTu5CUPEWuD1WY73Z24UTgCpump,WSOL-MPUP,WSOL,So11111111111111111111111111111111111111112,MPUP,8PVFdKx7fX1FmmoASfTu5CUPEWuD1WY73Z24UTgCpump,79146.91,3195.66,43865.58,92157.2,1,2,3,1,2,400,20000
95,So11111111111111111111111111111111111111112-6bn6rKWbTRAQwizwqEfcmpAtoAMnqzfG7F8DYMK5reYn,WSOL-WOJAK,WSOL,So11111111111111111111111111111111111111112,WOJAK,6bn6rKWbTRAQwizwqEfcmpAtoAMnqzfG7F8DYMK5reYn,25214.82,3198.94,43703.65,157734.35,2,0,2,1,2,400,20000
96,So11111111111111111111111111111111111111112-3UYS3XXYC9yWvNyBWFKqqb5w9YQfX65RQzoAKd8jEUCB,WSOL-WING,WSOL,So11111111111111111111111111111111111111112,WING,3UYS3XXYC9yWvNyBWFKqqb5w9YQfX65RQzoAKd8jEUCB,95541.0,3309.84,27571.94,86610.28,4,0,4,1,2,400,20000
97,8c71AvjQeKKeWRe8jtTGG1bJ2WiYXQdbjqFbUfhHgSVk-EPjFWdd5AufqSSqeM2qN1xzybapC8G4wEGGkZwyTDt1v,$GARY-USDC,$GARY,8c71AvjQeKKeWRe8jtTGG1bJ2WiYXQdbjqFbUfhHgSVk,USDC,EPjFWdd5AufqSSqeM2qN1xzybapC8G4wEGGkZwyTDt1v,314334.3,3351.13,50602.65,95089.61,2,0,2,1,2,400,20000
98,Bhu2wBWxfWkRJ6pFn5NodnEvMCqj9DLfCU5qMvt7pump-EPjFWdd5AufqSSqeM2qN1xzybapC8G4wEGGkZwyTDt1v,CHATOSHI-USDC,CHATOSHI,Bhu2wBWxfWkRJ6pFn5NodnEvMCqj9DLfCU5qMvt7pump,USDC,EPjFWdd5AufqSSqeM2qN1xzybapC8G4wEGGkZwyTDt1v,289077.52,3396.63,25116.11,168942.37,3,0,3,1,2,400,20000
99,So11111111111111111111111111111111111111112-3u4XvCjmTmQmcvjoxo1z8y3wnRdtnCuv6N9WkiE6FJvH,WSOL-FUNGI,WSOL,So11111111111111111111111111111111111111112,FUNGI,3u4XvCjmTmQmcvjoxo1z8y3wnRdtnCuv6N9WkiE6FJvH,130785.13,3433.79,20499.02,148910.74,1,1,2,1,2,400,20000
100,So11111111111111111111111111111111111111112-APoM2sXUzdRHTkUjXSsdUheX1wPPdP4HFLotmtRNMU8P,WSOL-rot,WSOL,So11111111111111111111111111111111111111112,rot,APoM2sXUzdRHTkUjXSsdUheX1wPPdP4HFLotmtRNMU8P,84828.54,3441.85,35008.39,101162.5,1,10,11,1,2,400,20000
101,ENoD8J2J6wNHkcJkvVBkwq5JMiR1oNBfBZRkoHCQogyT-So11111111111111111111111111111111111111112,AABL-WSOL,AABL,ENoD8J2J6wNHkcJkvVBkwq5JMiR1oNBfBZRkoHCQogyT,WSOL,So11111111111111111111111111111111111111112,78269.12,3461.45,41058.77,160306.59,1,5,6,1,2,400,20000
102,So11111111111111111111111111111111111111112-BDW8YHasD3NSDjSHU9Xy6KXtshGayMGQfj5bJpLcpump,WSOL-HTERM,WSOL,So11111111111111111111111111111111111111112,HTERM,BDW8YHasD3NSDjSHU9Xy6KXtshGayMGQfj5bJpLcpump,83798.22,3467.85,66856.47,440763.89,1,11,12,1,2,400,20000
103,So11111111111111111111111111111111111111112-Cg93SZJkHePybZqGDuyXLf5Ag5sB2cpWfHUG8wNPpump,WSOL-alpha,WSOL,So11111111111111111111111111111111111111112,alpha,Cg93SZJkHePybZqGDuyXLf5Ag5sB2cpWfHUG8wNPpump,108538.66,3500.12,56002.87,388225.49,1,8,9,1,2,400,20000
104,So11111111111111111111111111111111111111112-8vCAUbxejdtaxn6jnX5uaQTyTZLmXALg9u1bvFCAjtx7,WSOL-ZACK,WSOL,So11111111111111111111111111111111111111112,ZACK,8vCAUbxejdtaxn6jnX5uaQTyTZLmXALg9u1bvFCAjtx7,191592.64,3533.12,37318.68,119241.25,2,0,2,1,2,400,20000
105,orairHM3Yw2PbTfCty1PXy7tEUx3uBMfjouNbm4KnRJ-So11111111111111111111111111111111111111112,JPOW-WSOL,JPOW,orairHM3Yw2PbTfCty1PXy7tEUx3uBMfjouNbm4KnRJ,WSOL,So11111111111111111111111111111111111111112,44534.27,3536.95,42904.03,137836.81,2,0,2,1,2,400,20000
106,So11111111111111111111111111111111111111112-ES1KLhatf4uiDs4Gt5MJkNMCKdYzcwaJnKWt5fTn1ca2,WSOL-BBC,WSOL,So11111111111111111111111111111111111111112,BBC,ES1KLhatf4uiDs4Gt5MJkNMCKdYzcwaJnKWt5fTn1ca2,51941.96,3580.8,27665.49,101403.72,1,2,3,1,2,400,20000
107,So11111111111111111111111111111111111111112-AT7RRrFhBU1Dw1WghdgAqeNKNXKomDFXm77owQgppump,WSOL-CHONK,WSOL,So11111111111111111111111111111111111111112,CHONK,AT7RRrFhBU1Dw1WghdgAqeNKNXKomDFXm77owQgppump,115198.44,3618.43,9036.11,30115.15,2,2,4,1,2,400,20000
108,So11111111111111111111111111111111111111112-DqrcZRHM9JuCUhnLyaWF7rLLjxE5h3MbiG7iferUpump,WSOL-CATG,WSOL,So11111111111111111111111111111111111111112,CATG,DqrcZRHM9JuCUhnLyaWF7rLLjxE5h3MbiG7iferUpump,46651.45,3684.25,96789.62,392039.24,2,15,17,1,2,400,20000
109,8CkiSHHJDHJV4LUoiRMLUhqG58cUkbyJRtcP4Z3mCXNf-So11111111111111111111111111111111111111112,POWSCHE-WSOL,POWSCHE,8CkiSHHJDHJV4LUoiRMLUhqG58cUkbyJRtcP4Z3mCXNf,WSOL,So11111111111111111111111111111111111111112,129040.76,3701.29,26844.13,143059.49,1,2,3,1,2,400,20000
110,So11111111111111111111111111111111111111112-AzC1u8NPdpS6DVBs8Mv3P6egZ2AhN9KaGaY64xVMpump,WSOL-DEEBO,WSOL,So11111111111111111111111111111111111111112,DEEBO,AzC1u8NPdpS6DVBs8Mv3P6egZ2AhN9KaGaY64xVMpump,47648.23,3809.09,38975.79,76822.06,1,14,15,1,2,400,20000
111,3FoUAsGDbvTD6YZ4wVKJgTB76onJUKz7GPEBNiR5b8wc-EPjFWdd5AufqSSqeM2qN1xzybapC8G4wEGGkZwyTDt1v,CHEEMS-USDC,CHEEMS,3FoUAsGDbvTD6YZ4wVKJgTB76onJUKz7GPEBNiR5b8wc,USDC,EPjFWdd5AufqSSqeM2qN1xzybapC8G4wEGGkZwyTDt1v,68840.32,3948.27,35190.95,378542.95,2,0,2,1,2,400,20000
112,So11111111111111111111111111111111111111112-Bx74hpFiaiBbSonrjyqxjGfAA7gRxM2CeKiy31uN6biR,WSOL-gomu,WSOL,So11111111111111111111111111111111111111112,gomu,Bx74hpFiaiBbSonrjyqxjGfAA7gRxM2CeKiy31uN6biR,113603.5,3989.45,66185.51,153122.51,1,6,7,1,2,400,20000
113,D2JGRcNqq1mLzyL4ruCb27pzYw8FF3nTK4hMz6GmMW56-So11111111111111111111111111111111111111112,🫃-WSOL,🫃,D2JGRcNqq1mLzyL4ruCb27pzYw8FF3nTK4hMz6GmMW56,WSOL,So11111111111111111111111111111111111111112,32606.24,4133.27,58321.7,120392.01,2,0,2,1,2,400,20000
114,So11111111111111111111111111111111111111112-RufNMBEbKJr6CM1t3nwakZ3BaE9csF2AR15s32VWcRE,WSOL-MIRA,WSOL,So11111111111111111111111111111111111111112,MIRA,RufNMBEbKJr6CM1t3nwakZ3BaE9csF2AR15s32VWcRE,147305.09,4227.15,12410.51,30951.4,2,19,21,1,2,400,20000
115,So11111111111111111111111111111111111111112-9UNqoPEXXxEnEphmyYsZYdL5dnmAUtdiKRUchpnUF5Ph,WSOL-$WHISKEY,WSOL,So11111111111111111111111111111111111111112,$WHISKEY,9UNqoPEXXxEnEphmyYsZYdL5dnmAUtdiKRUchpnUF5Ph,313559.91,4246.17,49939.3,197075.69,2,0,2,1,2,400,20000
116,So11111111111111111111111111111111111111112-5UmDWgyLV1JBg8Jr8NwyezXdQkiU3vHGJu2efm7Cpump,WSOL-AGENCY,WSOL,So11111111111111111111111111111111111111112,AGENCY,5UmDWgyLV1JBg8Jr8NwyezXdQkiU3vHGJu2efm7Cpump,108702.91,4297.46,54524.31,167231.54,2,10,12,1,2,400,20000
117,So11111111111111111111111111111111111111112-GRFK7sv4KhkMzJ7BXDUBy4PLyZVBeXuW1FeaT6Mnpump,WSOL-RICH,WSOL,So11111111111111111111111111111111111111112,RICH,GRFK7sv4KhkMzJ7BXDUBy4PLyZVBeXuW1FeaT6Mnpump,98297.42,4540.21,85201.3,379265.2,1,6,7,1,2,400,20000
118,WENWENvqqNya429ubCdR81ZmD69brwQaaBYY6p3LCpk-So11111111111111111111111111111111111111112,WEN-WSOL,WEN,WENWENvqqNya429ubCdR81ZmD69brwQaaBYY6p3LCpk,WSOL,So11111111111111111111111111111111111111112,21691.83,4600.14,79685.81,214252.89,3,21,24,1,2,400,20000
119,So11111111111111111111111111111111111111112-Bhu2wBWxfWkRJ6pFn5NodnEvMCqj9DLfCU5qMvt7pump,WSOL-CHATOSHI,WSOL,So11111111111111111111111111111111111111112,CHATOSHI,Bhu2wBWxfWkRJ6pFn5NodnEvMCqj9DLfCU5qMvt7pump,598403.63,4621.75,56055.0,506875.99,2,0,2,1,2,400,20000
120,RAPRz9fd87y9qcBGj1VVqUbbUM6DaBggSDA58zc3N2b-EPjFWdd5AufqSSqeM2qN1xzybapC8G4wEGGkZwyTDt1v,RAPR-USDC,RAPR,RAPRz9fd87y9qcBGj1VVqUbbUM6DaBggSDA58zc3N2b,USDC,EPjFWdd5AufqSSqeM2qN1xzybapC8G4wEGGkZwyTDt1v,97072.52,4642.92,215988.55,857788.58,2,0,2,1,2,400,20000
121,So11111111111111111111111111111111111111112-AbrMJWfDVRZ2EWCQ1xSCpoVeVgZNpq1U2AoYG98oRXfn,WSOL-Cheese,WSOL,So11111111111111111111111111111111111111112,Cheese,AbrMJWfDVRZ2EWCQ1xSCpoVeVgZNpq1U2AoYG98oRXfn,113444.82,4707.02,47109.41,190131.36,1,7,8,1,2,400,20000
122,So11111111111111111111111111111111111111112-Bw5K8eZaf361uDLHgX2UUn1PNfC7XtgQVvY9sSappump,WSOL-MANA,WSOL,So11111111111111111111111111111111111111112,MANA,Bw5K8eZaf361uDLHgX2UUn1PNfC7XtgQVvY9sSappump,154761.96,4712.94,97033.05,546909.12,2,10,12,1,2,400,20000
123,So11111111111111111111111111111111111111112-3fGoNjPohYRVPk9iJuwEW5WuURU5gmAdSRgNgeaanexQ,WSOL-KEYDOG,WSOL,So11111111111111111111111111111111111111112,KEYDOG,3fGoNjPohYRVPk9iJuwEW5WuURU5gmAdSRgNgeaanexQ,68302.89,4760.06,53795.98,90590.05,2,3,5,1,2,400,20000
124,So11111111111111111111111111111111111111112-AXGmqhcKcPC4bC7vNpxGtu5oEwoEEnyeQUdw9YwYWF1q,WSOL-URKO,WSOL,So11111111111111111111111111111111111111112,URKO,AXGmqhcKcPC4bC7vNpxGtu5oEwoEEnyeQUdw9YwYWF1q,50010.34,5002.9,36009.28,100988.82,3,0,3,1,2,400,20000
125,So11111111111111111111111111111111111111112-G6haJithfeUgSghVpu1rDPCq2NFiYcJFHNpHEANbpump,WSOL-RM9000,WSOL,So11111111111111111111111111111111111111112,RM9000,G6haJithfeUgSghVpu1rDPCq2NFiYcJFHNpHEANbpump,111761.46,5076.08,28337.32,127317.76,1,10,11,1,2,400,20000
126,So11111111111111111111111111111111111111112-7AJ1KjzjstMnQGzZk1HAKx2atmvvRqWvmRbdYmnviryq,WSOL-XWH,WSOL,So11111111111111111111111111111111111111112,XWH,7AJ1KjzjstMnQGzZk1HAKx2atmvvRqWvmRbdYmnviryq,135981.49,5175.16,74390.62,339732.89,1,6,7,1,2,400,20000
127,So11111111111111111111111111111111111111112-GTiMaW6FNPLrWNVLYk5KkLApxiHvCwbGr9KdueGypump,WSOL-isaac,WSOL,So11111111111111111111111111111111111111112,isaac,GTiMaW6FNPLrWNVLYk5KkLApxiHvCwbGr9KdueGypump,61365.22,5225.65,57578.72,72761.32,1,5,6,1,2,400,20000
128,So11111111111111111111111111111111111111112-HhUVkZ1qz8vfMqZDemLyxBFxrHFKVSYAk7a6227Lpump,WSOL-LI,WSOL,So11111111111111111111111111111111111111112,LI,HhUVkZ1qz8vfMqZDemLyxBFxrHFKVSYAk7a6227Lpump,271915.99,5253.49,58855.87,170565.38,2,8,10,1,2,400,20000
129,So11111111111111111111111111111111111111112-ERzsfG1aVp8YgDFXSFBNbEQ4YWsNgNVKgsBDVfDs6Jdh,WSOL-DrOdin,WSOL,So11111111111111111111111111111111111111112,DrOdin,ERzsfG1aVp8YgDFXSFBNbEQ4YWsNgNVKgsBDVfDs6Jdh,21664.48,5428.95,12524.26,35269.71,2,0,2,1,2,400,20000
130,So11111111111111111111111111111111111111112-2q8Y8rubbsaaA3faq8Ytsk382JXgtKdn23qjNXhSpump,WSOL-ROSS,WSOL,So11111111111111111111111111111111111111112,ROSS,2q8Y8rubbsaaA3faq8Ytsk382JXgtKdn23qjNXhSpump,403107.24,5553.14,84581.21,315774.67,4,0,4,1,2,400,20000
131,So11111111111111111111111111111111111111112-E3enwdJowhDeRe3f7mMwAZGVkJ5aWEtPUGRusP2Jpump,WSOL-UNIPCS,WSOL,So11111111111111111111111111111111111111112,UNIPCS,E3enwdJowhDeRe3f7mMwAZGVkJ5aWEtPUGRusP2Jpump,47920.28,5584.67,432672.82,723401.65,2,0,2,1,2,400,20000
132,So11111111111111111111111111111111111111112-pepo1CFNU2RXf7yXX7HNXazXwxsq8WrPvDHpHriwoLY,WSOL-PEPO,WSOL,So11111111111111111111111111111111111111112,PEPO,pepo1CFNU2RXf7yXX7HNXazXwxsq8WrPvDHpHriwoLY,121083.1,5726.77,20373.09,33209.69,3,2,5,1,2,400,20000
133,8c71AvjQeKKeWRe8jtTGG1bJ2WiYXQdbjqFbUfhHgSVk-So11111111111111111111111111111111111111112,$GARY-WSOL,$GARY,8c71AvjQeKKeWRe8jtTGG1bJ2WiYXQdbjqFbUfhHgSVk,WSOL,So11111111111111111111111111111111111111112,188939.88,5755.22,48761.87,105257.47,3,0,3,1,2,400,20000
134,So11111111111111111111111111111111111111112-B4gipVUHKJ7keVN3MWEYDQCHjkdoXGsbmZoTSJDZpump,WSOL-RADIO ,WSOL,So11111111111111111111111111111111111111112,RADIO ,B4gipVUHKJ7keVN3MWEYDQCHjkdoXGsbmZoTSJDZpump,148097.0,5819.11,80417.37,253690.84,1,6,7,1,2,400,20000
135,So11111111111111111111111111111111111111112-ENTxR2RP8NtvhXzMNFCxE1HazzdV9x7SuZqGyAb4jdED,WSOL-ENT,WSOL,So11111111111111111111111111111111111111112,ENT,ENTxR2RP8NtvhXzMNFCxE1HazzdV9x7SuZqGyAb4jdED,308282.25,5854.17,27718.15,100384.11,4,0,4,1,2,400,20000
136,So11111111111111111111111111111111111111112-2KchKijPuwnwC92LPWVjFjRwB3WxKtzx9bbXZ7kRpump,WSOL-FUKU,WSOL,So11111111111111111111111111111111111111112,FUKU,2KchKijPuwnwC92LPWVjFjRwB3WxKtzx9bbXZ7kRpump,106019.68,5858.82,79003.31,308068.73,2,11,13,1,2,400,20000
137,So11111111111111111111111111111111111111112-5ZMUboLJUeneKouqrqu4jeLE68vX68ehE5qprV3Upump,WSOL-TIRED,WSOL,So11111111111111111111111111111111111111112,TIRED,5ZMUboLJUeneKouqrqu4jeLE68vX68ehE5qprV3Upump,162215.71,5926.62,170211.77,907199.89,2,0,2,1,2,400,20000
138,GENEtH5amGSi8kHAtQoezp1XEXwZJ8vcuePYnXdKrMYz-EPjFWdd5AufqSSqeM2qN1xzybapC8G4wEGGkZwyTDt1v,GENE-USDC,GENE,GENEtH5amGSi8kHAtQoezp1XEXwZJ8vcuePYnXdKrMYz,USDC,EPjFWdd5AufqSSqeM2qN1xzybapC8G4wEGGkZwyTDt1v,30391.86,6055.5,59514.53,236648.98,1,2,3,1,2,400,20000
139,So11111111111111111111111111111111111111112-mm7g78aMJZv8QB4Q15qbsM3UQJZWof85vwC2NSxRh2Q,WSOL-YURU,WSOL,So11111111111111111111111111111111111111112,YURU,mm7g78aMJZv8QB4Q15qbsM3UQJZWof85vwC2NSxRh2Q,136867.91,6634.16,8798.96,63146.25,2,0,2,1,2,400,20000
140,So11111111111111111111111111111111111111112-8fZL148nnC168RAVCZh4PkjvMZmxMEfMLDhoziWVPnqf,WSOL-NiggaButt,WSOL,So11111111111111111111111111111111111111112,NiggaButt,8fZL148nnC168RAVCZh4PkjvMZmxMEfMLDhoziWVPnqf,214558.91,6664.8,158543.09,405837.44,2,0,2,1,2,400,20000
141,So11111111111111111111111111111111111111112-XANDuUoVoUqniKkpcKhrxmvYJybpJvUxJLr21Gaj3Hx,WSOL-XAND,WSOL,So11111111111111111111111111111111111111112,XAND,XANDuUoVoUqniKkpcKhrxmvYJybpJvUxJLr21Gaj3Hx,235200.18,7061.08,137707.72,306481.62,3,0,3,1,2,400,20000
142,So11111111111111111111111111111111111111112-6n7Janary9fqzxKaJVrhL9TG2F61VbAtwUMu1YZscaQS,WSOL-Hobbes,WSOL,So11111111111111111111111111111111111111112,Hobbes,6n7Janary9fqzxKaJVrhL9TG2F61VbAtwUMu1YZscaQS,171164.44,7456.66,491210.26,790536.82,1,9,10,1,2,400,20000
143,So11111111111111111111111111111111111111112-3Rcc6tMyS7ZEa29dxV4g3J5StorS9J1dn98gd42pZTk1,WSOL-MIMANY,WSOL,So11111111111111111111111111111111111111112,MIMANY,3Rcc6tMyS7ZEa29dxV4g3J5StorS9J1dn98gd42pZTk1,129751.3,7594.29,39438.64,217923.59,2,0,2,1,2,400,20000
144,So11111111111111111111111111111111111111112-A3vBwL3Pd6nkBqVo87D6TLWYG4ekWuDeqCoLFeyvRMcb,WSOL-SUMMIT,WSOL,So11111111111111111111111111111111111111112,SUMMIT,A3vBwL3Pd6nkBqVo87D6TLWYG4ekWuDeqCoLFeyvRMcb,154975.09,7722.41,99721.28,842488.71,2,0,2,1,2,400,20000
145,So11111111111111111111111111111111111111112-8NCievmJCg2d9Vc2TWgz2HkE6ANeSX7kwvdq5AL7pump,WSOL-BUNKER,WSOL,So11111111111111111111111111111111111111112,BUNKER,8NCievmJCg2d9Vc2TWgz2HkE6ANeSX7kwvdq5AL7pump,58687.56,7865.84,49368.13,330104.99,1,2,3,1,2,400,20000
146,So11111111111111111111111111111111111111112-Gh8yeA9vH5Fun7J6esFH3mV65cQTBpxk9Z5XpzU7pump,WSOL-RHUN,WSOL,So11111111111111111111111111111111111111112,RHUN,Gh8yeA9vH5Fun7J6esFH3mV65cQTBpxk9Z5XpzU7pump,98548.38,7992.94,67765.41,185533.79,1,7,8,1,2,400,20000
147,So11111111111111111111111111111111111111112-CMDKx3TGVJryRDQ2MnAkTRNSyguQLrKgiCPZ3Jc6r8r2,WSOL-L24AI,WSOL,So11111111111111111111111111111111111111112,L24AI,CMDKx3TGVJryRDQ2MnAkTRNSyguQLrKgiCPZ3Jc6r8r2,31724.31,8063.06,17768.49,20560.44,1,2,3,1,2,400,20000
148,So11111111111111111111111111111111111111112-AATECgWF4KjALbpgUXjabqFKHmdtjWdfdFNzCH3ipump,WSOL-ITMT,WSOL,So11111111111111111111111111111111111111112,ITMT,AATECgWF4KjALbpgUXjabqFKHmdtjWdfdFNzCH3ipump,122664.1,8406.9,43804.51,139145.76,1,3,4,1,2,400,20000
149,So11111111111111111111111111111111111111112-G3EDZoS49NRVKP8X1HggHZJueJeR8d2izUHeXdV3pump,WSOL-ASSCOIN,WSOL,So11111111111111111111111111111111111111112,ASSCOIN,G3EDZoS49NRVKP8X1HggHZJueJeR8d2izUHeXdV3pump,133825.68,8546.18,69920.6,247425.04,1,4,5,1,2,400,20000
150,So11111111111111111111111111111111111111112-7d5uLATMiAoRC1n9yNc7VCrhx44H6bjEzDx7Gxuhpump,WSOL-SSR,WSOL,So11111111111111111111111111111111111111112,SSR,7d5uLATMiAoRC1n9yNc7VCrhx44H6bjEzDx7Gxuhpump,112905.38,8638.04,64833.57,264238.75,3,0,3,1,2,400,20000
151,So11111111111111111111111111111111111111112-orcaEKTdK7LKz57vaAYr9QeNsVEPfiu6QeMU1kektZE,WSOL-ORCA,WSOL,So11111111111111111111111111111111111111112,ORCA,orcaEKTdK7LKz57vaAYr9QeNsVEPfiu6QeMU1kektZE,26638.91,8819.44,106631.87,548525.65,1,11,12,1,2,400,20000
152,So11111111111111111111111111111111111111112-AaWVpk6eZbgBfVbq1UfXw3EXBmAvw4QXov1xHuG7pump,WSOL-TrenchAI,WSOL,So11111111111111111111111111111111111111112,TrenchAI,AaWVpk6eZbgBfVbq1UfXw3EXBmAvw4QXov1xHuG7pump,147629.98,9084.44,209013.69,678965.52,2,14,16,1,2,400,20000
153,So11111111111111111111111111111111111111112-EoRe4xECTe9imaYtwfdmrGoinD2S1N5yMeu1LrjQpump,WSOL-MWOR,WSOL,So11111111111111111111111111111111111111112,MWOR,EoRe4xECTe9imaYtwfdmrGoinD2S1N5yMeu1LrjQpump,60494.64,9102.49,53345.29,458903.64,2,0,2,1,2,400,20000
154,So11111111111111111111111111111111111111112-GqmEdRD3zGUZdYPeuDeXxCc8Cj1DBmGSYK97TCwSpump,WSOL-e/acc,WSOL,So11111111111111111111111111111111111111112,e/acc,GqmEdRD3zGUZdYPeuDeXxCc8Cj1DBmGSYK97TCwSpump,197438.53,9218.67,161845.64,306331.46,1,7,8,1,2,400,20000
155,Av6qVigkb7USQyPXJkUvAEm4f599WTRvd75PUWBA9eNm-So11111111111111111111111111111111111111112,COST-WSOL,COST,Av6qVigkb7USQyPXJkUvAEm4f599WTRvd75PUWBA9eNm,WSOL,So11111111111111111111111111111111111111112,218439.93,9320.35,257388.92,473533.09,2,0,2,1,2,400,20000
156,So11111111111111111111111111111111111111112-8vSwZHKP5WJ8ov6awAntB31Kuyh6NYVwi3qmyZsiivRE,WSOL-SNP500,WSOL,So11111111111111111111111111111111111111112,SNP500,8vSwZHKP5WJ8ov6awAntB31Kuyh6NYVwi3qmyZsiivRE,73500.34,9452.71,73067.55,793098.12,2,0,2,1,2,400,20000
157,So11111111111111111111111111111111111111112-Ep5tnKTSkLDeQ12ctS3RhQNcbcApkcyJcGPgHh4dpump,WSOL-CRYING,WSOL,So11111111111111111111111111111111111111112,CRYING,Ep5tnKTSkLDeQ12ctS3RhQNcbcApkcyJcGPgHh4dpump,64091.69,9563.53,26126.11,34801.8,1,5,6,1,2,400,20000
158,So11111111111111111111111111111111111111112-229vWzBTiUNdraYpVtSH9usTwwVxcyPDbBWf1zEPpump,WSOL-CALVIN,WSOL,So11111111111111111111111111111111111111112,CALVIN,229vWzBTiUNdraYpVtSH9usTwwVxcyPDbBWf1zEPpump,147259.39,9585.47,60461.56,130317.67,2,2,4,1,2,400,20000
159,So11111111111111111111111111111111111111112-2xK7SDPUY1oCwch8G8guUPtTSGiAQCbZykR5Y4dCpump,WSOL-STONES,WSOL,So11111111111111111111111111111111111111112,STONES,2xK7SDPUY1oCwch8G8guUPtTSGiAQCbZykR5Y4dCpump,76765.64,9813.15,29516.55,65996.98,2,0,2,1,2,400,20000
160,FYa25XnBsXQXAdTnsyKBKd5gZ1VZhChBRF57CqfRxJZX-So11111111111111111111111111111111111111112,monk-WSOL,monk,FYa25XnBsXQXAdTnsyKBKd5gZ1VZhChBRF57CqfRxJZX,WSOL,So11111111111111111111111111111111111111112,218283.04,9934.5,258731.98,380784.56,2,4,6,1,2,400,20000
161,So11111111111111111111111111111111111111112-2KgAN8nLAU74wjiyKi85m4ZT6Z9MtqrUTGfse8Xapump,WSOL-SHEGEN,WSOL,So11111111111111111111111111111111111111112,SHEGEN,2KgAN8nLAU74wjiyKi85m4ZT6Z9MtqrUTGfse8Xapump,214019.67,9949.68,143234.55,361128.38,3,0,3,1,2,400,20000
162,So11111111111111111111111111111111111111112-J1ow1c3ExcJYQmgNFRPfCp1LMYRf6P3A33isDcBmpump,WSOL-ZODs,WSOL,So11111111111111111111111111111111111111112,ZODs,J1ow1c3ExcJYQmgNFRPfCp1LMYRf6P3A33isDcBmpump,171096.94,10019.03,183177.3,290811.9,1,6,7,1,2,400,20000
163,So11111111111111111111111111111111111111112-BjjvKX5k7gQoGRmvQAA5WMr7EkQ2cirGTSGxAznDpump,WSOL-EARL,WSOL,So11111111111111111111111111111111111111112,EARL,BjjvKX5k7gQoGRmvQAA5WMr7EkQ2cirGTSGxAznDpump,79468.41,10160.96,56118.62,230377.92,1,11,12,1,2,400,20000
164,So11111111111111111111111111111111111111112-A2C5f6oYH2ipGb1mQTRDrUvKtNYtS6jnyaeXDXaZYpj7,WSOL-ALTS,WSOL,So11111111111111111111111111111111111111112,ALTS,A2C5f6oYH2ipGb1mQTRDrUvKtNYtS6jnyaeXDXaZYpj7,42212.5,10181.71,390848.77,646397.42,3,0,3,1,2,400,20000
165,So11111111111111111111111111111111111111112-5Wd2ALxQfnpgQKCyH4WL9giBiiuuLuJs84CJxfQccvmN,WSOL-speed,WSOL,So11111111111111111111111111111111111111112,speed,5Wd2ALxQfnpgQKCyH4WL9giBiiuuLuJs84CJxfQccvmN,109103.83,10316.75,78326.12,139674.25,1,7,8,1,2,400,20000
166,So11111111111111111111111111111111111111112-71AZt4P5kc5vpfTJR1HjNbMzD84G7vxam4DtL3kJpump,WSOL-blormmy,WSOL,So11111111111111111111111111111111111111112,blormmy,71AZt4P5kc5vpfTJR1HjNbMzD84G7vxam4DtL3kJpump,416227.33,10362.25,158888.17,929381.89,1,7,8,1,2,400,20000
167,So11111111111111111111111111111111111111112-6gh8b2mqUrVb6Ew8Mwt89tNyN9keCDNstzT5cdp5pump,WSOL-VOID,WSOL,So11111111111111111111111111111111111111112,VOID,6gh8b2mqUrVb6Ew8Mwt89tNyN9keCDNstzT5cdp5pump,98024.63,10432.64,47986.07,103702.76,3,0,3,1,2,400,20000
168,So11111111111111111111111111111111111111112-GLPdQwGtjcynj3RLraenPeR9v1REnpdyuciPBpVipump,WSOL-SCOUT,WSOL,So11111111111111111111111111111111111111112,SCOUT,GLPdQwGtjcynj3RLraenPeR9v1REnpdyuciPBpVipump,115328.71,10975.45,42480.48,67243.08,1,13,14,1,2,400,20000
169,So11111111111111111111111111111111111111112-B5UsiUYcTD3PcQa8r2uXcVgRmDL8jUYuXPiYjrY7pump,WSOL-SOLA,WSOL,So11111111111111111111111111111111111111112,SOLA,B5UsiUYcTD3PcQa8r2uXcVgRmDL8jUYuXPiYjrY7pump,168130.26,11477.23,281576.39,1135893.52,2,18,20,1,2,400,20000
170,AuQaustGiaqxRvj2gtCdrd22PBzTn8kM3kEPEkZCtuDw-EPjFWdd5AufqSSqeM2qN1xzybapC8G4wEGGkZwyTDt1v,ADX-USDC,ADX,AuQaustGiaqxRvj2gtCdrd22PBzTn8kM3kEPEkZCtuDw,USDC,EPjFWdd5AufqSSqeM2qN1xzybapC8G4wEGGkZwyTDt1v,142188.55,11806.64,64452.3,400653.59,2,8,10,1,2,400,20000
171,poLisWXnNRwC6oBu1vHiuKQzFjGL4XDSu4g9qjz9qVk-EPjFWdd5AufqSSqeM2qN1xzybapC8G4wEGGkZwyTDt1v,POLIS-USDC,POLIS,poLisWXnNRwC6oBu1vHiuKQzFjGL4XDSu4g9qjz9qVk,USDC,EPjFWdd5AufqSSqeM2qN1xzybapC8G4wEGGkZwyTDt1v,52924.37,12457.65,151730.2,373005.63,1,2,3,1,2,400,20000
172,CQSPU12VppGZB7LeRkEaKzrRBzvo1LyA9mR2ydiwKHaL-So11111111111111111111111111111111111111112,YE-WSOL,YE,CQSPU12VppGZB7LeRkEaKzrRBzvo1LyA9mR2ydiwKHaL,WSOL,So11111111111111111111111111111111111111112,159016.1,12715.11,233142.24,585759.93,1,9,10,1,2,400,20000
173,49ztDWXk7qEfz8Y1t8owmhLhewiA3ptVNPpRGAjRd8Wh-So11111111111111111111111111111111111111112,NYAN-WSOL,NYAN,49ztDWXk7qEfz8Y1t8owmhLhewiA3ptVNPpRGAjRd8Wh,WSOL,So11111111111111111111111111111111111111112,90597.02,12756.64,120365.75,537081.02,2,4,6,1,2,400,20000
174,So11111111111111111111111111111111111111112-4JFcUJ1HfFKz2F8thdu2frk558EjrLvKEmeMq1ZM2xBP,WSOL-VNTR,WSOL,So11111111111111111111111111111111111111112,VNTR,4JFcUJ1HfFKz2F8thdu2frk558EjrLvKEmeMq1ZM2xBP,187989.92,12883.91,387915.51,2050007.48,2,0,2,1,2,400,20000
175,So11111111111111111111111111111111111111112-BEgBsVSKJSxreiCE1XmWWq8arnwit7xDqQXSWYgay9xP,WSOL-WYAC,WSOL,So11111111111111111111111111111111111111112,WYAC,BEgBsVSKJSxreiCE1XmWWq8arnwit7xDqQXSWYgay9xP,251227.08,13161.08,210179.48,627269.13,1,8,9,1,2,400,20000
176,BuxH23osRyFFLbWG3czrTsfBQYbxzVZ8f7QV4cjTHN5x-So11111111111111111111111111111111111111112,JOHN-WSOL,JOHN,BuxH23osRyFFLbWG3czrTsfBQYbxzVZ8f7QV4cjTHN5x,WSOL,So11111111111111111111111111111111111111112,66804.31,13350.39,77612.02,105035.69,1,7,8,1,2,400,20000
177,So11111111111111111111111111111111111111112-ECY31gWwxy4s2VnMkYhmqDkrV75KrwR2yTtsnrnSpump,WSOL-BARRON,WSOL,So11111111111111111111111111111111111111112,BARRON,ECY31gWwxy4s2VnMkYhmqDkrV75KrwR2yTtsnrnSpump,405311.65,13373.66,119075.63,1352232.97,2,23,25,1,2,400,20000
178,E2BGnzHdJNUBtAVR7EyQMuEMHqgv65JL8J9ZyqyXUVvA-So11111111111111111111111111111111111111112,CHINA-WSOL,CHINA,E2BGnzHdJNUBtAVR7EyQMuEMHqgv65JL8J9ZyqyXUVvA,WSOL,So11111111111111111111111111111111111111112,91270.35,13417.12,92316.9,245860.27,1,6,7,1,2,400,20000
179,So11111111111111111111111111111111111111112-EmhVWGUa2Q9PN4QjzFjvuVyzFKg4s3ERwjKR9dQDpump,WSOL-DTF,WSOL,So11111111111111111111111111111111111111112,DTF,EmhVWGUa2Q9PN4QjzFjvuVyzFKg4s3ERwjKR9dQDpump,220603.73,13887.87,199811.74,886983.78,2,5,7,1,2,400,20000
180,So11111111111111111111111111111111111111112-GwkEDwePTa6aFosh9xzAniGK1zvLrQ5yPJfLnqwmuyhG,WSOL-HYPERSKIDS,WSOL,So11111111111111111111111111111111111111112,HYPERSKIDS,GwkEDwePTa6aFosh9xzAniGK1zvLrQ5yPJfLnqwmuyhG,34381.64,14239.12,360759.39,1084232.01,1,12,13,1,2,400,20000
181,So11111111111111111111111111111111111111112-nosXBVoaCTtYdLvKY6Csb4AC8JCdQKKAaWYtx2ZMoo7,WSOL-NOS,WSOL,So11111111111111111111111111111111111111112,NOS,nosXBVoaCTtYdLvKY6Csb4AC8JCdQKKAaWYtx2ZMoo7,27879.55,14497.29,143266.8,164034.55,2,11,13,1,2,400,20000
182,So11111111111111111111111111111111111111112-AnGzGiQ6ddzdqWDuWy6vmibqDv8rsT2QKhcgDrwTpump,WSOL-GAYCOIN,WSOL,So11111111111111111111111111111111111111112,GAYCOIN,AnGzGiQ6ddzdqWDuWy6vmibqDv8rsT2QKhcgDrwTpump,144758.32,14498.66,194630.13,1772989.87,1,9,10,1,2,400,20000
183,So11111111111111111111111111111111111111112-5DQSDg6SGkbsbykq4mQstpcL4d5raEHc6rY7LgBwpump,WSOL-lou,WSOL,So11111111111111111111111111111111111111112,lou,5DQSDg6SGkbsbykq4mQstpcL4d5raEHc6rY7LgBwpump,268026.4,14664.19,191525.61,661631.24,1,11,12,1,2,400,20000
184,So11111111111111111111111111111111111111112-2HHgCLfKA5Rd1Fn9xAxfYzS3XoR5NnuxKDYz2EmWpump,WSOL-SBR,WSOL,So11111111111111111111111111111111111111112,SBR,2HHgCLfKA5Rd1Fn9xAxfYzS3XoR5NnuxKDYz2EmWpump,153221.13,15248.5,123901.8,563695.17,1,9,10,1,2,400,20000
185,So11111111111111111111111111111111111111112-AuQaustGiaqxRvj2gtCdrd22PBzTn8kM3kEPEkZCtuDw,WSOL-ADX,WSOL,So11111111111111111111111111111111111111112,ADX,AuQaustGiaqxRvj2gtCdrd22PBzTn8kM3kEPEkZCtuDw,169889.98,15632.69,85288.06,475837.99,1,5,6,1,2,400,20000
186,EPjFWdd5AufqSSqeM2qN1xzybapC8G4wEGGkZwyTDt1v-Hg8bKz4mvs8KNj9zew1cEF9tDw1x2GViB4RFZjVEmfrD,USDC-,USDC,EPjFWdd5AufqSSqeM2qN1xzybapC8G4wEGGkZwyTDt1v,,Hg8bKz4mvs8KNj9zew1cEF9tDw1x2GViB4RFZjVEmfrD,29447.55,15788.17,59128.66,70865.58,2,1,3,1,2,400,20000
187,So11111111111111111111111111111111111111112-6HgJHzGpq3fSLmkepsaC8F3VtpUWfXcG4hmUaf4Vpump,WSOL-REGENT,WSOL,So11111111111111111111111111111111111111112,REGENT,6HgJHzGpq3fSLmkepsaC8F3VtpUWfXcG4hmUaf4Vpump,191164.96,15975.29,214907.53,740852.37,1,8,9,1,2,400,20000
188,So11111111111111111111111111111111111111112-2CsJHNyj74zK6Jaiq2UayPAXFEjmL5UKhpeLNaH45Fud,WSOL-GIZMO,WSOL,So11111111111111111111111111111111111111112,GIZMO,2CsJHNyj74zK6Jaiq2UayPAXFEjmL5UKhpeLNaH45Fud,132220.65,15990.0,42847.24,92719.21,2,0,2,1,2,400,20000
189,So11111111111111111111111111111111111111112-GxdTh6udNstGmLLk9ztBb6bkrms7oLbrJp5yzUaVpump,WSOL-scihub,WSOL,So11111111111111111111111111111111111111112,scihub,GxdTh6udNstGmLLk9ztBb6bkrms7oLbrJp5yzUaVpump,275847.96,16285.94,154536.51,652345.12,2,8,10,1,2,400,20000
190,So11111111111111111111111111111111111111112-9Yt5tHLFB2Uz1yg3cyEpTN4KTSWhiGpKxXPJ8HX3hat,WSOL-KWANT,WSOL,So11111111111111111111111111111111111111112,KWANT,9Yt5tHLFB2Uz1yg3cyEpTN4KTSWhiGpKxXPJ8HX3hat,101439.81,16336.46,154948.47,483091.73,1,9,10,1,2,400,20000
191,So11111111111111111111111111111111111111112-DriFtupJYLTosbwoN8koMbEYSx54aFAVLddWsbksjwg7,WSOL-DRIFT,WSOL,So11111111111111111111111111111111111111112,DRIFT,DriFtupJYLTosbwoN8koMbEYSx54aFAVLddWsbksjwg7,33705.48,16528.55,72009.9,271042.53,1,20,21,1,2,400,20000
192,So11111111111111111111111111111111111111112-CTgiaZUK12kCcB8sosn4Nt2NZtzLgtPqDwyQyr2syATC,WSOL-BITCOIN,WSOL,So11111111111111111111111111111111111111112,BITCOIN,CTgiaZUK12kCcB8sosn4Nt2NZtzLgtPqDwyQyr2syATC,288905.99,16551.92,492866.97,1034141.0,1,4,5,1,2,400,20000
193,So11111111111111111111111111111111111111112-9dLuVbJMd4ZpTpFgmaFHAGSsFwVjtcnzFWaLAA1expHg,WSOL-HEEHEE,WSOL,So11111111111111111111111111111111111111112,HEEHEE,9dLuVbJMd4ZpTpFgmaFHAGSsFwVjtcnzFWaLAA1expHg,225613.98,16661.03,78263.95,241410.92,3,0,3,1,2,400,20000
194,So11111111111111111111111111111111111111112-77RBCP95AFT9XRsx4xuGUHjBQsjcatGYCZ2VXx8Epump,WSOL-HUAHUA,WSOL,So11111111111111111111111111111111111111112,HUAHUA,77RBCP95AFT9XRsx4xuGUHjBQsjcatGYCZ2VXx8Epump,85559.46,17261.17,230509.44,267999.09,1,8,9,1,2,400,20000
195,So11111111111111111111111111111111111111112-FAFxVxnkzZHMCodkWyoccgUNgVScqMw2mhhQBYDFjFAF,WSOL-FAF,WSOL,So11111111111111111111111111111111111111112,FAF,FAFxVxnkzZHMCodkWyoccgUNgVScqMw2mhhQBYDFjFAF,199893.41,17600.68,123288.52,642800.19,1,3,4,1,2,400,20000
196,5e41GfrQwTP74LgGt6WP9kw6xa1jQhAERCjnFKf74y52-So11111111111111111111111111111111111111112,VHS -WSOL,VHS ,5e41GfrQwTP74LgGt6WP9kw6xa1jQhAERCjnFKf74y52,WSOL,So11111111111111111111111111111111111111112,108564.8,17917.74,78707.9,207518.38,1,8,9,1,2,400,20000
197,So11111111111111111111111111111111111111112-4AdDFsG1xzz1L7zKGo2fbiqv256Z92u8uCcJCgYuTBLo,WSOL-TJRM,WSOL,So11111111111111111111111111111111111111112,TJRM,4AdDFsG1xzz1L7zKGo2fbiqv256Z92u8uCcJCgYuTBLo,151403.79,18171.35,154678.41,683739.15,4,0,4,1,2,400,20000
198,9EYScpiysGnEimnQPzazr7Jn9GVfxFYzgTEj85hV9L6U-So11111111111111111111111111111111111111112,tooker-WSOL,tooker,9EYScpiysGnEimnQPzazr7Jn9GVfxFYzgTEj85hV9L6U,WSOL,So11111111111111111111111111111111111111112,178385.8,18441.5,177579.95,401300.24,3,0,3,1,2,400,20000
199,So11111111111111111111111111111111111111112-GwKKPsJdY5oWMJ8RReWLcvb82KzW6FKy2bKoYW7kHr16,WSOL-LLD,WSOL,So11111111111111111111111111111111111111112,LLD,GwKKPsJdY5oWMJ8RReWLcvb82KzW6FKy2bKoYW7kHr16,523568.05,18783.19,94991.34,451669.85,4,0,4,1,2,400,20000
200,So11111111111111111111111111111111111111112-CX9YDTED9TWgVXVoFy8JL9gSSAEWcTv4mzjLSv17LQsj,WSOL-DRUGS,WSOL,So11111111111111111111111111111111111111112,DRUGS,CX9YDTED9TWgVXVoFy8JL9gSSAEWcTv4mzjLSv17LQsj,76190.22,18796.69,292917.44,365964.87,2,0,2,1,2,400,20000
201,2Dyzu65QA9zdX1UeE7Gx71k7fiwyUK6sZdrvJ7auq5wm-So11111111111111111111111111111111111111112,TURBO-WSOL,TURBO,2Dyzu65QA9zdX1UeE7Gx71k7fiwyUK6sZdrvJ7auq5wm,WSOL,So11111111111111111111111111111111111111112,59771.75,18828.6,307434.28,1609275.78,2,0,2,1,2,400,20000
202,So11111111111111111111111111111111111111112-69G8CpUVZAxbPMiEBrfCCCH445NwFxH6PzVL693Xpump,WSOL-xavier,WSOL,So11111111111111111111111111111111111111112,xavier,69G8CpUVZAxbPMiEBrfCCCH445NwFxH6PzVL693Xpump,204240.46,18838.15,255177.23,1015547.72,2,5,7,1,2,400,20000
203,So11111111111111111111111111111111111111112-Em8WF6pg9FmKDy1dXkWhXxpgmfhj5Bes3ZCE8PCCJSHt,WSOL-SHRUB,WSOL,So11111111111111111111111111111111111111112,SHRUB,Em8WF6pg9FmKDy1dXkWhXxpgmfhj5Bes3ZCE8PCCJSHt,138032.44,19139.33,136734.34,274414.65,2,0,2,1,2,400,20000
204,8WzDFPNjUSV7ZPpNiqKY8NcWH9J4tDSgSeifp6Kboop-So11111111111111111111111111111111111111112,Toshi-WSOL,Toshi,8WzDFPNjUSV7ZPpNiqKY8NcWH9J4tDSgSeifp6Kboop,WSOL,So11111111111111111111111111111111111111112,43876.8,19156.85,326187.07,5246171.43,2,0,2,1,2,400,20000
205,So11111111111111111111111111111111111111112-KFTSxPQxDV1wGjEvzKHWD7mG6e9TsMVq4eF4mQppump,WSOL-Duo,WSOL,So11111111111111111111111111111111111111112,Duo,KFTSxPQxDV1wGjEvzKHWD7mG6e9TsMVq4eF4mQppump,143313.17,19344.76,138305.96,365287.2,2,16,18,1,2,400,20000
206,So11111111111111111111111111111111111111112-CS7LmjtuugEUWtFgfyto79nrksKigv7Fdcp9qPuigdLs,WSOL-Manyu,WSOL,So11111111111111111111111111111111111111112,Manyu,CS7LmjtuugEUWtFgfyto79nrksKigv7Fdcp9qPuigdLs,218283.83,19360.15,549254.31,708622.51,2,0,2,1,2,400,20000
207,So11111111111111111111111111111111111111112-GACpABn18xqiSJbD9ZEyArJDT9RHRMUut5nK9Z9Spump,WSOL-TRENCH,WSOL,So11111111111111111111111111111111111111112,TRENCH,GACpABn18xqiSJbD9ZEyArJDT9RHRMUut5nK9Z9Spump,175043.04,19859.37,247103.45,550973.82,1,4,5,1,2,400,20000
208,So11111111111111111111111111111111111111112-GangK9z6ebVdonVRAbMwsQzy2ougUAK5x1GQ7Uf7daos,WSOL-BBL,WSOL,So11111111111111111111111111111111111111112,BBL,GangK9z6ebVdonVRAbMwsQzy2ougUAK5x1GQ7Uf7daos,87326.17,19996.98,626820.23,1050057.37,3,0,3,1,2,400,20000
209,So11111111111111111111111111111111111111112-FqnqT1GKi8S4Gyk5wnSKvJjXW48HqGtKJt9WS4o2pump,WSOL-Bakso,WSOL,So11111111111111111111111111111111111111112,Bakso,FqnqT1GKi8S4Gyk5wnSKvJjXW48HqGtKJt9WS4o2pump,89455.95,20248.73,309141.19,336931.78,1,4,5,1,2,400,20000
210,So11111111111111111111111111111111111111112-62mETtNRaVY5iNsJr5YexsbVg1uyyoLwtoWLSnjApump,WSOL-Stoic,WSOL,So11111111111111111111111111111111111111112,Stoic,62mETtNRaVY5iNsJr5YexsbVg1uyyoLwtoWLSnjApump,128413.91,20473.06,260315.71,583804.12,1,8,9,1,2,400,20000
211,26KMQVgDUoB6rEfnJ51yAABWWJND8uMtpnQgsHQ64Udr-So11111111111111111111111111111111111111112,HAMMY-WSOL,HAMMY,26KMQVgDUoB6rEfnJ51yAABWWJND8uMtpnQgsHQ64Udr,WSOL,So11111111111111111111111111111111111111112,338398.44,20584.06,513303.97,837269.83,1,19,20,1,2,400,20000
212,So11111111111111111111111111111111111111112-GFUgXbMeDnLkhZaJS3nYFqunqkFNMRo9ukhyajeXpump,WSOL-EVAN,WSOL,So11111111111111111111111111111111111111112,EVAN,GFUgXbMeDnLkhZaJS3nYFqunqkFNMRo9ukhyajeXpump,231661.95,20991.61,96101.33,590270.16,2,0,2,1,2,400,20000
213,6N7CrWe6qNt27G4sHXcjQMMy6btKRb7i9n4RYkKboop-So11111111111111111111111111111111111111112,BETTY-WSOL,BETTY,6N7CrWe6qNt27G4sHXcjQMMy6btKRb7i9n4RYkKboop,WSOL,So11111111111111111111111111111111111111112,41601.46,21200.1,254717.15,39527169.76,1,9,10,1,2,400,20000
214,So11111111111111111111111111111111111111112-EQs4DEeaSyrhRPM6JPsf2ptLf4EHkcGXB7ybeufxpump,WSOL-saint,WSOL,So11111111111111111111111111111111111111112,saint,EQs4DEeaSyrhRPM6JPsf2ptLf4EHkcGXB7ybeufxpump,153648.96,22251.58,463223.04,4112863.59,2,0,2,1,2,400,20000
215,So11111111111111111111111111111111111111112-8cNmp9T2CMQRNZhNRoeSvr57LDf1kbZ42SvgsSWfpump,WSOL-JAIL,WSOL,So11111111111111111111111111111111111111112,JAIL,8cNmp9T2CMQRNZhNRoeSvr57LDf1kbZ42SvgsSWfpump,186485.4,22407.34,209283.14,452495.09,2,13,15,1,2,400,20000
216,So11111111111111111111111111111111111111112-HELn8rSM1rp8vAjNH4NYXzX6FvCbwWMGqLfaMgiBnZFV,WSOL-RIO,WSOL,So11111111111111111111111111111111111111112,RIO,HELn8rSM1rp8vAjNH4NYXzX6FvCbwWMGqLfaMgiBnZFV,196181.04,22479.24,119640.0,418512.66,2,0,2,1,2,400,20000
217,So11111111111111111111111111111111111111112-G8Vy25NzjRmuQtnN35xF7j3X2Z1TrV39XijZu8Mg4w8n,WSOL-COOK,WSOL,So11111111111111111111111111111111111111112,COOK,G8Vy25NzjRmuQtnN35xF7j3X2Z1TrV39XijZu8Mg4w8n,121466.18,22654.11,137861.25,474396.16,2,0,2,1,2,400,20000
218,So11111111111111111111111111111111111111112-GYKmdfcUmZVrqfcH1g579BGjuzSRijj3LBuwv79rpump,WSOL-wDOG,WSOL,So11111111111111111111111111111111111111112,wDOG,GYKmdfcUmZVrqfcH1g579BGjuzSRijj3LBuwv79rpump,311334.01,23203.55,365698.04,554894.7,2,17,19,1,2,400,20000
219,Cwe5k2iEy8dt7vCGY93GBrqQS4FWyac6pQjvjLcPD6qp-So11111111111111111111111111111111111111112,AROK-WSOL,AROK,Cwe5k2iEy8dt7vCGY93GBrqQS4FWyac6pQjvjLcPD6qp,WSOL,So11111111111111111111111111111111111111112,235413.31,23329.86,232574.75,258224.41,2,0,2,1,2,400,20000
220,So11111111111111111111111111111111111111112-AHdVQs56QpEEkRx6m8yiYYEiqM2sKjQxVd6mGH12pump,WSOL-FatCat,WSOL,So11111111111111111111111111111111111111112,FatCat,AHdVQs56QpEEkRx6m8yiYYEiqM2sKjQxVd6mGH12pump,527773.02,23378.44,175730.88,395954.75,3,0,3,1,2,400,20000
221,So11111111111111111111111111111111111111112-3MadWqcN9cSrULn8ikDnan9mF3znoQmBPXtVy6BfSTDB,WSOL-GrokCoin,WSOL,So11111111111111111111111111111111111111112,GrokCoin,3MadWqcN9cSrULn8ikDnan9mF3znoQmBPXtVy6BfSTDB,161884.72,23716.14,198965.79,2305067.24,1,16,17,1,2,400,20000
222,So11111111111111111111111111111111111111112-4BBjpGwLgGmUxtT82YFK9xMhcvyy3zgf3HpxTRip1YoU,WSOL-Mundi,WSOL,So11111111111111111111111111111111111111112,Mundi,4BBjpGwLgGmUxtT82YFK9xMhcvyy3zgf3HpxTRip1YoU,291365.09,23938.4,163815.88,2029703.08,2,0,2,1,2,400,20000
223,So11111111111111111111111111111111111111112-DWDnYfhVMnNBbWz4uEVvLVZLdYQoSuBosSU2vmHSpump,WSOL-BIOS,WSOL,So11111111111111111111111111111111111111112,BIOS,DWDnYfhVMnNBbWz4uEVvLVZLdYQoSuBosSU2vmHSpump,114558.03,23974.98,152416.14,842600.14,2,9,11,1,2,400,20000
224,7fb49Wrtx5xksfzGxsa8Y1zV1CCyeimmysGYKkirzCUm-EPjFWdd5AufqSSqeM2qN1xzybapC8G4wEGGkZwyTDt1v,DAILYBET-USDC,DAILYBET,7fb49Wrtx5xksfzGxsa8Y1zV1CCyeimmysGYKkirzCUm,USDC,EPjFWdd5AufqSSqeM2qN1xzybapC8G4wEGGkZwyTDt1v,232621.69,24176.21,180238.96,1045901.55,2,0,2,1,2,400,20000
225,So11111111111111111111111111111111111111112-3iQL8BFS2vE7mww4ehAqQHAsbmRNCrPxizWAT2Zfyr9y,WSOL-VIRTUAL,WSOL,So11111111111111111111111111111111111111112,VIRTUAL,3iQL8BFS2vE7mww4ehAqQHAsbmRNCrPxizWAT2Zfyr9y,85946.17,24280.21,422439.94,869806.04,1,24,25,1,2,400,20000
226,So11111111111111111111111111111111111111112-T1oYbAejEESrZLtSAjumAXhzFqZGNxQ4kVN9vPUoxMv,WSOL-$daumen,WSOL,So11111111111111111111111111111111111111112,$daumen,T1oYbAejEESrZLtSAjumAXhzFqZGNxQ4kVN9vPUoxMv,67888.76,24348.33,116505.25,141954.15,1,1,2,1,2,400,20000
227,So11111111111111111111111111111111111111112-yLUD35WTiPLEY6DUqEj5W2JVXF2DfKB5arPkKJXpump,WSOL-APY,WSOL,So11111111111111111111111111111111111111112,APY,yLUD35WTiPLEY6DUqEj5W2JVXF2DfKB5arPkKJXpump,224457.62,24388.42,226166.5,1195162.88,1,11,12,1,2,400,20000
228,So11111111111111111111111111111111111111112-8bdhP1UQMevciC9oJ7NrvgDfoW8XPXPfbkkm6vKtMS7N,WSOL-SPORE,WSOL,So11111111111111111111111111111111111111112,SPORE,8bdhP1UQMevciC9oJ7NrvgDfoW8XPXPfbkkm6vKtMS7N,212657.74,24451.78,220754.48,558711.75,2,11,13,1,2,400,20000
229,So11111111111111111111111111111111111111112-9sbrLLnk4vxJajnZWXP9h5qk1NDFw7dz2eHjgemcpump,WSOL-Beenz,WSOL,So11111111111111111111111111111111111111112,Beenz,9sbrLLnk4vxJajnZWXP9h5qk1NDFw7dz2eHjgemcpump,183776.15,24532.83,207638.0,1541361.74,2,9,11,1,2,400,20000
230,So11111111111111111111111111111111111111112-62CsquahdQ3J286G9UTqV6whxryfihdV4yg7kSJnpump,WSOL-BGG1,WSOL,So11111111111111111111111111111111111111112,BGG1,62CsquahdQ3J286G9UTqV6whxryfihdV4yg7kSJnpump,253285.67,24600.57,217812.53,495928.44,1,12,13,1,2,400,20000
231,GTH3wG3NErjwcf7VGCoXEXkgXSHvYhx5gtATeeM5JAS1-So11111111111111111111111111111111111111112,WHALES-WSOL,WHALES,GTH3wG3NErjwcf7VGCoXEXkgXSHvYhx5gtATeeM5JAS1,WSOL,So11111111111111111111111111111111111111112,325863.95,24922.23,114043.17,560767.81,1,2,3,1,2,400,20000
232,So11111111111111111111111111111111111111112-2H3JJzBPeKzeUrFYspo7HWUW7YtVSYYM1C4z2wuiSREV,WSOL-RIBBIT,WSOL,So11111111111111111111111111111111111111112,RIBBIT,2H3JJzBPeKzeUrFYspo7HWUW7YtVSYYM1C4z2wuiSREV,20309.46,25224.08,67780.08,67780.08,2,0,2,1,2,400,20000
233,So11111111111111111111111111111111111111112-AshG5mHt4y4etsjhKFb2wA2rq1XZxKks1EPzcuXwpump,WSOL-Fullsend,WSOL,So11111111111111111111111111111111111111112,Fullsend,AshG5mHt4y4etsjhKFb2wA2rq1XZxKks1EPzcuXwpump,305129.01,25269.03,362894.31,708291.23,1,12,13,1,2,400,20000
234,HfMbPyDdZH6QMaDDUokjYCkHxzjoGBMpgaUvpLWGbF5p-So11111111111111111111111111111111111111112,PBTC-WSOL,PBTC,HfMbPyDdZH6QMaDDUokjYCkHxzjoGBMpgaUvpLWGbF5p,WSOL,So11111111111111111111111111111111111111112,270720.92,25409.17,263057.61,752046.99,2,9,11,1,2,400,20000
235,So11111111111111111111111111111111111111112-9bNUjxEvygayUE2ZRN5zh9Hhjh6cN6GPK4zoHzXXpump,WSOL-MOSS,WSOL,So11111111111111111111111111111111111111112,MOSS,9bNUjxEvygayUE2ZRN5zh9Hhjh6cN6GPK4zoHzXXpump,173143.09,25651.38,343026.77,1010636.45,2,8,10,1,2,400,20000
236,So11111111111111111111111111111111111111112-Fxm6tJ2khHbLVcSgnYUqg9FiBduVRLEvdQR67dvQ3eGp,WSOL-NAI,WSOL,So11111111111111111111111111111111111111112,NAI,Fxm6tJ2khHbLVcSgnYUqg9FiBduVRLEvdQR67dvQ3eGp,110974.13,25874.7,376393.68,549797.39,2,7,9,1,2,400,20000
237,So11111111111111111111111111111111111111112-H33XL6HHDReCVRgSApZpsXM7Hy7JGyLztRJaGxjapump,WSOL-APPLE,WSOL,So11111111111111111111111111111111111111112,APPLE,H33XL6HHDReCVRgSApZpsXM7Hy7JGyLztRJaGxjapump,198380.01,26082.94,302929.06,694383.03,1,13,14,1,2,400,20000
238,So11111111111111111111111111111111111111112-8WnQQRbuEZ3CCDbH5MCVioBbw6o75NKANq9WdPhBDsWo,WSOL-coby,WSOL,So11111111111111111111111111111111111111112,coby,8WnQQRbuEZ3CCDbH5MCVioBbw6o75NKANq9WdPhBDsWo,176584.83,26111.34,121675.91,214020.66,2,12,14,1,2,400,20000
239,So11111111111111111111111111111111111111112-CHVggq5Bu2UKLB1MQtLciDV3UKv5hwLkJwA14egApump,WSOL-momo,WSOL,So11111111111111111111111111111111111111112,momo,CHVggq5Bu2UKLB1MQtLciDV3UKv5hwLkJwA14egApump,80287.36,28397.3,100513.43,677563.81,1,6,7,1,2,400,20000
240,So11111111111111111111111111111111111111112-HsNx7RirehVMy54xnFtcgCBPDMrwNnJKykageqdWpump,WSOL-daige,WSOL,So11111111111111111111111111111111111111112,daige,HsNx7RirehVMy54xnFtcgCBPDMrwNnJKykageqdWpump,151551.02,28471.63,194460.44,1093324.75,2,0,2,1,2,400,20000
241,So11111111111111111111111111111111111111112-FABELyo4mGW399dBZJhMeD988o2hEPu3B3LNWtuW4ueN,WSOL-FABEL,WSOL,So11111111111111111111111111111111111111112,FABEL,FABELyo4mGW399dBZJhMeD988o2hEPu3B3LNWtuW4ueN,98814.57,28901.04,263241.53,2991189.14,2,1,3,1,2,400,20000
242,So11111111111111111111111111111111111111112-Fu4jQQpUnECSVQrVfeeVPpQpXQffM75LL328EJPtpump,WSOL-symx,WSOL,So11111111111111111111111111111111111111112,symx,Fu4jQQpUnECSVQrVfeeVPpQpXQffM75LL328EJPtpump,88953.3,29024.57,55130.94,160253.05,1,8,9,1,2,400,20000
243,So11111111111111111111111111111111111111112-EfgEGG9PxLhyk1wqtqgGnwgfVC7JYic3vC9BCWLvpump,WSOL-GYAT,WSOL,So11111111111111111111111111111111111111112,GYAT,EfgEGG9PxLhyk1wqtqgGnwgfVC7JYic3vC9BCWLvpump,312124.07,29468.79,605468.72,2253376.55,2,19,21,1,2,400,20000
244,So11111111111111111111111111111111111111112-7iagMTDPfNSR5zVcERT1To7A9eaQoz58dJAh42EMHcCC,WSOL-YAKUB,WSOL,So11111111111111111111111111111111111111112,YAKUB,7iagMTDPfNSR5zVcERT1To7A9eaQoz58dJAh42EMHcCC,190099.78,29482.14,349459.68,578844.5,2,0,2,1,2,400,20000
245,So11111111111111111111111111111111111111112-CXPLyc3EX8WySgEXLbjhuA7vy8EKQokVJYQuJm2jpump,WSOL-SENTAI,WSOL,So11111111111111111111111111111111111111112,SENTAI,CXPLyc3EX8WySgEXLbjhuA7vy8EKQokVJYQuJm2jpump,145821.45,29630.0,190311.5,449549.5,1,6,7,1,2,400,20000
246,GinNabffZL4fUj9Vactxha74GDAW8kDPGaHqMtMzps2f-So11111111111111111111111111111111111111112,GINNAN-WSOL,GINNAN,GinNabffZL4fUj9Vactxha74GDAW8kDPGaHqMtMzps2f,WSOL,So11111111111111111111111111111111111111112,210099.09,30565.13,378973.55,563585.79,2,9,11,1,2,400,20000
247,So11111111111111111111111111111111111111112-DEf93bSt8dx58gDFCcz4CwbjYZzjwaRBYAciJYLfdCA9,WSOL-KWEEN,WSOL,So11111111111111111111111111111111111111112,KWEEN,DEf93bSt8dx58gDFCcz4CwbjYZzjwaRBYAciJYLfdCA9,393851.83,31006.78,358492.02,1020046.95,2,12,14,1,2,400,20000
248,So11111111111111111111111111111111111111112-FQgtfugBdpFN7PZ6NdPrZpVLDBrPGxXesi4gVu3vErhY,WSOL-BMT,WSOL,So11111111111111111111111111111111111111112,BMT,FQgtfugBdpFN7PZ6NdPrZpVLDBrPGxXesi4gVu3vErhY,843978.72,31666.66,712982.47,5835244.39,1,7,8,1,2,400,20000
249,So11111111111111111111111111111111111111112-7RDvypx3p9EWq4nZZKux1ZQAc7DUWXpHTVKxCCnupump,WSOL-KNOT,WSOL,So11111111111111111111111111111111111111112,KNOT,7RDvypx3p9EWq4nZZKux1ZQAc7DUWXpHTVKxCCnupump,179828.86,32025.76,327833.07,575119.18,2,0,2,1,2,400,20000
250,So11111111111111111111111111111111111111112-5SRer48NRfmhsut1n4ZwSAVUJAErNjdKcXTMVaxdpump,WSOL-GARY,WSOL,So11111111111111111111111111111111111111112,GARY,5SRer48NRfmhsut1n4ZwSAVUJAErNjdKcXTMVaxdpump,137556.23,32611.13,258031.8,1484166.52,1,3,4,1,2,400,20000
251,So11111111111111111111111111111111111111112-B5WTLaRwaUQpKk7ir1wniNB6m5o8GgMrimhKMYan2R6B,WSOL-Pepe,WSOL,So11111111111111111111111111111111111111112,Pepe,B5WTLaRwaUQpKk7ir1wniNB6m5o8GgMrimhKMYan2R6B,402057.38,32748.13,551803.55,3527086.41,3,0,3,1,2,400,20000
252,So11111111111111111111111111111111111111112-9psiRdn9cXYVps4F1kFuoNjd2EtmqNJXrCPmRppJpump,WSOL-UBC,WSOL,So11111111111111111111111111111111111111112,UBC,9psiRdn9cXYVps4F1kFuoNjd2EtmqNJXrCPmRppJpump,356676.93,33116.07,385187.44,1471278.39,2,14,16,1,2,400,20000
253,So11111111111111111111111111111111111111112-BfdVHnbt9LSNAFCZU9kvTjbrH3jX78sv2siLKGQ7pump,WSOL-koto,WSOL,So11111111111111111111111111111111111111112,koto,BfdVHnbt9LSNAFCZU9kvTjbrH3jX78sv2siLKGQ7pump,285784.35,33450.18,217366.44,818537.59,2,6,8,1,2,400,20000
254,So11111111111111111111111111111111111111112-KMnDBXcPXoz6oMJW5XG4tXdwSWpmWEP2RQM1Uujpump,WSOL-FIGHT,WSOL,So11111111111111111111111111111111111111112,FIGHT,KMnDBXcPXoz6oMJW5XG4tXdwSWpmWEP2RQM1Uujpump,362449.31,33967.24,444716.87,2649336.48,2,15,17,1,2,400,20000
255,CckLtcfEtsYzg8sUrVBBrFKt16iExpvEurc1dhKmmoon-So11111111111111111111111111111111111111112,T3AI-WSOL,T3AI,CckLtcfEtsYzg8sUrVBBrFKt16iExpvEurc1dhKmmoon,WSOL,So11111111111111111111111111111111111111112,151313.62,34008.33,224909.28,702746.0,1,12,13,1,2,400,20000
256,ULwSJmmpxmnRfpu6BjnK6rprKXqD5jXUmPpS1FxHXFy-So11111111111111111111111111111111111111112,HEGE-WSOL,HEGE,ULwSJmmpxmnRfpu6BjnK6rprKXqD5jXUmPpS1FxHXFy,WSOL,So11111111111111111111111111111111111111112,957733.18,34144.5,541781.19,1739173.29,2,6,8,1,2,400,20000
257,3TWgDvYBL2YPET2LxnWAwsMeoA8aL4DutNuwat2pKCjC-So11111111111111111111111111111111111111112,KHAI-WSOL,KHAI,3TWgDvYBL2YPET2LxnWAwsMeoA8aL4DutNuwat2pKCjC,WSOL,So11111111111111111111111111111111111111112,256168.2,34534.81,405660.14,901700.25,3,8,11,1,2,400,20000
258,So11111111111111111111111111111111111111112-7b36cKRYFZsMp3vLByVwfVQxW2ndcYth5rhPnyypump,WSOL-PINO,WSOL,So11111111111111111111111111111111111111112,PINO,7b36cKRYFZsMp3vLByVwfVQxW2ndcYth5rhPnyypump,502028.75,34665.32,341629.99,2616168.47,1,16,17,1,2,400,20000
259,So11111111111111111111111111111111111111112-7JA5eZdCzztSfQbJvS8aVVxMFfd81Rs9VvwnocV1mKHu,WSOL-GEOD,WSOL,So11111111111111111111111111111111111111112,GEOD,7JA5eZdCzztSfQbJvS8aVVxMFfd81Rs9VvwnocV1mKHu,217105.61,35360.72,245494.2,826261.28,1,3,4,1,2,400,20000
260,So11111111111111111111111111111111111111112-AxDKAyDsC7p8C5MeDFX6FKV2MPCSGwzkRfGY2qZZpump,WSOL-NOVA,WSOL,So11111111111111111111111111111111111111112,NOVA,AxDKAyDsC7p8C5MeDFX6FKV2MPCSGwzkRfGY2qZZpump,136072.27,35939.05,266279.8,734145.21,2,0,2,1,2,400,20000
261,So11111111111111111111111111111111111111112-HW7D5MyYG4Dz2C98axfjVBeLWpsEnofrqy6ZUwqwpump,WSOL-VIRAL,WSOL,So11111111111111111111111111111111111111112,VIRAL,HW7D5MyYG4Dz2C98axfjVBeLWpsEnofrqy6ZUwqwpump,80606.96,36723.49,396364.82,7117822.1,2,5,7,1,2,400,20000
262,SAVEaeeqeXNKYb4Lyx28DkUms5gyZ76vGa6fCfdzWfK-EPjFWdd5AufqSSqeM2qN1xzybapC8G4wEGGkZwyTDt1v,SAVE-USDC,SAVE,SAVEaeeqeXNKYb4Lyx28DkUms5gyZ76vGa6fCfdzWfK,USDC,EPjFWdd5AufqSSqeM2qN1xzybapC8G4wEGGkZwyTDt1v,87421.68,37740.39,157064.71,442214.55,2,3,5,1,2,400,20000
263,So11111111111111111111111111111111111111112-BkYAUVMar1gLwuFLv2n5cmB6HhcNtvd86kU3gqAypump,WSOL-Elon4AfD,WSOL,So11111111111111111111111111111111111111112,Elon4AfD,BkYAUVMar1gLwuFLv2n5cmB6HhcNtvd86kU3gqAypump,575837.4,38582.56,200179.08,1672313.53,2,0,2,1,2,400,20000
264,So11111111111111111111111111111111111111112-Cpzvdx6pppc9TNArsGsqgShCsKC9NCCjA2gtzHvUpump,WSOL-SVMAI,WSOL,So11111111111111111111111111111111111111112,SVMAI,Cpzvdx6pppc9TNArsGsqgShCsKC9NCCjA2gtzHvUpump,112918.42,39260.28,115661.11,241685.64,2,10,12,1,2,400,20000
265,hntyVP6YFm1Hg25TN9WGLqM12b8TQmcknKrdu1oxWux-EPjFWdd5AufqSSqeM2qN1xzybapC8G4wEGGkZwyTDt1v,HNT-USDC,HNT,hntyVP6YFm1Hg25TN9WGLqM12b8TQmcknKrdu1oxWux,USDC,EPjFWdd5AufqSSqeM2qN1xzybapC8G4wEGGkZwyTDt1v,48412.32,39661.5,181302.36,630958.52,1,2,3,1,2,400,20000
266,So11111111111111111111111111111111111111112-8tdzC7mFKhmfPg3KdSBafHqH7jgi3CvKomfj3Hhupump,WSOL-TgMetrics,WSOL,So11111111111111111111111111111111111111112,TgMetrics,8tdzC7mFKhmfPg3KdSBafHqH7jgi3CvKomfj3Hhupump,144239.33,41389.42,535181.51,1023673.82,2,0,2,1,2,400,20000
267,So11111111111111111111111111111111111111112-FrkF4GNdqKZLuzWXTk1imqMJRGK9uxCRE3PaBKZbpump,WSOL-DRIP,WSOL,So11111111111111111111111111111111111111112,DRIP,FrkF4GNdqKZLuzWXTk1imqMJRGK9uxCRE3PaBKZbpump,122869.1,41525.73,361006.58,3146882.65,2,0,2,1,2,400,20000
268,83mCRQJzvKMeQd9wJbZDUCTPgRbZMDoPdMSx5Sf1pump-So11111111111111111111111111111111111111112,LLJEFFY-WSOL,LLJEFFY,83mCRQJzvKMeQd9wJbZDUCTPgRbZMDoPdMSx5Sf1pump,WSOL,So11111111111111111111111111111111111111112,21469.92,41952.19,291849.79,6541988.34,2,11,13,1,2,400,20000
269,FU1q8vJpZNUrmqsciSjp8bAKKidGsLmouB8CBdf8TKQv-So11111111111111111111111111111111111111112,tremp-WSOL,tremp,FU1q8vJpZNUrmqsciSjp8bAKKidGsLmouB8CBdf8TKQv,WSOL,So11111111111111111111111111111111111111112,751602.88,42122.4,299694.82,870743.42,2,0,2,1,2,400,20000
270,7dHbWXmci3dT8UFYWYZweBLXgycu7Y3iL6trKn1Y7ARj-EPjFWdd5AufqSSqeM2qN1xzybapC8G4wEGGkZwyTDt1v,stSOL-USDC,stSOL,7dHbWXmci3dT8UFYWYZweBLXgycu7Y3iL6trKn1Y7ARj,USDC,EPjFWdd5AufqSSqeM2qN1xzybapC8G4wEGGkZwyTDt1v,458973.76,42808.42,315144.4,811444.39,3,0,3,1,2,400,20000
271,Jambjx1oJoZNBZiqbiF9TqgatEZPdyfvYa9WVsKNzUh-So11111111111111111111111111111111111111112,J-WSOL,J,Jambjx1oJoZNBZiqbiF9TqgatEZPdyfvYa9WVsKNzUh,WSOL,So11111111111111111111111111111111111111112,813950.49,43259.22,922329.55,2488460.31,1,12,13,1,2,400,20000
272,DeaKMzAeZja3Mh5okZE6WUvygLP3Lfuvm6Rg78HqXTz9-So11111111111111111111111111111111111111112,SOLNIC-WSOL,SOLNIC,DeaKMzAeZja3Mh5okZE6WUvygLP3Lfuvm6Rg78HqXTz9,WSOL,So11111111111111111111111111111111111111112,418248.51,43357.21,155292.01,523725.46,2,0,2,1,2,400,20000
273,So11111111111111111111111111111111111111112-BP8RUdhLKBL2vgVXc3n7oTSZKWaQVbD8S6QcPaMVBAPo,WSOL-FAFO,WSOL,So11111111111111111111111111111111111111112,FAFO,BP8RUdhLKBL2vgVXc3n7oTSZKWaQVbD8S6QcPaMVBAPo,308417.75,43880.21,318974.51,1371811.96,2,23,25,1,2,400,20000
274,6dKCoWjpj5MFU5gWDEFdpUUeBasBLK3wLEwhUzQPAa1e-EPjFWdd5AufqSSqeM2qN1xzybapC8G4wEGGkZwyTDt1v,CHEX-USDC,CHEX,6dKCoWjpj5MFU5gWDEFdpUUeBasBLK3wLEwhUzQPAa1e,USDC,EPjFWdd5AufqSSqeM2qN1xzybapC8G4wEGGkZwyTDt1v,584878.78,44072.22,987433.39,2899127.5,1,7,8,1,2,400,20000
275,So11111111111111111111111111111111111111112-Zc4uJVrHC2APe9qKwBD11Gg4BbvQr3naM8f7Wiopump,WSOL-pep ,WSOL,So11111111111111111111111111111111111111112,pep ,Zc4uJVrHC2APe9qKwBD11Gg4BbvQr3naM8f7Wiopump,277850.42,44868.13,719574.77,2376350.58,2,11,13,1,2,400,20000
276,So11111111111111111111111111111111111111112-HFw81sUUPBkNF5tKDanV8VCYTfVY4XbrEEPiwzyypump,WSOL-DUCKAI,WSOL,So11111111111111111111111111111111111111112,DUCKAI,HFw81sUUPBkNF5tKDanV8VCYTfVY4XbrEEPiwzyypump,159456.28,45902.43,628704.29,4510511.01,2,0,2,1,2,400,20000
277,rndrizKT3MK1iimdxRdWabcF7Zg7AR5T4nud4EkHBof-EPjFWdd5AufqSSqeM2qN1xzybapC8G4wEGGkZwyTDt1v,RENDER-USDC,RENDER,rndrizKT3MK1iimdxRdWabcF7Zg7AR5T4nud4EkHBof,USDC,EPjFWdd5AufqSSqeM2qN1xzybapC8G4wEGGkZwyTDt1v,53973.29,46709.1,350315.77,1263083.59,1,6,7,1,2,400,20000
278,Faf89929Ni9fbg4gmVZTca7eW6NFg877Jqn6MizT3Gvw-So11111111111111111111111111111111111111112,WOLF-WSOL,WOLF,Faf89929Ni9fbg4gmVZTca7eW6NFg877Jqn6MizT3Gvw,WSOL,So11111111111111111111111111111111111111112,571859.12,47140.33,483783.61,965155.47,2,0,2,1,2,400,20000
279,So11111111111111111111111111111111111111112-7UN8WkBumTUCofVPXCPjNWQ6msQhzrg9tFQRP48Nmw5V,WSOL-xencat,WSOL,So11111111111111111111111111111111111111112,xencat,7UN8WkBumTUCofVPXCPjNWQ6msQhzrg9tFQRP48Nmw5V,211623.83,47421.9,317654.87,580959.47,2,0,2,1,2,400,20000
280,AZsHEMXd36Bj1EMNXhowJajpUXzrKcK57wW4ZGXVa7yR-EPjFWdd5AufqSSqeM2qN1xzybapC8G4wEGGkZwyTDt1v,GUAC-USDC,GUAC,AZsHEMXd36Bj1EMNXhowJajpUXzrKcK57wW4ZGXVa7yR,USDC,EPjFWdd5AufqSSqeM2qN1xzybapC8G4wEGGkZwyTDt1v,366696.78,47795.38,238514.34,684658.33,2,6,8,1,2,400,20000
281,So11111111111111111111111111111111111111112-BAezfVmia8UYLt4rst6PCU4dvL2i2qHzqn4wGhytpNJW,WSOL-Ainti,WSOL,So11111111111111111111111111111111111111112,Ainti,BAezfVmia8UYLt4rst6PCU4dvL2i2qHzqn4wGhytpNJW,406806.07,48263.73,260681.7,527505.8,3,11,14,1,2,400,20000
282,degod39zqQWzpG6h4b7SJLLTCFE6FeZnZD8BwHBFxaN-So11111111111111111111111111111111111111112,DEGOD-WSOL,DEGOD,degod39zqQWzpG6h4b7SJLLTCFE6FeZnZD8BwHBFxaN,WSOL,So11111111111111111111111111111111111111112,720976.07,48522.74,180619.98,329785.99,2,12,14,1,2,400,20000
283,So11111111111111111111111111111111111111112-BoAQaykj3LtkM2Brevc7cQcRAzpqcsP47nJ2rkyopump,WSOL-FOREST,WSOL,So11111111111111111111111111111111111111112,FOREST,BoAQaykj3LtkM2Brevc7cQcRAzpqcsP47nJ2rkyopump,412424.57,48704.88,781021.2,1233464.66,2,9,11,1,2,400,20000
284,So11111111111111111111111111111111111111112-8tSeXYSXzFvaDX1nbWrEFFaFuPHuWqpzksKYxQPvpump,WSOL-VIBE,WSOL,So11111111111111111111111111111111111111112,VIBE,8tSeXYSXzFvaDX1nbWrEFFaFuPHuWqpzksKYxQPvpump,280190.24,49303.02,592007.67,1231548.77,3,3,6,1,2,400,20000
285,So11111111111111111111111111111111111111112-B89Hd5Juz7JP2dxCZXFJWk4tMTcbw7feDhuWGb3kq5qE,WSOL-NC,WSOL,So11111111111111111111111111111111111111112,NC,B89Hd5Juz7JP2dxCZXFJWk4tMTcbw7feDhuWGb3kq5qE,267638.94,49511.47,1077894.4,2071738.21,2,23,25,1,2,400,20000
286,So11111111111111111111111111111111111111112-92cRC6kV5D7TiHX1j56AbkPbffo9jwcXxSDQZ8Mopump,WSOL-fxn,WSOL,So11111111111111111111111111111111111111112,fxn,92cRC6kV5D7TiHX1j56AbkPbffo9jwcXxSDQZ8Mopump,344558.49,50056.0,716635.14,1880785.82,2,5,7,1,2,400,20000
287,85VBFQZC9TZkfaptBWjvUw7YbZjy52A6mjtPGjstQAmQ-EPjFWdd5AufqSSqeM2qN1xzybapC8G4wEGGkZwyTDt1v,W-USDC,W,85VBFQZC9TZkfaptBWjvUw7YbZjy52A6mjtPGjstQAmQ,USDC,EPjFWdd5AufqSSqeM2qN1xzybapC8G4wEGGkZwyTDt1v,222683.53,51857.47,378341.07,1013627.06,2,18,20,1,2,400,20000
288,3psH1Mj1f7yUfaD5gh6Zj7epE8hhrMkMETgv5TshQA4o-So11111111111111111111111111111111111111112,boden-WSOL,boden,3psH1Mj1f7yUfaD5gh6Zj7epE8hhrMkMETgv5TshQA4o,WSOL,So11111111111111111111111111111111111111112,512530.3,52082.78,730352.99,3264932.0,2,15,17,1,2,400,20000
289,GJgHsc1HU4ibmzW6oWQr8L2RRT95ATc1BoNuLkp94AwU-So11111111111111111111111111111111111111112,WBS-WSOL,WBS,GJgHsc1HU4ibmzW6oWQr8L2RRT95ATc1BoNuLkp94AwU,WSOL,So11111111111111111111111111111111111111112,272224.06,53916.03,303490.15,1075010.75,2,0,2,1,2,400,20000
290,ATLASXmbPQxBUYbxPsV97usA3fPQYEqzQBUHgiFCUsXx-EPjFWdd5AufqSSqeM2qN1xzybapC8G4wEGGkZwyTDt1v,ATLAS-USDC,ATLAS,ATLASXmbPQxBUYbxPsV97usA3fPQYEqzQBUHgiFCUsXx,USDC,EPjFWdd5AufqSSqeM2qN1xzybapC8G4wEGGkZwyTDt1v,136334.26,54843.83,596910.78,1397012.73,3,7,10,1,2,400,20000
291,So11111111111111111111111111111111111111112-6QSVGUEyBZWRshnXKhS96NQ97vGWiTu61SyHLAbYpump,WSOL-KACY,WSOL,So11111111111111111111111111111111111111112,KACY,6QSVGUEyBZWRshnXKhS96NQ97vGWiTu61SyHLAbYpump,186116.13,56642.69,175563.41,378117.94,2,13,15,1,2,400,20000
292,So11111111111111111111111111111111111111112-GMzuntWYJLpNuCizrSR7ZXggiMdDzTNiEmSNHHunpump,WSOL-dreams,WSOL,So11111111111111111111111111111111111111112,dreams,GMzuntWYJLpNuCizrSR7ZXggiMdDzTNiEmSNHHunpump,428854.01,58707.17,733589.85,1958367.14,2,7,9,1,2,400,20000
293,So11111111111111111111111111111111111111112-DNMTk67urDBxEEVRx9HjVzCVu8en4Kgg5HfZy3E6pump,WSOL-ASYM,WSOL,So11111111111111111111111111111111111111112,ASYM,DNMTk67urDBxEEVRx9HjVzCVu8en4Kgg5HfZy3E6pump,190617.0,58951.72,375228.22,1521284.76,1,6,7,1,2,400,20000
294,So11111111111111111111111111111111111111112-73UdJevxaNKXARgkvPHQGKuv8HCZARszuKW2LTL3pump,WSOL-ZARA,WSOL,So11111111111111111111111111111111111111112,ZARA,73UdJevxaNKXARgkvPHQGKuv8HCZARszuKW2LTL3pump,242908.33,59835.16,325711.74,592577.36,1,14,15,1,2,400,20000
295,So11111111111111111111111111111111111111112-zGh48JtNHVBb5evgoZLXwgPD2Qu4MhkWdJLGDAupump,WSOL-retire,WSOL,So11111111111111111111111111111111111111112,retire,zGh48JtNHVBb5evgoZLXwgPD2Qu4MhkWdJLGDAupump,316098.04,60405.28,800707.77,3658005.04,2,5,7,1,2,400,20000
296,So11111111111111111111111111111111111111112-DPaQfq5sFnoqw2Sh9WMmmASFL9LNu6RdtDqwE1tab2tB,WSOL-SKBDI,WSOL,So11111111111111111111111111111111111111112,SKBDI,DPaQfq5sFnoqw2Sh9WMmmASFL9LNu6RdtDqwE1tab2tB,447673.58,61220.88,963296.27,2210284.4,2,2,4,1,2,400,20000
297,So11111111111111111111111111111111111111112-FViMp5phQH2bX81S7Yyn1yXjj3BRddFBNcMCbTH8FCze,WSOL-$TOAD,WSOL,So11111111111111111111111111111111111111112,$TOAD,FViMp5phQH2bX81S7Yyn1yXjj3BRddFBNcMCbTH8FCze,326471.18,63476.11,398926.42,1136681.23,3,0,3,1,2,400,20000
298,So11111111111111111111111111111111111111112-F7Hwf8ib5DVCoiuyGr618Y3gon429Rnd1r5F9R5upump,WSOL-WORK,WSOL,So11111111111111111111111111111111111111112,WORK,F7Hwf8ib5DVCoiuyGr618Y3gon429Rnd1r5F9R5upump,122572.32,63670.74,348333.38,567877.92,1,11,12,1,2,400,20000
299,So11111111111111111111111111111111111111112-Foot4fxy8CHxM37W8BeHwK6aLd8VH2yHTFu43KCxbCqc,WSOL-BIG,WSOL,So11111111111111111111111111111111111111112,BIG,Foot4fxy8CHxM37W8BeHwK6aLd8VH2yHTFu43KCxbCqc,249182.04,67388.2,527849.42,1927645.88,3,0,3,1,2,400,20000
300,9gwTegFJJErDpWJKjPfLr2g2zrE3nL1v5zpwbtsk3c6P-So11111111111111111111111111111111111111112,USEDCAR-WSOL,USEDCAR,9gwTegFJJErDpWJKjPfLr2g2zrE3nL1v5zpwbtsk3c6P,WSOL,So11111111111111111111111111111111111111112,243765.39,67509.03,380691.82,661367.99,2,3,5,1,2,400,20000
301,So11111111111111111111111111111111111111112-FVvd3s9dZYzsgitkJyWbmycSc8MkYZjyF7oqAEvmSxTZ,WSOL-WILD,WSOL,So11111111111111111111111111111111111111112,WILD,FVvd3s9dZYzsgitkJyWbmycSc8MkYZjyF7oqAEvmSxTZ,244162.2,68305.28,670727.69,748335.54,2,0,2,1,2,400,20000
302,So11111111111111111111111111111111111111112-3JgFwoYV74f6LwWjQWnr3YDPFnmBdwQfNyubv99jqUoq,WSOL-wPOND,WSOL,So11111111111111111111111111111111111111112,wPOND,3JgFwoYV74f6LwWjQWnr3YDPFnmBdwQfNyubv99jqUoq,118406.14,69144.3,1195010.96,4233333.74,2,20,22,1,2,400,20000
303,So11111111111111111111111111111111111111112-CTJf74cTo3cw8acFP1YXF3QpsQUUBGBjh2k2e8xsZ6UL,WSOL-Neiro,WSOL,So11111111111111111111111111111111111111112,Neiro,CTJf74cTo3cw8acFP1YXF3QpsQUUBGBjh2k2e8xsZ6UL,854498.16,69463.67,2273085.24,3489733.6,2,24,26,1,2,400,20000
304,So11111111111111111111111111111111111111112-5UAMZkfNmuVcKzr2wo8Jqw4R1k8vfdAVJNN6h3bVpump,WSOL-LIMBO,WSOL,So11111111111111111111111111111111111111112,LIMBO,5UAMZkfNmuVcKzr2wo8Jqw4R1k8vfdAVJNN6h3bVpump,403315.89,70854.96,472410.91,1246204.33,2,9,11,1,2,400,20000
305,So11111111111111111111111111111111111111112-8YiB8B43EwDeSx5Jp91VQjgBU4mfCgVvyNahadtzpump,WSOL-Y2K,WSOL,So11111111111111111111111111111111111111112,Y2K,8YiB8B43EwDeSx5Jp91VQjgBU4mfCgVvyNahadtzpump,356623.69,74270.06,727818.42,2325661.67,1,5,6,1,2,400,20000
306,So11111111111111111111111111111111111111112-DHoadXCbf6TcadkcMGJ8kFRdDa2sXPQ1KrgodUDRpump,WSOL-CHIIKAWA,WSOL,So11111111111111111111111111111111111111112,CHIIKAWA,DHoadXCbf6TcadkcMGJ8kFRdDa2sXPQ1KrgodUDRpump,62312.25,74283.47,258515.12,326034.82,1,4,5,1,2,400,20000
307,So11111111111111111111111111111111111111112-89S9RdgynPq5odSRmcCDAzg26iYuRw4wqUmzMbjUpump,WSOL-EKKO,WSOL,So11111111111111111111111111111111111111112,EKKO,89S9RdgynPq5odSRmcCDAzg26iYuRw4wqUmzMbjUpump,96702.38,76771.8,480702.07,1264930.06,1,6,7,1,2,400,20000
308,So11111111111111111111111111111111111111112-3zJ7RxtzPahndBTEn5PGUyo9xBMv6MJP9J4TPqdFpump,WSOL-ESIM,WSOL,So11111111111111111111111111111111111111112,ESIM,3zJ7RxtzPahndBTEn5PGUyo9xBMv6MJP9J4TPqdFpump,134240.88,77850.23,767890.57,18198573.49,1,7,8,1,2,400,20000
309,So11111111111111111111111111111111111111112-5QS7RcHfGUa2ZtrovPvEJMB9coqroiT7H48dPSwFpump,WSOL-AIOS,WSOL,So11111111111111111111111111111111111111112,AIOS,5QS7RcHfGUa2ZtrovPvEJMB9coqroiT7H48dPSwFpump,426537.61,78042.75,605958.33,5669027.22,2,14,16,1,2,400,20000
310,So11111111111111111111111111111111111111112-7oBYdEhV4GkXC19ZfgAvXpJWp2Rn9pm1Bx2cVNxFpump,WSOL-CAR,WSOL,So11111111111111111111111111111111111111112,CAR,7oBYdEhV4GkXC19ZfgAvXpJWp2Rn9pm1Bx2cVNxFpump,928174.89,78056.02,769512.48,2122922.45,3,23,26,1,2,400,20000
311,A3eME5CetyZPBoWbRUwY3tSe25S6tb18ba9ZPbWk9eFJ-So11111111111111111111111111111111111111112,PENG-WSOL,PENG,A3eME5CetyZPBoWbRUwY3tSe25S6tb18ba9ZPbWk9eFJ,WSOL,So11111111111111111111111111111111111111112,540171.83,78176.32,1060509.2,2171283.08,2,0,2,1,2,400,20000
312,So11111111111111111111111111111111111111112-4HBQm2EhdpUWZkTYxttxNDnsoWi5beRAGWHpjVo8pump,WSOL-CAT,WSOL,So11111111111111111111111111111111111111112,CAT,4HBQm2EhdpUWZkTYxttxNDnsoWi5beRAGWHpjVo8pump,279133.13,79916.14,282259.4,711830.8,2,0,2,1,2,400,20000
313,So11111111111111111111111111111111111111112-BeGY8KqKxboEwRbJd1q9H2K829jS4Rc5dEyNMYXCbV5p,WSOL-NPC,WSOL,So11111111111111111111111111111111111111112,NPC,BeGY8KqKxboEwRbJd1q9H2K829jS4Rc5dEyNMYXCbV5p,902396.49,80482.83,907503.47,2728011.26,2,0,2,1,2,400,20000
314,So11111111111111111111111111111111111111112-6UxB5HCuuNm2HoHCp4TFVkPPE38L5zktESYKZ7Q5RC3f,WSOL-INTERN,WSOL,So11111111111111111111111111111111111111112,INTERN,6UxB5HCuuNm2HoHCp4TFVkPPE38L5zktESYKZ7Q5RC3f,92242.87,81023.56,322773.03,391177.56,1,4,5,1,2,400,20000
315,So11111111111111111111111111111111111111112-HhCLbkW6FwhriTkk81W8tYstsRCLUu6Y7Je1SQjVpump,WSOL-KIKI,WSOL,So11111111111111111111111111111111111111112,KIKI,HhCLbkW6FwhriTkk81W8tYstsRCLUu6Y7Je1SQjVpump,286000.93,81968.5,547823.34,1728962.34,2,9,11,1,2,400,20000
316,KMNo3nJsBXfcpJTVhZcXLW7RmTwTt4GVFE7suUBo9sS-So11111111111111111111111111111111111111112,KMNO-WSOL,KMNO,KMNo3nJsBXfcpJTVhZcXLW7RmTwTt4GVFE7suUBo9sS,WSOL,So11111111111111111111111111111111111111112,370764.47,83002.39,2516402.84,9695106.02,2,15,17,1,2,400,20000
317,So11111111111111111111111111111111111111112-CPBQqugWWCcyehezHf4uSJtET2kmYNqPuhyb57H5pump,WSOL-GREED 3,WSOL,So11111111111111111111111111111111111111112,GREED 3,CPBQqugWWCcyehezHf4uSJtET2kmYNqPuhyb57H5pump,141851.36,83036.43,288119.98,927048.17,1,8,9,1,2,400,20000
318,SENDdRQtYMWaQrBroBrJ2Q53fgVuq95CV9UPGEvpCxa-So11111111111111111111111111111111111111112,SEND-WSOL,SEND,SENDdRQtYMWaQrBroBrJ2Q53fgVuq95CV9UPGEvpCxa,WSOL,So11111111111111111111111111111111111111112,205541.49,84175.77,813957.45,2024747.77,1,25,26,1,2,400,20000
319,So11111111111111111111111111111111111111112-5XyKkFaJpAmsH4Tf2EFj3S61W3hC5cJhxNZQQ5h1pump,WSOL-Luigi,WSOL,So11111111111111111111111111111111111111112,Luigi,5XyKkFaJpAmsH4Tf2EFj3S61W3hC5cJhxNZQQ5h1pump,580349.19,84490.77,460500.45,2223273.84,3,17,20,1,2,400,20000
320,KQijDbNJ6rPCqhtXrfH6gKa5cH3a39At8vHq34nnPbF-So11111111111111111111111111111111111111112,DOGE-WSOL,DOGE,KQijDbNJ6rPCqhtXrfH6gKa5cH3a39At8vHq34nnPbF,WSOL,So11111111111111111111111111111111111111112,258976.12,85168.33,466588.17,912270.95,2,0,2,1,2,400,20000
321,So11111111111111111111111111111111111111112-2RBko3xoz56aH69isQMUpzZd9NYHahhwC23A5F3Spkin,WSOL-PKIN,WSOL,So11111111111111111111111111111111111111112,PKIN,2RBko3xoz56aH69isQMUpzZd9NYHahhwC23A5F3Spkin,677047.0,85846.19,871251.22,3368830.52,2,24,26,1,2,400,20000
322,So11111111111111111111111111111111111111112-6TcoT3vcexjsMuuLvS9DhBUrVVcoqBMHEppQGQLMpump,WSOL-BNTY,WSOL,So11111111111111111111111111111111111111112,BNTY,6TcoT3vcexjsMuuLvS9DhBUrVVcoqBMHEppQGQLMpump,202263.61,86531.21,328128.87,1127906.75,1,7,8,1,2,400,20000
323,So11111111111111111111111111111111111111112-275FUEyp5o7TWo1dCDYJyprb4o2WBcxEQsvmt816pump,WSOL-AAA,WSOL,So11111111111111111111111111111111111111112,AAA,275FUEyp5o7TWo1dCDYJyprb4o2WBcxEQsvmt816pump,201236.17,86806.71,1264854.4,2253580.9,2,0,2,1,2,400,20000
324,So11111111111111111111111111111111111111112-CreiuhfwdWCN5mJbMJtA9bBpYQrQF2tCBuZwSPWfpump,WSOL-PYTHIA,WSOL,So11111111111111111111111111111111111111112,PYTHIA,CreiuhfwdWCN5mJbMJtA9bBpYQrQF2tCBuZwSPWfpump,1179612.24,87633.32,1132156.29,8806903.64,2,13,15,1,2,400,20000
325,So11111111111111111111111111111111111111112-8SpPaFLycx897D6sowPZkEkcNdDahzRZb5itr6D8pump,WSOL-LEA,WSOL,So11111111111111111111111111111111111111112,LEA,8SpPaFLycx897D6sowPZkEkcNdDahzRZb5itr6D8pump,482101.83,87848.53,743724.58,3233697.43,3,7,10,1,2,400,20000
326,So11111111111111111111111111111111111111112-FHKiJEg2zmhv9DEeaXMSZa7R4P8BPFX5VTRrzrtJpump,WSOL-HIBER,WSOL,So11111111111111111111111111111111111111112,HIBER,FHKiJEg2zmhv9DEeaXMSZa7R4P8BPFX5VTRrzrtJpump,194582.18,88449.73,748008.49,10875402.1,1,5,6,1,2,400,20000
327,So11111111111111111111111111111111111111112-9So52ugZh2BLBT3f7p61947q91uQh2DyvbfyMDeRpump,WSOL-MUSKIT,WSOL,So11111111111111111111111111111111111111112,MUSKIT,9So52ugZh2BLBT3f7p61947q91uQh2DyvbfyMDeRpump,237030.18,88581.89,454322.28,4161330.87,2,8,10,1,2,400,20000
328,So11111111111111111111111111111111111111112-AxriehR6Xw3adzHopnvMn7GcpRFcD41ddpiTWMg6pump,WSOL-jailstool,WSOL,So11111111111111111111111111111111111111112,jailstool,AxriehR6Xw3adzHopnvMn7GcpRFcD41ddpiTWMg6pump,1226979.69,89330.36,1226324.51,5557538.68,3,31,34,1,2,400,20000
329,So11111111111111111111111111111111111111112-FLqmVrv6cp7icjobpRMQJMEyjF3kF84QmC4HXpySpump,WSOL-BUCK,WSOL,So11111111111111111111111111111111111111112,BUCK,FLqmVrv6cp7icjobpRMQJMEyjF3kF84QmC4HXpySpump,372487.02,89981.46,311229.51,888383.95,2,0,2,1,2,400,20000
330,BEyp5W9oQosUDD2hPt2Qeg6fuAkNUbnvR6ZJhD8Ybonk-So11111111111111111111111111111111111111112,BONKBOY-WSOL,BONKBOY,BEyp5W9oQosUDD2hPt2Qeg6fuAkNUbnvR6ZJhD8Ybonk,WSOL,So11111111111111111111111111111111111111112,33466.6,90078.21,429562.49,2088099.66,2,0,2,1,2,400,20000
331,So11111111111111111111111111111111111111112-EWWDzCwq4UYW3ERTXbdgd6X6sdkKHFMJqRz1ZiFcpump,WSOL-FATHA,WSOL,So11111111111111111111111111111111111111112,FATHA,EWWDzCwq4UYW3ERTXbdgd6X6sdkKHFMJqRz1ZiFcpump,256000.93,90183.03,200301.71,505794.91,3,9,12,1,2,400,20000
332,So11111111111111111111111111111111111111112-HHoXk7WursT9DLBBhHzBWBbuQkfvvoNyHKpJi61mpump,WSOL-TNSR,WSOL,So11111111111111111111111111111111111111112,TNSR,HHoXk7WursT9DLBBhHzBWBbuQkfvvoNyHKpJi61mpump,393573.21,90365.97,931293.93,2184393.0,1,11,12,1,2,400,20000
333,So11111111111111111111111111111111111111112-3an8rhdepsLCya22af7qDBKPbdomw8K4iCHXaA2Gpump,WSOL-Quant,WSOL,So11111111111111111111111111111111111111112,Quant,3an8rhdepsLCya22af7qDBKPbdomw8K4iCHXaA2Gpump,381845.73,91820.24,438693.5,998647.66,2,14,16,1,2,400,20000
334,So11111111111111111111111111111111111111112-6JGSHS9GrE9uG8ix63w3DPMYHrgrJ6J4QyHbBhAepump,WSOL-Crashout,WSOL,So11111111111111111111111111111111111111112,Crashout,6JGSHS9GrE9uG8ix63w3DPMYHrgrJ6J4QyHbBhAepump,256262.13,97090.87,941325.71,3633765.51,2,11,13,1,2,400,20000
335,So11111111111111111111111111111111111111112-8vBMibwpn8wpfYKbQ9xqzodymg3LjmYec2tSNGRy23K8,WSOL-HYPER,WSOL,So11111111111111111111111111111111111111112,HYPER,8vBMibwpn8wpfYKbQ9xqzodymg3LjmYec2tSNGRy23K8,344756.68,98233.17,1473899.36,3055855.68,2,15,17,1,2,400,20000
336,So11111111111111111111111111111111111111112-SonicxvLud67EceaEzCLRnMTBqzYUUYNr93DBkBdDES,WSOL-SONIC,WSOL,So11111111111111111111111111111111111111112,SONIC,SonicxvLud67EceaEzCLRnMTBqzYUUYNr93DBkBdDES,343966.37,100202.33,794655.29,2171132.68,3,33,36,1,2,400,20000
337,So11111111111111111111111111111111111111112-6yjNqPzTSanBWSa6dxVEgTjePXBrZ2FoHLDQwYwEsyM6,WSOL-Chud,WSOL,So11111111111111111111111111111111111111112,Chud,6yjNqPzTSanBWSa6dxVEgTjePXBrZ2FoHLDQwYwEsyM6,443441.94,100852.77,631257.37,2303046.07,1,13,14,1,2,400,20000
338,So11111111111111111111111111111111111111112-HeJUFDxfJSzYFUuHLxkMqCgytU31G6mjP4wKviwqpump,WSOL-GNON,WSOL,So11111111111111111111111111111111111111112,GNON,HeJUFDxfJSzYFUuHLxkMqCgytU31G6mjP4wKviwqpump,731662.36,101843.43,1425109.02,4281150.55,2,12,14,1,2,400,20000
339,So11111111111111111111111111111111111111112-2G8LH53fcr3aCrEsmAo73eunbZRbyjKrGH5qmur6pump,WSOL-supercycle,WSOL,So11111111111111111111111111111111111111112,supercycle,2G8LH53fcr3aCrEsmAo73eunbZRbyjKrGH5qmur6pump,213402.47,102415.34,1031205.06,1689648.45,2,0,2,1,2,400,20000
340,So11111111111111111111111111111111111111112-Aq8Gocyvyyi8xk5EYxd6viUfVmVvs9T9R6mZFzZFpump,WSOL-HYPER,WSOL,So11111111111111111111111111111111111111112,HYPER,Aq8Gocyvyyi8xk5EYxd6viUfVmVvs9T9R6mZFzZFpump,541761.53,104062.01,1787888.08,5750409.54,2,6,8,1,2,400,20000
341,So11111111111111111111111111111111111111112-26VfKb7jjtdEdvfovoBijScoZmJbWWasFZkgfUD5w7cy,WSOL-Mog,WSOL,So11111111111111111111111111111111111111112,Mog,26VfKb7jjtdEdvfovoBijScoZmJbWWasFZkgfUD5w7cy,215230.4,105171.93,1323909.49,1427007.46,2,5,7,1,2,400,20000
342,So11111111111111111111111111111111111111112-6D7NaB2xsLd7cauWu1wKk6KBsJohJmP2qZH9GEfVi5Ui,WSOL-SC,WSOL,So11111111111111111111111111111111111111112,SC,6D7NaB2xsLd7cauWu1wKk6KBsJohJmP2qZH9GEfVi5Ui,677886.36,107823.32,2403323.65,3745264.54,1,11,12,1,2,400,20000
343,So11111111111111111111111111111111111111112-8AS9yeGsAwvTs9gCDKMmB2MgX8NiSvv4uppH61yqpump,WSOL-$horny,WSOL,So11111111111111111111111111111111111111112,$horny,8AS9yeGsAwvTs9gCDKMmB2MgX8NiSvv4uppH61yqpump,172130.09,108102.17,556495.93,1979916.55,1,6,7,1,2,400,20000
344,So11111111111111111111111111111111111111112-EsP4kJfKUDLfX274WoBSiiEy74Sh4tZKUCDjfULHpump,WSOL-FRIC,WSOL,So11111111111111111111111111111111111111112,FRIC,EsP4kJfKUDLfX274WoBSiiEy74Sh4tZKUCDjfULHpump,611322.28,112620.55,1682368.45,4488524.78,2,17,19,1,2,400,20000
345,So11111111111111111111111111111111111111112-AgDNMAi8r2QS1FQEeTHLsZSmkQKCK7xXP2bR7jQ2pump,WSOL-WTF,WSOL,So11111111111111111111111111111111111111112,WTF,AgDNMAi8r2QS1FQEeTHLsZSmkQKCK7xXP2bR7jQ2pump,194038.19,113176.77,2116916.26,3160284.36,1,1,2,1,2,400,20000
346,So11111111111111111111111111111111111111112-GorvUUSkJGSzJUebM5W6berUkZ5pG8nmnn7tmk74pump,WSOL-ZAILGO,WSOL,So11111111111111111111111111111111111111112,ZAILGO,GorvUUSkJGSzJUebM5W6berUkZ5pG8nmnn7tmk74pump,363487.64,116251.34,684249.21,1946199.51,2,12,14,1,2,400,20000
347,So11111111111111111111111111111111111111112-UbCSotjZpnDYrFk8vydbJWxYEuoJiSptyujPojApump,WSOL-asscoin,WSOL,So11111111111111111111111111111111111111112,asscoin,UbCSotjZpnDYrFk8vydbJWxYEuoJiSptyujPojApump,145648.04,118535.61,2565962.72,5483761.67,2,0,2,1,2,400,20000
348,So11111111111111111111111111111111111111112-dog1viwbb2vWDpER5FrJ4YFG6gq6XuyFohUe9TXN65u,WSOL-DOG,WSOL,So11111111111111111111111111111111111111112,DOG,dog1viwbb2vWDpER5FrJ4YFG6gq6XuyFohUe9TXN65u,34025.66,118609.5,1551643.5,6468962.3,2,11,13,1,2,400,20000
349,So11111111111111111111111111111111111111112-4q3Z58YxrZEAVMLtMwnm7eHtodSD3LSpSNt3pDnqpump,WSOL-KOLIN,WSOL,So11111111111111111111111111111111111111112,KOLIN,4q3Z58YxrZEAVMLtMwnm7eHtodSD3LSpSNt3pDnqpump,414691.04,121007.26,889189.51,2996288.55,2,3,5,1,2,400,20000
350,So11111111111111111111111111111111111111112-7h5AzpYTAnh4Gyux8Gqko5Fvx4AYQBZdkzHZ2CsBudvJ,WSOL-Citadail,WSOL,So11111111111111111111111111111111111111112,Citadail,7h5AzpYTAnh4Gyux8Gqko5Fvx4AYQBZdkzHZ2CsBudvJ,381431.01,121660.63,1071871.55,3266840.54,2,9,11,1,2,400,20000
351,mtnc7NNSpAJuvYNmayXU63WhWZGgFzwQ2yeYWqemeta-EPjFWdd5AufqSSqeM2qN1xzybapC8G4wEGGkZwyTDt1v,MTN-USDC,MTN,mtnc7NNSpAJuvYNmayXU63WhWZGgFzwQ2yeYWqemeta,USDC,EPjFWdd5AufqSSqeM2qN1xzybapC8G4wEGGkZwyTDt1v,1084049.04,121674.52,1573751.03,25438161.39,2,4,6,1,2,400,20000
352,So11111111111111111111111111111111111111112-EBGaJP7srpUUN8eRdta1MsojrNtweuHYsdP3P1TRpump,WSOL-REALIS,WSOL,So11111111111111111111111111111111111111112,REALIS,EBGaJP7srpUUN8eRdta1MsojrNtweuHYsdP3P1TRpump,491437.49,125256.71,921183.34,2793481.74,2,9,11,1,2,400,20000
353,So11111111111111111111111111111111111111112-DtR4D9FtVoTX2569gaL837ZgrB6wNjj6tkmnX9Rdk9B2,WSOL-aura,WSOL,So11111111111111111111111111111111111111112,aura,DtR4D9FtVoTX2569gaL837ZgrB6wNjj6tkmnX9Rdk9B2,520543.47,127143.88,1865551.38,2785601.01,2,14,16,1,2,400,20000
354,So11111111111111111111111111111111111111112-AsyfR3e5JcPqWot4H5MMhQUm7DZ4zwQrcp2zbB7vpump,WSOL-IQ,WSOL,So11111111111111111111111111111111111111112,IQ,AsyfR3e5JcPqWot4H5MMhQUm7DZ4zwQrcp2zbB7vpump,417591.69,130149.95,1102932.17,3339812.24,1,14,15,1,2,400,20000
355,So11111111111111111111111111111111111111112-WEmjxPMGXEW1Nvc4rCgRKiWHj1H1tvhPsKMw2yvpump,WSOL-DIGIMON,WSOL,So11111111111111111111111111111111111111112,DIGIMON,WEmjxPMGXEW1Nvc4rCgRKiWHj1H1tvhPsKMw2yvpump,185733.34,130225.78,808116.65,7477125.96,1,7,8,1,2,400,20000
356,So11111111111111111111111111111111111111112-FLJYGHpCCcfYUdzhcfHSeSd2peb5SMajNWaCsRnhpump,WSOL-STORE,WSOL,So11111111111111111111111111111111111111112,STORE,FLJYGHpCCcfYUdzhcfHSeSd2peb5SMajNWaCsRnhpump,251782.5,133575.66,626673.98,1810600.49,1,4,5,1,2,400,20000
357,So11111111111111111111111111111111111111112-E7NgL19JbN8BhUDgWjkH8MtnbhJoaGaWJqosxZZepump,WSOL-PAYAI,WSOL,So11111111111111111111111111111111111111112,PAYAI,E7NgL19JbN8BhUDgWjkH8MtnbhJoaGaWJqosxZZepump,112086.38,136918.54,870282.36,7017942.61,2,0,2,1,2,400,20000
358,So11111111111111111111111111111111111111112-Ai4CL1SAxVRigxQFwBH8S2JkuL7EqrdiGwTC7JpCpump,WSOL-AWR,WSOL,So11111111111111111111111111111111111111112,AWR,Ai4CL1SAxVRigxQFwBH8S2JkuL7EqrdiGwTC7JpCpump,428551.2,137058.76,1613368.41,7881266.3,2,3,5,1,2,400,20000
359,So11111111111111111111111111111111111111112-CWY3XDTbN91sSmg4XR3ZgxAVgrhiFv4Ue8gUwwJLbonk,WSOL-BAM,WSOL,So11111111111111111111111111111111111111112,BAM,CWY3XDTbN91sSmg4XR3ZgxAVgrhiFv4Ue8gUwwJLbonk,65280.24,138361.96,1119749.49,13727727.05,1,5,6,1,2,400,20000
360,7JA5eZdCzztSfQbJvS8aVVxMFfd81Rs9VvwnocV1mKHu-EPjFWdd5AufqSSqeM2qN1xzybapC8G4wEGGkZwyTDt1v,GEOD-USDC,GEOD,7JA5eZdCzztSfQbJvS8aVVxMFfd81Rs9VvwnocV1mKHu,USDC,EPjFWdd5AufqSSqeM2qN1xzybapC8G4wEGGkZwyTDt1v,1444813.24,140311.08,904913.45,2254251.07,2,0,2,1,2,400,20000
361,So11111111111111111111111111111111111111112-BLDiYcvm3CLcgZ7XUBPgz6idSAkNmWY6MBbm8Xpjpump,WSOL-TRISIG,WSOL,So11111111111111111111111111111111111111112,TRISIG,BLDiYcvm3CLcgZ7XUBPgz6idSAkNmWY6MBbm8Xpjpump,456379.13,146092.52,1159819.69,4689647.72,2,10,12,1,2,400,20000
362,So11111111111111111111111111111111111111112-9hfKxLSnwh4LhpRgmxBYDRgrKeYUgszMePKxuidPpump,WSOL-KIT,WSOL,So11111111111111111111111111111111111111112,KIT,9hfKxLSnwh4LhpRgmxBYDRgrKeYUgszMePKxuidPpump,206264.62,146346.25,595694.12,2181574.14,1,12,13,1,2,400,20000
363,So11111111111111111111111111111111111111112-3MyaQBG7y3SHLQZa282Jh2xtB2TZKHGzNp1CuZ4Cpump,WSOL-Qude,WSOL,So11111111111111111111111111111111111111112,Qude,3MyaQBG7y3SHLQZa282Jh2xtB2TZKHGzNp1CuZ4Cpump,261549.72,152676.55,396383.74,1593489.53,3,10,13,1,2,400,20000
364,So11111111111111111111111111111111111111112-9WPTUkh8fKuCnepRWoPYLH3aK9gSjPHFDenBq2X1Czdp,WSOL-SELFIE,WSOL,So11111111111111111111111111111111111111112,SELFIE,9WPTUkh8fKuCnepRWoPYLH3aK9gSjPHFDenBq2X1Czdp,596574.08,154460.04,2496843.53,5321785.17,1,19,20,1,2,400,20000
365,madHpjRn6bd8t78Rsy7NuSuNwWa2HU8ByPobZprHbHv-So11111111111111111111111111111111111111112,MAD-WSOL,MAD,madHpjRn6bd8t78Rsy7NuSuNwWa2HU8ByPobZprHbHv,WSOL,So11111111111111111111111111111111111111112,564500.39,154653.91,1598823.05,2330289.49,2,0,2,1,2,400,20000
366,So11111111111111111111111111111111111111112-GAMwtMB6onAvBNBQJCJFuxoaqfPH8uCQ2dewNMVVpump,WSOL-TANK,WSOL,So11111111111111111111111111111111111111112,TANK,GAMwtMB6onAvBNBQJCJFuxoaqfPH8uCQ2dewNMVVpump,416827.25,156191.41,1378525.59,7069642.23,1,8,9,1,2,400,20000
367,So11111111111111111111111111111111111111112-J7tYmq2JnQPvxyhcXpCDrvJnc9R5ts8rv7tgVHDPsw7U,WSOL-FLOYDAI,WSOL,So11111111111111111111111111111111111111112,FLOYDAI,J7tYmq2JnQPvxyhcXpCDrvJnc9R5ts8rv7tgVHDPsw7U,470301.81,157477.58,1578127.12,4721408.05,2,6,8,1,2,400,20000
368,So11111111111111111111111111111111111111112-9aLzSdra8iP4xdvKKnErFxzWwe3R7groGaeGgsb5jREV,WSOL-BPAY,WSOL,So11111111111111111111111111111111111111112,BPAY,9aLzSdra8iP4xdvKKnErFxzWwe3R7groGaeGgsb5jREV,42447.7,157661.32,477768.19,477768.19,2,0,2,1,2,400,20000
369,So11111111111111111111111111111111111111112-GhBPHgnNF99EThYxt4bxUfPX1hCPyAS72RCBgLjLpump,WSOL-ARIA,WSOL,So11111111111111111111111111111111111111112,ARIA,GhBPHgnNF99EThYxt4bxUfPX1hCPyAS72RCBgLjLpump,217473.16,160453.78,620088.23,1322896.88,1,2,3,1,2,400,20000
370,ATRLuHph8dxnPny4WSNW7fxkhbeivBrtWbY6BfB4xpLj-EPjFWdd5AufqSSqeM2qN1xzybapC8G4wEGGkZwyTDt1v,ATR-USDC,ATR,ATRLuHph8dxnPny4WSNW7fxkhbeivBrtWbY6BfB4xpLj,USDC,EPjFWdd5AufqSSqeM2qN1xzybapC8G4wEGGkZwyTDt1v,618510.65,161566.57,1572342.17,6649058.7,2,0,2,1,2,400,20000
371,So11111111111111111111111111111111111111112-ts3foLrNUMvwdVeit1oNeLWjYk7e4qsn8PqSsqRpump,WSOL-ANTIRUG,WSOL,So11111111111111111111111111111111111111112,ANTIRUG,ts3foLrNUMvwdVeit1oNeLWjYk7e4qsn8PqSsqRpump,165412.11,163666.59,1129385.99,2972190.92,1,10,11,1,2,400,20000
372,So11111111111111111111111111111111111111112-3joMReCCSESngJEpFLoKR2dNcChjSRCDtybQet5uSpse,WSOL-CAT,WSOL,So11111111111111111111111111111111111111112,CAT,3joMReCCSESngJEpFLoKR2dNcChjSRCDtybQet5uSpse,516894.22,163831.39,2992678.05,4158280.65,1,6,7,1,2,400,20000
373,So11111111111111111111111111111111111111112-6d5zHW5B8RkGKd51Lpb9RqFQSqDudr9GJgZ1SgQZpump,WSOL-AVB,WSOL,So11111111111111111111111111111111111111112,AVB,6d5zHW5B8RkGKd51Lpb9RqFQSqDudr9GJgZ1SgQZpump,743203.54,168448.47,3174026.92,5781671.58,2,11,13,1,2,400,20000
374,So11111111111111111111111111111111111111112-9JhFqCA21MoAXs2PTaeqNQp2XngPn1PgYr2rsEVCpump,WSOL-OPUS,WSOL,So11111111111111111111111111111111111111112,OPUS,9JhFqCA21MoAXs2PTaeqNQp2XngPn1PgYr2rsEVCpump,758642.47,168463.86,1749656.71,8486059.0,2,12,14,1,2,400,20000
375,4YK1njyeCkBuXG6phNtidJWKCbBhB659iwGkUJx98P5Z-So11111111111111111111111111111111111111112,DOLAN-WSOL,DOLAN,4YK1njyeCkBuXG6phNtidJWKCbBhB659iwGkUJx98P5Z,WSOL,So11111111111111111111111111111111111111112,696295.08,169754.21,1402752.82,5265064.8,2,10,12,1,2,400,20000
376,So11111111111111111111111111111111111111112-43VWkd99HjqkhFTZbWBpMpRhjG469nWa7x7uEsgSH7We,WSOL-STNK,WSOL,So11111111111111111111111111111111111111112,STNK,43VWkd99HjqkhFTZbWBpMpRhjG469nWa7x7uEsgSH7We,731528.82,170464.72,2201194.21,3446621.72,4,11,15,1,2,400,20000
377,85cQsFgbi8mBZxiPppbpPXuV7j1hA8tBwhjF4gKW6mHg-So11111111111111111111111111111111111111112,Rizzmas-WSOL,Rizzmas,85cQsFgbi8mBZxiPppbpPXuV7j1hA8tBwhjF4gKW6mHg,WSOL,So11111111111111111111111111111111111111112,572627.9,171050.49,758366.85,2650815.64,2,16,18,1,2,400,20000
378,So11111111111111111111111111111111111111112-4TwC4AiF1uUSHES2eBftGqemp6TqjEnKghqiH6dFpump,WSOL-AKA,WSOL,So11111111111111111111111111111111111111112,AKA,4TwC4AiF1uUSHES2eBftGqemp6TqjEnKghqiH6dFpump,389362.51,173014.39,1029121.26,1593753.97,2,8,10,1,2,400,20000
379,So11111111111111111111111111111111111111112-4MeqZ8v3XbNVVX6B69XxXaymoTX6DbK8iZgaGngCbonk,WSOL-lola,WSOL,So11111111111111111111111111111111111111112,lola,4MeqZ8v3XbNVVX6B69XxXaymoTX6DbK8iZgaGngCbonk,86885.38,177471.49,2362196.51,6794487.66,1,5,6,1,2,400,20000
380,So11111111111111111111111111111111111111112-5voS9evDjxF589WuEub5i4ti7FWQmZCsAsyD5ucbuRqM,WSOL-ELIZA,WSOL,So11111111111111111111111111111111111111112,ELIZA,5voS9evDjxF589WuEub5i4ti7FWQmZCsAsyD5ucbuRqM,807518.13,180192.35,2038645.56,6041313.39,2,19,21,1,2,400,20000
381,5d3kw2KR7hfaja214tL9hqYSxFSoq9uDF9GB7GKboop-So11111111111111111111111111111111111111112,FARM-WSOL,FARM,5d3kw2KR7hfaja214tL9hqYSxFSoq9uDF9GB7GKboop,WSOL,So11111111111111111111111111111111111111112,78260.89,182884.53,1131573.69,5251297.16,2,0,2,1,2,400,20000
382,So11111111111111111111111111111111111111112-9qriMjPPAJTMCtfQnz7Mo9BsV2jAWTr2ff7yc3JWpump,WSOL-　,WSOL,So11111111111111111111111111111111111111112,　,9qriMjPPAJTMCtfQnz7Mo9BsV2jAWTr2ff7yc3JWpump,762046.2,184384.71,1440122.26,6286800.02,2,15,17,1,2,400,20000
383,So11111111111111111111111111111111111111112-8i51XNNpGaKaj4G4nDdmQh95v4FKAxw8mhtaRoKd9tE8,WSOL-TETSUO,WSOL,So11111111111111111111111111111111111111112,TETSUO,8i51XNNpGaKaj4G4nDdmQh95v4FKAxw8mhtaRoKd9tE8,432720.13,186883.09,1407106.77,4410311.37,2,9,11,1,2,400,20000
384,So11111111111111111111111111111111111111112-8w2PY5u2C53tcoSPN4KCjjuZRDEqhyddBNpsyBBLbonk,WSOL-Bonkify,WSOL,So11111111111111111111111111111111111111112,Bonkify,8w2PY5u2C53tcoSPN4KCjjuZRDEqhyddBNpsyBBLbonk,37536.9,188141.34,13388565.25,13388565.25,1,3,4,1,2,400,20000
385,So11111111111111111111111111111111111111112-whispF7G9DHaojYHe2cdhRX5EMJzGBdqq7R57kL6inL,WSOL-WHISP,WSOL,So11111111111111111111111111111111111111112,WHISP,whispF7G9DHaojYHe2cdhRX5EMJzGBdqq7R57kL6inL,351632.79,193438.08,3568506.74,6077931.94,3,10,13,1,2,400,20000
386,So11111111111111111111111111111111111111112-Gu3LDkn7Vx3bmCzLafYNKcDxv2mH7YN44NJZFXnypump,WSOL-degenai,WSOL,So11111111111111111111111111111111111111112,degenai,Gu3LDkn7Vx3bmCzLafYNKcDxv2mH7YN44NJZFXnypump,726829.68,198543.51,1685994.14,8954984.22,3,15,18,1,2,400,20000
387,So11111111111111111111111111111111111111112-Db7ZUaWTThwZy7bVhjn5Dda8D3fbbAhihcxPV4m9pump,WSOL-XENO,WSOL,So11111111111111111111111111111111111111112,XENO,Db7ZUaWTThwZy7bVhjn5Dda8D3fbbAhihcxPV4m9pump,255167.87,202384.65,354312.3,567490.74,1,7,8,1,2,400,20000
388,So11111111111111111111111111111111111111112-7M3gDRgozcumFsiTeXwjB8cYxpg7Q9R7rH7rkw2Fpump,WSOL-CRIME,WSOL,So11111111111111111111111111111111111111112,CRIME,7M3gDRgozcumFsiTeXwjB8cYxpg7Q9R7rH7rkw2Fpump,195448.33,203155.3,1292679.44,1424756.44,1,4,5,1,2,400,20000
389,So11111111111111111111111111111111111111112-38PgzpJYu2HkiYvV8qePFakB8tuobPdGm2FFEn7Dpump,WSOL-gork,WSOL,So11111111111111111111111111111111111111112,gork,38PgzpJYu2HkiYvV8qePFakB8tuobPdGm2FFEn7Dpump,73051.84,205304.25,1072692.27,9002843.38,2,20,22,1,2,400,20000
390,3WPep4ufaToK1aS5s8BL9inzeUrt4DYaQCiic6ZkkC1U-So11111111111111111111111111111111111111112,GIKO-WSOL,GIKO,3WPep4ufaToK1aS5s8BL9inzeUrt4DYaQCiic6ZkkC1U,WSOL,So11111111111111111111111111111111111111112,411006.42,208927.95,1954443.2,5075178.64,2,10,12,1,2,400,20000
391,GtDZKAqvMZMnti46ZewMiXCa4oXF4bZxwQPoKzXPFxZn-So11111111111111111111111111111111111111112,nub-WSOL,nub,GtDZKAqvMZMnti46ZewMiXCa4oXF4bZxwQPoKzXPFxZn,WSOL,So11111111111111111111111111111111111111112,1235560.68,215987.45,4314958.56,10473782.17,1,18,19,1,2,400,20000
392,So11111111111111111111111111111111111111112-FVdo7CDJarhYoH6McyTFqx71EtzCPViinvdd1v86Qmy5,WSOL-Aimonica,WSOL,So11111111111111111111111111111111111111112,Aimonica,FVdo7CDJarhYoH6McyTFqx71EtzCPViinvdd1v86Qmy5,401171.4,217047.46,2596678.99,9828473.77,1,4,5,1,2,400,20000
393,So11111111111111111111111111111111111111112-Bz4MhmVRQENiCou7ZpJ575wpjNFjBjVBSiVhuNg1pump,WSOL-Project89,WSOL,So11111111111111111111111111111111111111112,Project89,Bz4MhmVRQENiCou7ZpJ575wpjNFjBjVBSiVhuNg1pump,765428.01,226840.69,5450517.45,9670134.13,2,13,15,1,2,400,20000
394,So11111111111111111111111111111111111111112-Cn5Ne1vmR9ctMGY9z5NC71A3NYFvopjXNyxYtfVYpump,WSOL-listen,WSOL,So11111111111111111111111111111111111111112,listen,Cn5Ne1vmR9ctMGY9z5NC71A3NYFvopjXNyxYtfVYpump,432395.16,228127.93,2178904.31,6996188.96,2,12,14,1,2,400,20000
395,So11111111111111111111111111111111111111112-J1Wpmugrooj1yMyQKrdZ2vwRXG5rhfx3vTnYE39gpump,WSOL-WOULD,WSOL,So11111111111111111111111111111111111111112,WOULD,J1Wpmugrooj1yMyQKrdZ2vwRXG5rhfx3vTnYE39gpump,4597203.51,233193.94,2084468.47,7587292.38,3,0,3,1,2,400,20000
396,14zP2ToQ79XWvc7FQpm4bRnp9d6Mp1rFfsUW3gpLcRX-So11111111111111111111111111111111111111112,AIXBT-WSOL,AIXBT,14zP2ToQ79XWvc7FQpm4bRnp9d6Mp1rFfsUW3gpLcRX,WSOL,So11111111111111111111111111111111111111112,755126.23,234909.36,3274306.54,10637291.0,2,11,13,1,2,400,20000
397,So11111111111111111111111111111111111111112-3N2ETvNpPNAxhcaXgkhKoY1yDnQfs41Wnxsx5qNJpump,WSOL-NEUR,WSOL,So11111111111111111111111111111111111111112,NEUR,3N2ETvNpPNAxhcaXgkhKoY1yDnQfs41Wnxsx5qNJpump,542216.44,241993.52,2889499.45,6651083.3,3,14,17,1,2,400,20000
398,So11111111111111111111111111111111111111112-3S8qX1MsMqRbiwKg2cQyx7nis1oHMgaCuc9c4VfvVdPN,WSOL-MOTHER,WSOL,So11111111111111111111111111111111111111112,MOTHER,3S8qX1MsMqRbiwKg2cQyx7nis1oHMgaCuc9c4VfvVdPN,1690315.24,242380.69,3144379.53,12123223.77,2,37,39,1,2,400,20000
399,So11111111111111111111111111111111111111112-8CzPPqenpfRXvjE5DHfE3kMDgJhHwWZ1WXRzs44KsamW,WSOL-YAPSTER,WSOL,So11111111111111111111111111111111111111112,YAPSTER,8CzPPqenpfRXvjE5DHfE3kMDgJhHwWZ1WXRzs44KsamW,534820.73,244548.63,722429.06,1723584.88,2,7,9,1,2,400,20000
400,So11111111111111111111111111111111111111112-oraim8c9d1nkfuQk9EzGYEUGxqL3MHQYndRw1huVo5h,WSOL-MAX,WSOL,So11111111111111111111111111111111111111112,MAX,oraim8c9d1nkfuQk9EzGYEUGxqL3MHQYndRw1huVo5h,582351.2,247118.52,2584152.97,6632101.67,2,12,14,1,2,400,20000
401,So11111111111111111111111111111111111111112-9UYAYvVS2cZ3BndbsoG1ScJbjfwyEPGxjE79hh5ipump,WSOL-DOGEAI,WSOL,So11111111111111111111111111111111111111112,DOGEAI,9UYAYvVS2cZ3BndbsoG1ScJbjfwyEPGxjE79hh5ipump,1419186.34,247541.23,2299453.74,7068279.15,2,14,16,1,2,400,20000
402,AujTJJ7aMS8LDo3bFzoyXDwT3jBALUbu4VZhzZdTZLmG-So11111111111111111111111111111111111111112,$BEER-WSOL,$BEER,AujTJJ7aMS8LDo3bFzoyXDwT3jBALUbu4VZhzZdTZLmG,WSOL,So11111111111111111111111111111111111111112,2362005.6,256238.36,1022332.67,1857342.79,2,0,2,1,2,400,20000
403,So11111111111111111111111111111111111111112-9PR7nCP9DpcUotnDPVLUBUZKu5WAYkwrCUx9wDnSpump,WSOL-Ban,WSOL,So11111111111111111111111111111111111111112,Ban,9PR7nCP9DpcUotnDPVLUBUZKu5WAYkwrCUx9wDnSpump,2964519.83,266981.02,5289186.16,20686358.91,3,17,20,1,2,400,20000
404,So11111111111111111111111111111111111111112-JB699bKuBEUJiiXSgtaFQUkAwFmUuz5WAWbKoLLQbonk,WSOL-vpos,WSOL,So11111111111111111111111111111111111111112,vpos,JB699bKuBEUJiiXSgtaFQUkAwFmUuz5WAWbKoLLQbonk,145012.27,295154.29,1152905.59,3886723.56,1,2,3,1,2,400,20000
405,So11111111111111111111111111111111111111112-GPrg1CgbBvAJS2SCuf9gF7NmQYsWudfyfWy5SUzypump,WSOL-EDWIN,WSOL,So11111111111111111111111111111111111111112,EDWIN,GPrg1CgbBvAJS2SCuf9gF7NmQYsWudfyfWy5SUzypump,356401.17,309193.29,1865011.93,9287187.14,2,6,8,1,2,400,20000
406,69kdRLyP5DTRkpHraaSZAQbWmAwzF9guKjZfzMXzcbAs-So11111111111111111111111111111111111111112,USA-WSOL,USA,69kdRLyP5DTRkpHraaSZAQbWmAwzF9guKjZfzMXzcbAs,WSOL,So11111111111111111111111111111111111111112,1740986.8,312774.51,4870667.37,10507845.13,2,20,22,1,2,400,20000
407,So11111111111111111111111111111111111111112-8NNXWrWVctNw1UFeaBypffimTdcLCcD8XJzHvYsmgwpF,WSOL-BRAINLET,WSOL,So11111111111111111111111111111111111111112,BRAINLET,8NNXWrWVctNw1UFeaBypffimTdcLCcD8XJzHvYsmgwpF,439828.64,314366.92,2835885.81,4469951.63,4,0,4,1,2,400,20000
408,HAPPYwgFcjEJDzRtfWE6tiHE9zGdzpNky2FvjPHsvvGZ-So11111111111111111111111111111111111111112,HAPPY-WSOL,HAPPY,HAPPYwgFcjEJDzRtfWE6tiHE9zGdzpNky2FvjPHsvvGZ,WSOL,So11111111111111111111111111111111111111112,489266.13,315476.6,3999478.28,7812173.78,2,13,15,1,2,400,20000
409,So11111111111111111111111111111111111111112-G5e2XonmccmdKc98g3eNQe5oBYGw9m8xdMUvVtcZpump,WSOL-MAIAR,WSOL,So11111111111111111111111111111111111111112,MAIAR,G5e2XonmccmdKc98g3eNQe5oBYGw9m8xdMUvVtcZpump,344107.2,319336.97,2386526.81,13378707.61,2,7,9,1,2,400,20000
410,So11111111111111111111111111111111111111112-8XtRWb4uAAJFMP4QQhoYYCWR6XXb7ybcCdiqPwz9s5WS,WSOL-ALON,WSOL,So11111111111111111111111111111111111111112,ALON,8XtRWb4uAAJFMP4QQhoYYCWR6XXb7ybcCdiqPwz9s5WS,862608.75,320221.45,3994078.2,8113028.79,3,18,21,1,2,400,20000
411,So11111111111111111111111111111111111111112-DitHyRMQiSDhn5cnKMJV2CDDt6sVct96YrECiM49pump,WSOL-House,WSOL,So11111111111111111111111111111111111111112,House,DitHyRMQiSDhn5cnKMJV2CDDt6sVct96YrECiM49pump,99734.9,323538.19,1764105.28,11288164.49,2,16,18,1,2,400,20000
412,So11111111111111111111111111111111111111112-9doRRAik5gvhbEwjbZDbZR6GxXSAfdoomyJR57xKpump,WSOL-GRPH,WSOL,So11111111111111111111111111111111111111112,GRPH,9doRRAik5gvhbEwjbZDbZR6GxXSAfdoomyJR57xKpump,588812.24,326965.02,4063651.14,13838010.26,2,14,16,1,2,400,20000
413,So11111111111111111111111111111111111111112-BZLbGTNCSFfoth2GYDtwr7e4imWzpR5jqcUuGEwr646K,WSOL-IO,WSOL,So11111111111111111111111111111111111111112,IO,BZLbGTNCSFfoth2GYDtwr7e4imWzpR5jqcUuGEwr646K,2642844.93,356010.54,7125102.67,16373784.1,4,26,30,1,2,400,20000
414,Fch1oixTPri8zxBnmdCEADoJW2toyFHxqDZacQkwdvSP-So11111111111111111111111111111111111111112,HARAMBE-WSOL,HARAMBE,Fch1oixTPri8zxBnmdCEADoJW2toyFHxqDZacQkwdvSP,WSOL,So11111111111111111111111111111111111111112,1089372.84,356626.16,2690729.65,4957259.96,2,10,12,1,2,400,20000
415,8wXtPeU6557ETkp9WHFY1n1EcU6NxDvbAggHGsMYiHsB-So11111111111111111111111111111111111111112,GME-WSOL,GME,8wXtPeU6557ETkp9WHFY1n1EcU6NxDvbAggHGsMYiHsB,WSOL,So11111111111111111111111111111111111111112,2872041.63,362144.83,2822854.85,7167649.74,2,30,32,1,2,400,20000
416,So11111111111111111111111111111111111111112-98mb39tPFKQJ4Bif8iVg9mYb9wsfPZgpgN1sxoVTpump,WSOL-LLM,WSOL,So11111111111111111111111111111111111111112,LLM,98mb39tPFKQJ4Bif8iVg9mYb9wsfPZgpgN1sxoVTpump,656587.58,374155.58,3827480.23,10504630.65,2,23,25,1,2,400,20000
417,So11111111111111111111111111111111111111112-7ZCm8WBN9aLa3o47SoYctU6iLdj7wkGG5SV2hE5CgtD5,WSOL-ELON,WSOL,So11111111111111111111111111111111111111112,ELON,7ZCm8WBN9aLa3o47SoYctU6iLdj7wkGG5SV2hE5CgtD5,196999.68,374695.75,1267344.16,1516339.5,2,0,2,1,2,400,20000
418,So11111111111111111111111111111111111111112-GHichsGq8aPnqJyz6Jp1ASTK4PNLpB5KrD6XrfDjpump,WSOL-$1,WSOL,So11111111111111111111111111111111111111112,$1,GHichsGq8aPnqJyz6Jp1ASTK4PNLpB5KrD6XrfDjpump,1201071.08,395695.54,3639660.56,9461024.33,3,13,16,1,2,400,20000
419,MEFNBXixkEbait3xn9bkm8WsJzXtVsaJEn4c8Sam21u-EPjFWdd5AufqSSqeM2qN1xzybapC8G4wEGGkZwyTDt1v,ME-USDC,ME,MEFNBXixkEbait3xn9bkm8WsJzXtVsaJEn4c8Sam21u,USDC,EPjFWdd5AufqSSqeM2qN1xzybapC8G4wEGGkZwyTDt1v,2013319.02,400564.44,2452883.31,12784708.22,4,26,30,1,2,400,20000
420,So11111111111111111111111111111111111111112-2eXamy7t3kvKhfV6aJ6Uwe3eh8cuREFcTKs1mFKZpump,WSOL-nuit,WSOL,So11111111111111111111111111111111111111112,nuit,2eXamy7t3kvKhfV6aJ6Uwe3eh8cuREFcTKs1mFKZpump,409849.5,414889.14,2546500.84,10462392.04,2,19,21,1,2,400,20000
421,So11111111111111111111111111111111111111112-FvgqHMfL9yn39V79huDPy3YUNDoYJpuLWng2JfmQpump,WSOL-$URO,WSOL,So11111111111111111111111111111111111111112,$URO,FvgqHMfL9yn39V79huDPy3YUNDoYJpuLWng2JfmQpump,668976.29,423782.3,2602405.67,6001122.05,2,15,17,1,2,400,20000
422,So11111111111111111111111111111111111111112-F9TgEJLLRUKDRF16HgjUCdJfJ5BK6ucyiW8uJxVPpump,WSOL-AGiXT,WSOL,So11111111111111111111111111111111111111112,AGiXT,F9TgEJLLRUKDRF16HgjUCdJfJ5BK6ucyiW8uJxVPpump,608318.95,430998.16,3605210.72,11718838.67,2,18,20,1,2,400,20000
423,So11111111111111111111111111111111111111112-GkeUTuaFB4oZADaqiCo3yauHNx9SxUNn8euHptEEbonk,WSOL-Grassito,WSOL,So11111111111111111111111111111111111111112,Grassito,GkeUTuaFB4oZADaqiCo3yauHNx9SxUNn8euHptEEbonk,129815.8,436422.77,4359928.61,66710824.44,2,9,11,1,2,400,20000
424,So11111111111111111111111111111111111111112-5LJMJyR8MtAkbtpf8kFUV7S9oFG3xaGDdcnFxYt9pump,WSOL-FAT,WSOL,So11111111111111111111111111111111111111112,FAT,5LJMJyR8MtAkbtpf8kFUV7S9oFG3xaGDdcnFxYt9pump,540820.12,448347.37,4620346.5,23002251.96,2,13,15,1,2,400,20000
425,So11111111111111111111111111111111111111112-AxGAbdFtdbj2oNXa4dKqFvwHzgFtW9mFHWmd7vQfpump,WSOL-HAT,WSOL,So11111111111111111111111111111111111111112,HAT,AxGAbdFtdbj2oNXa4dKqFvwHzgFtW9mFHWmd7vQfpump,596820.82,448460.73,3731914.76,13502242.23,2,10,12,1,2,400,20000
426,6dKCoWjpj5MFU5gWDEFdpUUeBasBLK3wLEwhUzQPAa1e-So11111111111111111111111111111111111111112,CHEX-WSOL,CHEX,6dKCoWjpj5MFU5gWDEFdpUUeBasBLK3wLEwhUzQPAa1e,WSOL,So11111111111111111111111111111111111111112,1886701.53,455294.44,4440223.63,10171527.24,5,8,13,1,2,400,20000
427,So11111111111111111111111111111111111111112-CBdCxKo9QavR9hfShgpEBG3zekorAeD7W1jfq2o3pump,WSOL-LUCE,WSOL,So11111111111111111111111111111111111111112,LUCE,CBdCxKo9QavR9hfShgpEBG3zekorAeD7W1jfq2o3pump,1677947.46,455945.09,8714633.85,91920418.78,2,27,29,1,2,400,20000
428,hntyVP6YFm1Hg25TN9WGLqM12b8TQmcknKrdu1oxWux-So11111111111111111111111111111111111111112,HNT-WSOL,HNT,hntyVP6YFm1Hg25TN9WGLqM12b8TQmcknKrdu1oxWux,WSOL,So11111111111111111111111111111111111111112,2621776.01,472861.75,1961550.72,6528421.53,2,5,7,1,2,400,20000
429,So11111111111111111111111111111111111111112-3B5wuUrMEi5yATD7on46hKfej3pfmd7t1RKgrsN3pump,WSOL-BILLY,WSOL,So11111111111111111111111111111111111111112,BILLY,3B5wuUrMEi5yATD7on46hKfej3pfmd7t1RKgrsN3pump,1407695.96,491845.8,8327077.37,12778482.01,3,30,33,1,2,400,20000
430,So11111111111111111111111111111111111111112-BmXfbamFqrBzrqihr9hbSmEsfQUXMVaqshAjgvZupump,WSOL-LUX,WSOL,So11111111111111111111111111111111111111112,LUX,BmXfbamFqrBzrqihr9hbSmEsfQUXMVaqshAjgvZupump,608274.96,503766.36,1742199.27,5023839.08,2,26,28,1,2,400,20000
431,So11111111111111111111111111111111111111112-GiG7Hr61RVm4CSUxJmgiCoySFQtdiwxtqf64MsRppump,WSOL-SCF,WSOL,So11111111111111111111111111111111111111112,SCF,GiG7Hr61RVm4CSUxJmgiCoySFQtdiwxtqf64MsRppump,1210555.71,521408.98,5172722.63,7543740.29,2,20,22,1,2,400,20000
432,BUhS5coXEt9hcxN3JSpGYUWSKbNo96RsKu52LcMo12rf-So11111111111111111111111111111111111111112,meow-WSOL,meow,BUhS5coXEt9hcxN3JSpGYUWSKbNo96RsKu52LcMo12rf,WSOL,So11111111111111111111111111111111111111112,1953538.13,537167.24,1979304.17,5991502.14,2,0,2,1,2,400,20000
433,DvjbEsdca43oQcw2h3HW1CT7N3x5vRcr3QrvTUHnXvgV-EPjFWdd5AufqSSqeM2qN1xzybapC8G4wEGGkZwyTDt1v,DOOD-USDC,DOOD,DvjbEsdca43oQcw2h3HW1CT7N3x5vRcr3QrvTUHnXvgV,USDC,EPjFWdd5AufqSSqeM2qN1xzybapC8G4wEGGkZwyTDt1v,730799.77,542740.51,15688596.21,15688596.21,2,14,16,1,2,400,20000
434,So11111111111111111111111111111111111111112-3HfLqhtF5hR5dyBXh6BMtRaTm9qzStvEGuMa8Gx6pump,WSOL-buidl,WSOL,So11111111111111111111111111111111111111112,buidl,3HfLqhtF5hR5dyBXh6BMtRaTm9qzStvEGuMa8Gx6pump,375773.75,543243.61,2998790.06,5127854.88,1,3,4,1,2,400,20000
435,So11111111111111111111111111111111111111112-HzwqbKZw8HxMN6bF2yFZNrht3c2iXXzpKcFu7uBEDKtr,WSOL-EURC,WSOL,So11111111111111111111111111111111111111112,EURC,HzwqbKZw8HxMN6bF2yFZNrht3c2iXXzpKcFu7uBEDKtr,119030.32,549199.99,3501447.66,126007710.43,2,3,5,1,2,400,20000
436,So11111111111111111111111111111111111111112-5bKxjcJLsz2kpQ2jD9DfqbBJSRpw68sdoAUV2rUibonk,WSOL-IBG,WSOL,So11111111111111111111111111111111111111112,IBG,5bKxjcJLsz2kpQ2jD9DfqbBJSRpw68sdoAUV2rUibonk,69940.06,556691.33,12121548.94,12121548.94,2,0,2,1,2,400,20000
437,25hAyBQfoDhfWx9ay6rarbgvWGwDdNqcHsXS3jQ3mTDJ-So11111111111111111111111111111111111111112,MANEKI-WSOL,MANEKI,25hAyBQfoDhfWx9ay6rarbgvWGwDdNqcHsXS3jQ3mTDJ,WSOL,So11111111111111111111111111111111111111112,8725599.97,566707.31,7374683.55,84370482.66,2,15,17,1,2,400,20000
438,So11111111111111111111111111111111111111112-FQ1tyso61AH1tzodyJfSwmzsD3GToybbRNoZxUBz21p8,WSOL-vvaifu,WSOL,So11111111111111111111111111111111111111112,vvaifu,FQ1tyso61AH1tzodyJfSwmzsD3GToybbRNoZxUBz21p8,935471.51,581189.69,3045638.66,6569150.94,2,11,13,1,2,400,20000
439,So11111111111111111111111111111111111111112-7D1iYWfhw2cr9yBZBFE6nZaaSUvXHqG5FizFFEZwpump,WSOL-YNE,WSOL,So11111111111111111111111111111111111111112,YNE,7D1iYWfhw2cr9yBZBFE6nZaaSUvXHqG5FizFFEZwpump,880223.3,592427.61,4328806.42,13131816.2,2,18,20,1,2,400,20000
440,So11111111111111111111111111111111111111112-F8tDt7QRAYicWQPK5LTh8kZR4zKJPdTiEq5dwCcVpump,WSOL-SENSUS,WSOL,So11111111111111111111111111111111111111112,SENSUS,F8tDt7QRAYicWQPK5LTh8kZR4zKJPdTiEq5dwCcVpump,203652.79,618657.01,728774.37,904362.16,1,3,4,1,2,400,20000
441,y1AZt42vceCmStjW4zetK3VoNarC1VxJ5iDjpiupump-So11111111111111111111111111111111111111112,FARTBOY-WSOL,FARTBOY,y1AZt42vceCmStjW4zetK3VoNarC1VxJ5iDjpiupump,WSOL,So11111111111111111111111111111111111111112,946232.57,619787.27,3712663.28,11039452.11,1,5,6,1,2,400,20000
442,So11111111111111111111111111111111111111112-4NBTf8PfLH4oLFnwf3knv46FY9i5oXjDxffCetXRpump,WSOL-YzY,WSOL,So11111111111111111111111111111111111111112,YzY,4NBTf8PfLH4oLFnwf3knv46FY9i5oXjDxffCetXRpump,650710.86,631213.84,1045640.05,4047417.75,2,15,17,1,2,400,20000
443,8Ki8DpuWNxu9VsS3kQbarsCWMcFGWkzzA8pUPto9zBd5-So11111111111111111111111111111111111111112,LOCKIN-WSOL,LOCKIN,8Ki8DpuWNxu9VsS3kQbarsCWMcFGWkzzA8pUPto9zBd5,WSOL,So11111111111111111111111111111111111111112,892128.27,633937.2,5461944.76,11152936.42,2,17,19,1,2,400,20000
444,So11111111111111111111111111111111111111112-5SVG3T9CNQsm2kEwzbRq6hASqh1oGfjqTtLXYUibpump,WSOL-SIGMA,WSOL,So11111111111111111111111111111111111111112,SIGMA,5SVG3T9CNQsm2kEwzbRq6hASqh1oGfjqTtLXYUibpump,1602524.92,642370.65,6367877.19,17468025.92,3,13,16,1,2,400,20000
445,So11111111111111111111111111111111111111112-2z1p8xCEjRzpBHjXWrx4tJnz7BFL6z7NnvbCxH7bpump,WSOL-San,WSOL,So11111111111111111111111111111111111111112,San,2z1p8xCEjRzpBHjXWrx4tJnz7BFL6z7NnvbCxH7bpump,687985.26,649749.54,5915346.6,15875706.59,2,8,10,1,2,400,20000
446,So11111111111111111111111111111111111111112-HBoNJ5v8g71s2boRivrHnfSB5MVPLDHHyVjruPfhGkvL,WSOL-PURPE,WSOL,So11111111111111111111111111111111111111112,PURPE,HBoNJ5v8g71s2boRivrHnfSB5MVPLDHHyVjruPfhGkvL,1286468.59,685024.66,9518989.72,12231159.21,3,5,8,1,2,400,20000
447,So11111111111111111111111111111111111111112-VaxZxmFXV8tmsd72hUn22ex6GFzZ5uq9DVJ5wA5pump,WSOL-OIIAOIIA,WSOL,So11111111111111111111111111111111111111112,OIIAOIIA,VaxZxmFXV8tmsd72hUn22ex6GFzZ5uq9DVJ5wA5pump,609258.45,746520.93,3925883.84,11389393.84,1,9,10,1,2,400,20000
448,So11111111111111111111111111111111111111112-H2c31USxu35MDkBrGph8pUDUnmzo2e4Rf4hnvL2Upump,WSOL-Shoggoth,WSOL,So11111111111111111111111111111111111111112,Shoggoth,H2c31USxu35MDkBrGph8pUDUnmzo2e4Rf4hnvL2Upump,1196100.54,746823.63,3529917.83,9037615.74,2,20,22,1,2,400,20000
449,So11111111111111111111111111111111111111112-DzN1qkcRdsxQRFb9yVvz73Fnu6SbD3f5oJgArVdx7Nzc,WSOL-UNICORN,WSOL,So11111111111111111111111111111111111111112,UNICORN,DzN1qkcRdsxQRFb9yVvz73Fnu6SbD3f5oJgArVdx7Nzc,62436.83,752140.6,921432.03,921432.03,2,6,8,1,2,400,20000
450,HUdqc5MR5h3FssESabPnQ1GTgTcPvnNudAuLj5J6a9sU-So11111111111111111111111111111111111111112,BONGO-WSOL,BONGO,HUdqc5MR5h3FssESabPnQ1GTgTcPvnNudAuLj5J6a9sU,WSOL,So11111111111111111111111111111111111111112,763301.83,757450.81,10172773.31,20719070.7,1,5,6,1,2,400,20000
451,JosjEXh69RckgSs2AWsN1xN8zmiSHxBuJjHLURJnHhg-So11111111111111111111111111111111111111112,JOS-WSOL,JOS,JosjEXh69RckgSs2AWsN1xN8zmiSHxBuJjHLURJnHhg,WSOL,So11111111111111111111111111111111111111112,537406.78,762744.22,8038923.31,49139095.73,3,11,14,1,2,400,20000
452,JmMRbLcKgNCu17yHZDAn4strE5NjmWJ4pCeJ7s7boop-So11111111111111111111111111111111111111112,Boopa-WSOL,Boopa,JmMRbLcKgNCu17yHZDAn4strE5NjmWJ4pCeJ7s7boop,WSOL,So11111111111111111111111111111111111111112,188788.53,775565.76,6906439.21,42862618.83,3,8,11,1,2,400,20000
453,EPjFWdd5AufqSSqeM2qN1xzybapC8G4wEGGkZwyTDt1v-HhJpBhRRn4g56VsyLuT8DL5Bv31HkXqsrahTTUCZeZg4,USDC-$MYRO,USDC,EPjFWdd5AufqSSqeM2qN1xzybapC8G4wEGGkZwyTDt1v,$MYRO,HhJpBhRRn4g56VsyLuT8DL5Bv31HkXqsrahTTUCZeZg4,1891340.71,821547.22,9951206.97,28473698.52,2,0,2,1,2,400,20000
454,So11111111111111111111111111111111111111112-86t88w3MKT38HChTBKBwEeb1RW1MeTceaW68qY2Vpump,WSOL-LMT,WSOL,So11111111111111111111111111111111111111112,LMT,86t88w3MKT38HChTBKBwEeb1RW1MeTceaW68qY2Vpump,1803460.69,836441.08,11267947.79,16157650.23,2,12,14,1,2,400,20000
455,So11111111111111111111111111111111111111112-E1jCTXdkMRoawoWoqfbhiNkkLbxcSHPssMo36U84pump,WSOL-GFM,WSOL,So11111111111111111111111111111111111111112,GFM,E1jCTXdkMRoawoWoqfbhiNkkLbxcSHPssMo36U84pump,521140.66,836970.25,5073958.92,13218785.31,3,17,20,1,2,400,20000
456,So11111111111111111111111111111111111111112-CboMcTUYUcy9E6B3yGdFn6aEsGUnYV6yWeoeukw6pump,WSOL-Butthole,WSOL,So11111111111111111111111111111111111111112,Butthole,CboMcTUYUcy9E6B3yGdFn6aEsGUnYV6yWeoeukw6pump,1167437.8,843989.36,5926080.99,15507759.58,2,11,13,1,2,400,20000
457,6ogzHhzdrQr9Pgv6hZ2MNze7UrzBMAFyBBWUYp1Fhitx-So11111111111111111111111111111111111111112,RETARDIO-WSOL,RETARDIO,6ogzHhzdrQr9Pgv6hZ2MNze7UrzBMAFyBBWUYp1Fhitx,WSOL,So11111111111111111111111111111111111111112,1586360.57,870132.0,8135291.32,16453888.11,2,15,17,1,2,400,20000
458,So11111111111111111111111111111111111111112-FasH397CeZLNYWkd3wWK9vrmjd1z93n3b59DssRXpump,WSOL-BUTTCOIN,WSOL,So11111111111111111111111111111111111111112,BUTTCOIN,FasH397CeZLNYWkd3wWK9vrmjd1z93n3b59DssRXpump,914392.64,906451.1,9744948.02,43126131.55,2,13,15,1,2,400,20000
459,So11111111111111111111111111111111111111112-4FkNq8RcCYg4ZGDWh14scJ7ej3m5vMjYTcWoJVkupump,WSOL-LUMO,WSOL,So11111111111111111111111111111111111111112,LUMO,4FkNq8RcCYg4ZGDWh14scJ7ej3m5vMjYTcWoJVkupump,852121.78,907818.75,6246629.24,43430106.65,3,11,14,1,2,400,20000
460,So11111111111111111111111111111111111111112-9Wkcek2EZFmJf5L2XmC5rfnNVBrdndbMe6yW8fbfbonk,WSOL-CHACHA,WSOL,So11111111111111111111111111111111111111112,CHACHA,9Wkcek2EZFmJf5L2XmC5rfnNVBrdndbMe6yW8fbfbonk,161207.17,915076.94,8942723.86,35579532.54,1,7,8,1,2,400,20000
461,So11111111111111111111111111111111111111112-GJtJuWD9qYcCkrwMBmtY1tpapV1sKfB2zUv9Q4aqpump,WSOL-$RIF,WSOL,So11111111111111111111111111111111111111112,$RIF,GJtJuWD9qYcCkrwMBmtY1tpapV1sKfB2zUv9Q4aqpump,766520.38,921670.05,5229399.47,11968353.11,2,15,17,1,2,400,20000
462,So11111111111111111111111111111111111111112-HgBRWfYxEfvPhtqkaeymCQtHCrKE46qQ43pKe8HCpump,WSOL-Bert,WSOL,So11111111111111111111111111111111111111112,Bert,HgBRWfYxEfvPhtqkaeymCQtHCrKE46qQ43pKe8HCpump,1541101.97,1126563.28,8458003.73,16223702.53,4,6,10,1,2,400,20000
463,So11111111111111111111111111111111111111112-H4phNbsqjV5rqk8u6FUACTLB6rNZRTAPGnBb8KXJpump,WSOL-SSE,WSOL,So11111111111111111111111111111111111111112,SSE,H4phNbsqjV5rqk8u6FUACTLB6rNZRTAPGnBb8KXJpump,1021359.11,1139656.38,7950132.41,22272661.91,3,22,25,1,2,400,20000
464,So11111111111111111111111111111111111111112-ZEUS1aR7aX8DFFJf5QjWj2ftDDdNTroMNGo8YoQm3Gq,WSOL-ZEUS,WSOL,So11111111111111111111111111111111111111112,ZEUS,ZEUS1aR7aX8DFFJf5QjWj2ftDDdNTroMNGo8YoQm3Gq,416574.94,1140866.64,10229717.35,24633444.84,1,20,21,1,2,400,20000
465,Hax9LTgsQkze1YFychnBLtFH8gYbQKtKfWKKg2SP6gdD-So11111111111111111111111111111111111111112,TAI-WSOL,TAI,Hax9LTgsQkze1YFychnBLtFH8gYbQKtKfWKKg2SP6gdD,WSOL,So11111111111111111111111111111111111111112,1506259.15,1159247.28,14658514.21,70746414.72,2,15,17,1,2,400,20000
466,So11111111111111111111111111111111111111112-9DHe3pycTuymFk4H4bbPoAJ4hQrr2kaLDF6J6aAKpump,WSOL-BUZZ,WSOL,So11111111111111111111111111111111111111112,BUZZ,9DHe3pycTuymFk4H4bbPoAJ4hQrr2kaLDF6J6aAKpump,1093775.59,1167990.24,11133436.43,36230081.71,2,26,28,1,2,400,20000
467,7XJiwLDrjzxDYdZipnJXzpr1iDTmK55XixSFAa7JgNEL-So11111111111111111111111111111111111111112,MLG-WSOL,MLG,7XJiwLDrjzxDYdZipnJXzpr1iDTmK55XixSFAa7JgNEL,WSOL,So11111111111111111111111111111111111111112,1311541.39,1193072.04,8070475.45,15275709.83,1,21,22,1,2,400,20000
468,So11111111111111111111111111111111111111112-CNvitvFnSM5ed6K28RUNSaAjqqz5tX1rA5HgaBN9pump,WSOL-FRED,WSOL,So11111111111111111111111111111111111111112,FRED,CNvitvFnSM5ed6K28RUNSaAjqqz5tX1rA5HgaBN9pump,1511094.72,1309800.52,18358935.23,22259725.46,2,13,15,1,2,400,20000
469,So11111111111111111111111111111111111111112-C7heQqfNzdMbUFQwcHkL9FvdwsFsDRBnfwZDDyWYCLTZ,WSOL-$COLLAT,WSOL,So11111111111111111111111111111111111111112,$COLLAT,C7heQqfNzdMbUFQwcHkL9FvdwsFsDRBnfwZDDyWYCLTZ,1255435.95,1387260.06,8235248.64,20207201.08,2,17,19,1,2,400,20000
470,So11111111111111111111111111111111111111112-9McvH6w97oewLmPxqQEoHUAv3u5iYMyQ9AeZZhguYf1T,WSOL-Anon,WSOL,So11111111111111111111111111111111111111112,Anon,9McvH6w97oewLmPxqQEoHUAv3u5iYMyQ9AeZZhguYf1T,1238954.29,1411330.52,16230363.66,47534934.25,3,24,27,1,2,400,20000
471,So11111111111111111111111111111111111111112-HZ1JovNiVvGrGNiiYvEozEVgZ58xaU3RKwX8eACQBCt3,WSOL-PYTH,WSOL,So11111111111111111111111111111111111111112,PYTH,HZ1JovNiVvGrGNiiYvEozEVgZ58xaU3RKwX8eACQBCt3,281472.8,1439700.47,5930266.0,12301077.13,3,13,16,1,2,400,20000
472,So11111111111111111111111111111111111111112-FWAr6oWa6CHg6WUcXu8CqkmsdbhtEqL8t31QTonppump,WSOL-PVS,WSOL,So11111111111111111111111111111111111111112,PVS,FWAr6oWa6CHg6WUcXu8CqkmsdbhtEqL8t31QTonppump,939634.15,1470023.2,8343160.12,29170849.37,2,10,12,1,2,400,20000
473,So11111111111111111111111111111111111111112-GekTNfm84QfyP2GdAHZ5AgACBRd69aNmgA5FDhZupump,WSOL-GRIFT,WSOL,So11111111111111111111111111111111111111112,GRIFT,GekTNfm84QfyP2GdAHZ5AgACBRd69aNmgA5FDhZupump,1456301.78,1522473.0,17017012.82,32086557.31,2,15,17,1,2,400,20000
474,So11111111111111111111111111111111111111112-Hjw6bEcHtbHGpQr8onG3izfJY5DJiWdt7uk2BfdSpump,WSOL-SNAI,WSOL,So11111111111111111111111111111111111111112,SNAI,Hjw6bEcHtbHGpQr8onG3izfJY5DJiWdt7uk2BfdSpump,2007597.3,1542362.46,11986259.13,30592185.97,2,17,19,1,2,400,20000
475,EPjFWdd5AufqSSqeM2qN1xzybapC8G4wEGGkZwyTDt1v-HzwqbKZw8HxMN6bF2yFZNrht3c2iXXzpKcFu7uBEDKtr,USDC-EURC,USDC,EPjFWdd5AufqSSqeM2qN1xzybapC8G4wEGGkZwyTDt1v,EURC,HzwqbKZw8HxMN6bF2yFZNrht3c2iXXzpKcFu7uBEDKtr,742808.25,1582669.48,17764681.56,278470724.58,2,6,8,1,2,400,20000
476,So11111111111111111111111111111111111111112-rndrizKT3MK1iimdxRdWabcF7Zg7AR5T4nud4EkHBof,WSOL-RENDER,WSOL,So11111111111111111111111111111111111111112,RENDER,rndrizKT3MK1iimdxRdWabcF7Zg7AR5T4nud4EkHBof,1933453.33,1594490.18,13694792.68,39558109.67,3,7,10,1,2,400,20000
477,So11111111111111111111111111111111111111112-BQX1cjcRHXmrqNtoFWwmE5bZj7RPneTmqXB979b2pump,WSOL-Italianrot,WSOL,So11111111111111111111111111111111111111112,Italianrot,BQX1cjcRHXmrqNtoFWwmE5bZj7RPneTmqXB979b2pump,676535.27,1718558.79,14743836.56,81071843.63,2,8,10,1,2,400,20000
478,So11111111111111111111111111111111111111112-2VqtrBXmgkNa3oeJwgnBUdNL5yJhq8kddqYtPVGKbonk,WSOL-FLOPPY,WSOL,So11111111111111111111111111111111111111112,FLOPPY,2VqtrBXmgkNa3oeJwgnBUdNL5yJhq8kddqYtPVGKbonk,87529.95,1759558.64,12169860.42,12169860.42,2,0,2,1,2,400,20000
479,So11111111111111111111111111111111111111112-6NcdiK8B5KK2DzKvzvCfqi8EHaEqu48fyEzC8Mm9pump,WSOL-STONKS,WSOL,So11111111111111111111111111111111111111112,STONKS,6NcdiK8B5KK2DzKvzvCfqi8EHaEqu48fyEzC8Mm9pump,2668425.2,1835910.42,12857265.08,36915288.45,3,18,21,1,2,400,20000
480,So11111111111111111111111111111111111111112-Cy1GS2FqefgaMbi45UunrUzin1rfEmTUYnomddzBpump,WSOL-MOBY,WSOL,So11111111111111111111111111111111111111112,MOBY,Cy1GS2FqefgaMbi45UunrUzin1rfEmTUYnomddzBpump,1154346.14,1846720.98,10804335.2,22266257.47,2,36,38,1,2,400,20000
481,So11111111111111111111111111111111111111112-CniPCE4b3s8gSUPhUiyMjXnytrEqUrMfSsnbBjLCpump,WSOL-pwease,WSOL,So11111111111111111111111111111111111111112,pwease,CniPCE4b3s8gSUPhUiyMjXnytrEqUrMfSsnbBjLCpump,1104263.39,1919787.13,21110615.2,64090675.43,2,20,22,1,2,400,20000
482,7BgBvyjrZX1YKz4oh9mjb8ZScatkkwb8DzFx7LoiVkM3-So11111111111111111111111111111111111111112,SLERF-WSOL,SLERF,7BgBvyjrZX1YKz4oh9mjb8ZScatkkwb8DzFx7LoiVkM3,WSOL,So11111111111111111111111111111111111111112,47733058.52,2034291.92,41063445.18,65589813.19,2,15,17,1,2,400,20000
483,So11111111111111111111111111111111111111112-eL5fUxj2J4CiQsmW85k5FG9DvuQjjUoBHoQBi2Kpump,WSOL-UFD,WSOL,So11111111111111111111111111111111111111112,UFD,eL5fUxj2J4CiQsmW85k5FG9DvuQjjUoBHoQBi2Kpump,3085258.78,2147816.8,22020235.36,45473274.98,2,33,35,1,2,400,20000
484,BYZ9CcZGKAXmN2uDsKcQMM9UnZacija4vWcns9Th69xb-So11111111111111111111111111111111111111112,BOTIFY-WSOL,BOTIFY,BYZ9CcZGKAXmN2uDsKcQMM9UnZacija4vWcns9Th69xb,WSOL,So11111111111111111111111111111111111111112,999316.62,2520895.27,10243572.07,23577373.61,2,6,8,1,2,400,20000
485,CDBdbNqmrLu1PcgjrFG52yxg71QnFhBZcUE6PSFdbonk-So11111111111111111111111111111111111111112,LetsBONK-WSOL,LetsBONK,CDBdbNqmrLu1PcgjrFG52yxg71QnFhBZcUE6PSFdbonk,WSOL,So11111111111111111111111111111111111111112,472489.84,2571086.1,23918625.21,159396978.57,3,12,15,1,2,400,20000
486,So11111111111111111111111111111111111111112-JB2wezZLdzWfnaCfHxLg193RS3Rh51ThiXxEDWQDpump,WSOL-LABUBU,WSOL,So11111111111111111111111111111111111111112,LABUBU,JB2wezZLdzWfnaCfHxLg193RS3Rh51ThiXxEDWQDpump,457402.83,2793424.47,7647111.21,9795373.11,3,6,9,1,2,400,20000
487,So11111111111111111111111111111111111111112-5mbK36SZ7J19An8jFochhQS4of8g6BwUjbeCSxBSoWdp,WSOL-$michi,WSOL,So11111111111111111111111111111111111111112,$michi,5mbK36SZ7J19An8jFochhQS4of8g6BwUjbeCSxBSoWdp,3957186.2,2842936.3,26874427.5,53229472.86,3,18,21,1,2,400,20000
488,So11111111111111111111111111111111111111112-zBTCug3er3tLyffELcvDNrKkCymbPWysGcWihESYfLg,WSOL-zBTC,WSOL,So11111111111111111111111111111111111111112,zBTC,zBTCug3er3tLyffELcvDNrKkCymbPWysGcWihESYfLg,413855.32,2919082.56,16676815.24,55095589.45,1,5,6,1,2,400,20000
489,So11111111111111111111111111111111111111112-Dfh5DzRgSvvCFDoYc2ciTkMrbDfRKybA4SoFbPmApump,WSOL-pippin,WSOL,So11111111111111111111111111111111111111112,pippin,Dfh5DzRgSvvCFDoYc2ciTkMrbDfRKybA4SoFbPmApump,2809618.27,3111138.72,34800404.64,61571053.81,2,22,24,1,2,400,20000
490,So11111111111111111111111111111111111111112-AUSD1jCcCyPLybk1YnvPWsHQSrZ46dxwoMniN4N2UEB9,WSOL-AUSD,WSOL,So11111111111111111111111111111111111111112,AUSD,AUSD1jCcCyPLybk1YnvPWsHQSrZ46dxwoMniN4N2UEB9,5340314.7,3355336.42,23168800.57,53351160.83,2,0,2,1,2,400,20000
491,So11111111111111111111111111111111111111112-8x5VqbHA8D7NkD52uNuS5nnt3PwA8pLD34ymskeSo2Wn,WSOL-ZEREBRO,WSOL,So11111111111111111111111111111111111111112,ZEREBRO,8x5VqbHA8D7NkD52uNuS5nnt3PwA8pLD34ymskeSo2Wn,6132066.78,3411244.47,29276719.41,144347882.44,3,26,29,1,2,400,20000
492,So11111111111111111111111111111111111111112-dpfZvKKTu2CEJ9zJz28Cu733m1zGbuQk9FS7T8wpump,WSOL-ICM,WSOL,So11111111111111111111111111111111111111112,ICM,dpfZvKKTu2CEJ9zJz28Cu733m1zGbuQk9FS7T8wpump,363403.11,5357357.14,25331296.97,25749599.74,2,8,10,1,2,400,20000
493,9wK8yN6iz1ie5kEJkvZCTxyN1x5sTdNfx8yeMY8Ebonk-So11111111111111111111111111111111111111112,Hosico-WSOL,Hosico,9wK8yN6iz1ie5kEJkvZCTxyN1x5sTdNfx8yeMY8Ebonk,WSOL,So11111111111111111111111111111111111111112,1135793.96,6210969.41,59767180.56,190711073.6,3,13,16,1,2,400,20000
494,So11111111111111111111111111111111111111112-7tPPYTBKrFLKKnoCwijrsfjAYadyp7GpAmSPUbVwbonk,WSOL-Petunia,WSOL,So11111111111111111111111111111111111111112,Petunia,7tPPYTBKrFLKKnoCwijrsfjAYadyp7GpAmSPUbVwbonk,456137.09,7191435.53,35783501.77,35783501.77,2,5,7,1,2,400,20000
495,So11111111111111111111111111111111111111112-Hg8bKz4mvs8KNj9zew1cEF9tDw1x2GViB4RFZjVEmfrD,WSOL-,WSOL,So11111111111111111111111111111111111111112,,Hg8bKz4mvs8KNj9zew1cEF9tDw1x2GViB4RFZjVEmfrD,10197282.1,7533134.36,93824283.82,249438281.34,3,0,3,1,2,400,20000
496,So11111111111111111111111111111111111111112-AtortPA9SVbkKmdzu5zg4jxgkR4howvPshorA9jYbonk,WSOL-IKUN,WSOL,So11111111111111111111111111111111111111112,IKUN,AtortPA9SVbkKmdzu5zg4jxgkR4howvPshorA9jYbonk,379504.34,8249224.14,75330676.21,75330676.21,2,11,13,1,2,400,20000
497,So11111111111111111111111111111111111111112-Grass7B4RdKfBCjTKgSqnXkqjwiGvQyFbuSCUJr3XXjs,WSOL-GRASS,WSOL,So11111111111111111111111111111111111111112,GRASS,Grass7B4RdKfBCjTKgSqnXkqjwiGvQyFbuSCUJr3XXjs,1831368.78,10469565.66,25157974.23,49851903.76,5,29,34,1,2,400,20000
498,So11111111111111111111111111111111111111112-FeR8VBqNRSUD5NtXAj2n3j1dAHkZHfyDktKuLXD4pump,WSOL-jellyjelly,WSOL,So11111111111111111111111111111111111111112,jellyjelly,FeR8VBqNRSUD5NtXAj2n3j1dAHkZHfyDktKuLXD4pump,2978974.77,11085584.42,57622186.36,123293892.42,3,44,47,1,2,400,20000
499,So11111111111111111111111111111111111111112-Dz9mQ9NzkBcCsuGPFJ3r1bS4wgqKMHBPiVuniW8Mbonk,WSOL-USELESS,WSOL,So11111111111111111111111111111111111111112,USELESS,Dz9mQ9NzkBcCsuGPFJ3r1bS4wgqKMHBPiVuniW8Mbonk,925981.66,12889291.7,107083304.97,107083304.97,2,12,14,1,2,400,20000
500,So11111111111111111111111111111111111111112-FtUEW73K6vEYHfbkfpdBZfWpxgQar2HipGdbutEhpump,WSOL-titcoin,WSOL,So11111111111111111111111111111111111111112,titcoin,FtUEW73K6vEYHfbkfpdBZfWpxgQar2HipGdbutEhpump,2517839.29,14910205.03,87222998.44,175453399.72,1,16,17,1,2,400,20000
501,So11111111111111111111111111111111111111112-8yxD7uSEyEKpJqaSiunworBFzirAsRXKNjD2X1mdbonk,WSOL-Glonk,WSOL,So11111111111111111111111111111111111111112,Glonk,8yxD7uSEyEKpJqaSiunworBFzirAsRXKNjD2X1mdbonk,298789.34,24904487.83,86619125.11,86619125.11,4,10,14,1,2,400,20000
502,So11111111111111111111111111111111111111112-Ey59PH7Z4BFU4HjyKnyMdWt5GGN76KazTAwQihoUXRnk,WSOL-LAUNCHCOIN,WSOL,So11111111111111111111111111111111111111112,LAUNCHCOIN,Ey59PH7Z4BFU4HjyKnyMdWt5GGN76KazTAwQihoUXRnk,2836023.34,101763701.91,251362426.11,287065546.2,5,12,17,1,2,400,20000
