No.,pair_name,display_pair_name,token_1_name,token_1_address,token_2_name,token_2_address,total_tvl,total_day_volume,total_week_volume,total_month_volume,raydium_pool_count,meteora_pool_count,sum_of_raydium_and_meteora_pool_count,required_raydium_pool_count,required_sum_of_raydium_and_meteora_pool_count,required_total_day_trade_volume,required_minimum_total_tvl
1,So11111111111111111111111111111111111111112-Ey59PH7Z4BFU4HjyKnyMdWt5GGN76KazTAwQihoUXRnk,WSOL-LAUNCHCOIN,WSOL,So11111111111111111111111111111111111111112,LAUNCHCOIN,Ey59PH7Z4BFU4HjyKnyMdWt5GGN76KazTAwQihoUXRnk,2689322.92,100043244.88,272035309.52,307851483.0,5,13,18,1,2,400,20000
2,So11111111111111111111111111111111111111112-Dz9mQ9NzkBcCsuGPFJ3r1bS4wgqKMHBPiVuniW8Mbonk,WSOL-USELESS,WSOL,So11111111111111111111111111111111111111112,USELESS,Dz9mQ9NzkBcCsuGPFJ3r1bS4wgqKMHBPiVuniW8Mbonk,980622.16,12941128.09,111809217.04,111809217.04,2,13,15,1,2,400,20000
3,So11111111111111111111111111111111111111112-FtUEW73K6vEYHfbkfpdBZfWpxgQar2HipGdbutEhpump,WSOL-titcoin,WSOL,So11111111111111111111111111111111111111112,titcoin,FtUEW73K6vEYHfbkfpdBZfWpxgQar2HipGdbutEhpump,2493116.76,11131378.76,87635978.46,178872184.26,1,18,19,1,2,400,20000
4,So11111111111111111111111111111111111111112-7tPPYTBKrFLKKnoCwijrsfjAYadyp7GpAmSPUbVwbonk,WSOL-Petunia,WSOL,So11111111111111111111111111111111111111112,Petunia,7tPPYTBKrFLKKnoCwijrsfjAYadyp7GpAmSPUbVwbonk,702991.08,10483055.62,41996381.17,41996381.17,2,6,8,1,2,400,20000
5,ukHH6c7mMyiWCf1b9pnWe25TSpkDDt3H5pQZgZ74J82-So11111111111111111111111111111111111111112,BOME-WSOL,BOME,ukHH6c7mMyiWCf1b9pnWe25TSpkDDt3H5pQZgZ74J82,WSOL,So11111111111111111111111111111111111111112,30339736.8,10325176.91,99961749.18,139446385.73,3,8,11,1,2,400,20000
6,So11111111111111111111111111111111111111112-FeR8VBqNRSUD5NtXAj2n3j1dAHkZHfyDktKuLXD4pump,WSOL-jellyjelly,WSOL,So11111111111111111111111111111111111111112,jellyjelly,FeR8VBqNRSUD5NtXAj2n3j1dAHkZHfyDktKuLXD4pump,3391321.27,9181770.06,59780908.32,126586352.44,3,41,44,1,2,400,20000
7,So11111111111111111111111111111111111111112-8yxD7uSEyEKpJqaSiunworBFzirAsRXKNjD2X1mdbonk,WSOL-Glonk,WSOL,So11111111111111111111111111111111111111112,Glonk,8yxD7uSEyEKpJqaSiunworBFzirAsRXKNjD2X1mdbonk,304875.78,8067339.24,87474033.14,87474033.14,4,12,16,1,2,400,20000
8,So11111111111111111111111111111111111111112-Grass7B4RdKfBCjTKgSqnXkqjwiGvQyFbuSCUJr3XXjs,WSOL-GRASS,WSOL,So11111111111111111111111111111111111111112,GRASS,Grass7B4RdKfBCjTKgSqnXkqjwiGvQyFbuSCUJr3XXjs,1822424.31,7384222.75,26137335.84,51067989.23,5,29,34,1,2,400,20000
9,9wK8yN6iz1ie5kEJkvZCTxyN1x5sTdNfx8yeMY8Ebonk-So11111111111111111111111111111111111111112,Hosico-WSOL,Hosico,9wK8yN6iz1ie5kEJkvZCTxyN1x5sTdNfx8yeMY8Ebonk,WSOL,So11111111111111111111111111111111111111112,1204064.1,7186100.83,62335673.34,194311208.03,3,15,18,1,2,400,20000
10,So11111111111111111111111111111111111111112-AtortPA9SVbkKmdzu5zg4jxgkR4howvPshorA9jYbonk,WSOL-IKUN,WSOL,So11111111111111111111111111111111111111112,IKUN,AtortPA9SVbkKmdzu5zg4jxgkR4howvPshorA9jYbonk,378921.33,6160179.99,77174970.6,77174970.6,2,10,12,1,2,400,20000
11,So11111111111111111111111111111111111111112-Hg8bKz4mvs8KNj9zew1cEF9tDw1x2GViB4RFZjVEmfrD,WSOL-,WSOL,So11111111111111111111111111111111111111112,,Hg8bKz4mvs8KNj9zew1cEF9tDw1x2GViB4RFZjVEmfrD,10172226.04,5439697.46,81751967.23,250015131.52,3,0,3,1,2,400,20000
12,So11111111111111111111111111111111111111112-dpfZvKKTu2CEJ9zJz28Cu733m1zGbuQk9FS7T8wpump,WSOL-ICM,WSOL,So11111111111111111111111111111111111111112,ICM,dpfZvKKTu2CEJ9zJz28Cu733m1zGbuQk9FS7T8wpump,315294.77,4429239.2,26459538.29,26929595.47,2,9,11,1,2,400,20000
13,So11111111111111111111111111111111111111112-AUSD1jCcCyPLybk1YnvPWsHQSrZ46dxwoMniN4N2UEB9,WSOL-AUSD,WSOL,So11111111111111111111111111111111111111112,AUSD,AUSD1jCcCyPLybk1YnvPWsHQSrZ46dxwoMniN4N2UEB9,5362484.93,3121768.92,23175682.14,54299562.17,2,0,2,1,2,400,20000
14,BYZ9CcZGKAXmN2uDsKcQMM9UnZacija4vWcns9Th69xb-So11111111111111111111111111111111111111112,BOTIFY-WSOL,BOTIFY,BYZ9CcZGKAXmN2uDsKcQMM9UnZacija4vWcns9Th69xb,WSOL,So11111111111111111111111111111111111111112,1017362.06,3008917.73,10903309.15,24595927.94,2,6,8,1,2,400,20000
15,So11111111111111111111111111111111111111112-zBTCug3er3tLyffELcvDNrKkCymbPWysGcWihESYfLg,WSOL-zBTC,WSOL,So11111111111111111111111111111111111111112,zBTC,zBTCug3er3tLyffELcvDNrKkCymbPWysGcWihESYfLg,426141.58,2924916.59,16323965.62,55606176.18,1,5,6,1,2,400,20000
16,So11111111111111111111111111111111111111112-Dfh5DzRgSvvCFDoYc2ciTkMrbDfRKybA4SoFbPmApump,WSOL-pippin,WSOL,So11111111111111111111111111111111111111112,pippin,Dfh5DzRgSvvCFDoYc2ciTkMrbDfRKybA4SoFbPmApump,2768381.27,2855976.74,35097173.5,62268366.12,2,23,25,1,2,400,20000
17,So11111111111111111111111111111111111111112-5mbK36SZ7J19An8jFochhQS4of8g6BwUjbeCSxBSoWdp,WSOL-$michi,WSOL,So11111111111111111111111111111111111111112,$michi,5mbK36SZ7J19An8jFochhQS4of8g6BwUjbeCSxBSoWdp,3976240.37,2845142.39,27111913.8,53925704.37,3,17,20,1,2,400,20000
18,So11111111111111111111111111111111111111112-8x5VqbHA8D7NkD52uNuS5nnt3PwA8pLD34ymskeSo2Wn,WSOL-ZEREBRO,WSOL,So11111111111111111111111111111111111111112,ZEREBRO,8x5VqbHA8D7NkD52uNuS5nnt3PwA8pLD34ymskeSo2Wn,6136244.01,2783478.79,29038822.96,144977491.7,3,26,29,1,2,400,20000
19,So11111111111111111111111111111111111111112-HxptKywiNbHobJD4XMMBn1czMUGkdMrUkeUErQLKbonk,WSOL-GOGS,WSOL,So11111111111111111111111111111111111111112,GOGS,HxptKywiNbHobJD4XMMBn1czMUGkdMrUkeUErQLKbonk,79144.86,2433112.92,2502111.82,2502111.82,1,1,2,1,2,400,20000
20,So11111111111111111111111111111111111111112-rndrizKT3MK1iimdxRdWabcF7Zg7AR5T4nud4EkHBof,WSOL-RENDER,WSOL,So11111111111111111111111111111111111111112,RENDER,rndrizKT3MK1iimdxRdWabcF7Zg7AR5T4nud4EkHBof,1938777.84,2268474.46,14396199.58,40629519.79,3,7,10,1,2,400,20000
21,So11111111111111111111111111111111111111112-eL5fUxj2J4CiQsmW85k5FG9DvuQjjUoBHoQBi2Kpump,WSOL-UFD,WSOL,So11111111111111111111111111111111111111112,UFD,eL5fUxj2J4CiQsmW85k5FG9DvuQjjUoBHoQBi2Kpump,3107792.77,2228609.7,22388414.02,46331566.34,2,32,34,1,2,400,20000
22,So11111111111111111111111111111111111111112-Cy1GS2FqefgaMbi45UunrUzin1rfEmTUYnomddzBpump,WSOL-MOBY,WSOL,So11111111111111111111111111111111111111112,MOBY,Cy1GS2FqefgaMbi45UunrUzin1rfEmTUYnomddzBpump,1180384.34,1938666.28,11062830.73,22830676.73,2,34,36,1,2,400,20000
23,CDBdbNqmrLu1PcgjrFG52yxg71QnFhBZcUE6PSFdbonk-So11111111111111111111111111111111111111112,LetsBONK-WSOL,LetsBONK,CDBdbNqmrLu1PcgjrFG52yxg71QnFhBZcUE6PSFdbonk,WSOL,So11111111111111111111111111111111111111112,490593.79,1891138.83,24072459.7,159791978.89,3,10,13,1,2,400,20000
24,So11111111111111111111111111111111111111112-JB2wezZLdzWfnaCfHxLg193RS3Rh51ThiXxEDWQDpump,WSOL-LABUBU,WSOL,So11111111111111111111111111111111111111112,LABUBU,JB2wezZLdzWfnaCfHxLg193RS3Rh51ThiXxEDWQDpump,412035.75,1640318.12,7972691.57,10127987.63,3,8,11,1,2,400,20000
25,So11111111111111111111111111111111111111112-CniPCE4b3s8gSUPhUiyMjXnytrEqUrMfSsnbBjLCpump,WSOL-pwease,WSOL,So11111111111111111111111111111111111111112,pwease,CniPCE4b3s8gSUPhUiyMjXnytrEqUrMfSsnbBjLCpump,1137261.43,1596063.34,20929587.95,64542585.75,2,20,22,1,2,400,20000
26,So11111111111111111111111111111111111111112-6NcdiK8B5KK2DzKvzvCfqi8EHaEqu48fyEzC8Mm9pump,WSOL-STONKS,WSOL,So11111111111111111111111111111111111111112,STONKS,6NcdiK8B5KK2DzKvzvCfqi8EHaEqu48fyEzC8Mm9pump,2630393.67,1475328.36,12752434.83,37160202.09,3,20,23,1,2,400,20000
27,So11111111111111111111111111111111111111112-BQX1cjcRHXmrqNtoFWwmE5bZj7RPneTmqXB979b2pump,WSOL-Italianrot,WSOL,So11111111111111111111111111111111111111112,Italianrot,BQX1cjcRHXmrqNtoFWwmE5bZj7RPneTmqXB979b2pump,649371.81,1437981.75,14675419.3,81516436.86,2,7,9,1,2,400,20000
28,7BgBvyjrZX1YKz4oh9mjb8ZScatkkwb8DzFx7LoiVkM3-So11111111111111111111111111111111111111112,SLERF-WSOL,SLERF,7BgBvyjrZX1YKz4oh9mjb8ZScatkkwb8DzFx7LoiVkM3,WSOL,So11111111111111111111111111111111111111112,47521834.99,1437733.63,40786996.27,65947738.18,2,0,2,1,2,400,20000
29,7XJiwLDrjzxDYdZipnJXzpr1iDTmK55XixSFAa7JgNEL-So11111111111111111111111111111111111111112,MLG-WSOL,MLG,7XJiwLDrjzxDYdZipnJXzpr1iDTmK55XixSFAa7JgNEL,WSOL,So11111111111111111111111111111111111111112,1386372.05,1434030.42,8579933.68,15884155.1,1,21,22,1,2,400,20000
30,So11111111111111111111111111111111111111112-Hjw6bEcHtbHGpQr8onG3izfJY5DJiWdt7uk2BfdSpump,WSOL-SNAI,WSOL,So11111111111111111111111111111111111111112,SNAI,Hjw6bEcHtbHGpQr8onG3izfJY5DJiWdt7uk2BfdSpump,2062973.06,1379386.2,12005378.03,31047384.32,2,20,22,1,2,400,20000
31,EPjFWdd5AufqSSqeM2qN1xzybapC8G4wEGGkZwyTDt1v-HzwqbKZw8HxMN6bF2yFZNrht3c2iXXzpKcFu7uBEDKtr,USDC-EURC,USDC,EPjFWdd5AufqSSqeM2qN1xzybapC8G4wEGGkZwyTDt1v,EURC,HzwqbKZw8HxMN6bF2yFZNrht3c2iXXzpKcFu7uBEDKtr,737100.06,1353014.61,15299005.17,278706123.82,2,6,8,1,2,400,20000
32,So11111111111111111111111111111111111111112-GekTNfm84QfyP2GdAHZ5AgACBRd69aNmgA5FDhZupump,WSOL-GRIFT,WSOL,So11111111111111111111111111111111111111112,GRIFT,GekTNfm84QfyP2GdAHZ5AgACBRd69aNmgA5FDhZupump,1472671.06,1352336.7,17012838.54,32292795.39,2,17,19,1,2,400,20000
33,So11111111111111111111111111111111111111112-9McvH6w97oewLmPxqQEoHUAv3u5iYMyQ9AeZZhguYf1T,WSOL-Anon,WSOL,So11111111111111111111111111111111111111112,Anon,9McvH6w97oewLmPxqQEoHUAv3u5iYMyQ9AeZZhguYf1T,1408059.23,1341425.27,16309208.38,48039842.37,4,23,27,1,2,400,20000
34,Hax9LTgsQkze1YFychnBLtFH8gYbQKtKfWKKg2SP6gdD-So11111111111111111111111111111111111111112,TAI-WSOL,TAI,Hax9LTgsQkze1YFychnBLtFH8gYbQKtKfWKKg2SP6gdD,WSOL,So11111111111111111111111111111111111111112,1510446.64,1270813.34,14078437.36,71226392.96,2,16,18,1,2,400,20000
35,So11111111111111111111111111111111111111112-HgBRWfYxEfvPhtqkaeymCQtHCrKE46qQ43pKe8HCpump,WSOL-Bert,WSOL,So11111111111111111111111111111111111111112,Bert,HgBRWfYxEfvPhtqkaeymCQtHCrKE46qQ43pKe8HCpump,1577958.05,1253001.26,8660645.7,16673295.36,4,7,11,1,2,400,20000
36,So11111111111111111111111111111111111111112-C7heQqfNzdMbUFQwcHkL9FvdwsFsDRBnfwZDDyWYCLTZ,WSOL-$COLLAT,WSOL,So11111111111111111111111111111111111111112,$COLLAT,C7heQqfNzdMbUFQwcHkL9FvdwsFsDRBnfwZDDyWYCLTZ,1253634.49,1210125.44,8282440.21,20428626.21,2,18,20,1,2,400,20000
37,So11111111111111111111111111111111111111112-CNvitvFnSM5ed6K28RUNSaAjqqz5tX1rA5HgaBN9pump,WSOL-FRED,WSOL,So11111111111111111111111111111111111111112,FRED,CNvitvFnSM5ed6K28RUNSaAjqqz5tX1rA5HgaBN9pump,1506816.0,1128291.49,18342406.96,22453738.04,2,16,18,1,2,400,20000
38,So11111111111111111111111111111111111111112-9DHe3pycTuymFk4H4bbPoAJ4hQrr2kaLDF6J6aAKpump,WSOL-BUZZ,WSOL,So11111111111111111111111111111111111111112,BUZZ,9DHe3pycTuymFk4H4bbPoAJ4hQrr2kaLDF6J6aAKpump,1139848.29,1112536.69,11425081.58,36692044.11,2,20,22,1,2,400,20000
39,So11111111111111111111111111111111111111112-4FkNq8RcCYg4ZGDWh14scJ7ej3m5vMjYTcWoJVkupump,WSOL-LUMO,WSOL,So11111111111111111111111111111111111111112,LUMO,4FkNq8RcCYg4ZGDWh14scJ7ej3m5vMjYTcWoJVkupump,958376.75,1028069.98,6391004.13,43800177.34,3,10,13,1,2,400,20000
40,So11111111111111111111111111111111111111112-FWAr6oWa6CHg6WUcXu8CqkmsdbhtEqL8t31QTonppump,WSOL-PVS,WSOL,So11111111111111111111111111111111111111112,PVS,FWAr6oWa6CHg6WUcXu8CqkmsdbhtEqL8t31QTonppump,955968.9,977972.8,8432387.41,29461406.71,2,8,10,1,2,400,20000
41,MEFNBXixkEbait3xn9bkm8WsJzXtVsaJEn4c8Sam21u-EPjFWdd5AufqSSqeM2qN1xzybapC8G4wEGGkZwyTDt1v,ME-USDC,ME,MEFNBXixkEbait3xn9bkm8WsJzXtVsaJEn4c8Sam21u,USDC,EPjFWdd5AufqSSqeM2qN1xzybapC8G4wEGGkZwyTDt1v,1828338.05,940688.53,3019278.78,13428064.89,4,30,34,1,2,400,20000
42,So11111111111111111111111111111111111111112-ZEUS1aR7aX8DFFJf5QjWj2ftDDdNTroMNGo8YoQm3Gq,WSOL-ZEUS,WSOL,So11111111111111111111111111111111111111112,ZEUS,ZEUS1aR7aX8DFFJf5QjWj2ftDDdNTroMNGo8YoQm3Gq,417700.1,928338.89,9992561.91,24873640.6,1,21,22,1,2,400,20000
43,So11111111111111111111111111111111111111112-HZ1JovNiVvGrGNiiYvEozEVgZ58xaU3RKwX8eACQBCt3,WSOL-PYTH,WSOL,So11111111111111111111111111111111111111112,PYTH,HZ1JovNiVvGrGNiiYvEozEVgZ58xaU3RKwX8eACQBCt3,283558.79,901914.87,5947333.91,12376205.03,3,13,16,1,2,400,20000
44,So11111111111111111111111111111111111111112-DzN1qkcRdsxQRFb9yVvz73Fnu6SbD3f5oJgArVdx7Nzc,WSOL-UNICORN,WSOL,So11111111111111111111111111111111111111112,UNICORN,DzN1qkcRdsxQRFb9yVvz73Fnu6SbD3f5oJgArVdx7Nzc,47098.35,895838.03,1141585.72,1141585.72,2,6,8,1,2,400,20000
45,EPjFWdd5AufqSSqeM2qN1xzybapC8G4wEGGkZwyTDt1v-HhJpBhRRn4g56VsyLuT8DL5Bv31HkXqsrahTTUCZeZg4,USDC-$MYRO,USDC,EPjFWdd5AufqSSqeM2qN1xzybapC8G4wEGGkZwyTDt1v,$MYRO,HhJpBhRRn4g56VsyLuT8DL5Bv31HkXqsrahTTUCZeZg4,1919810.35,886820.91,10049416.81,28780843.68,2,0,2,1,2,400,20000
46,So11111111111111111111111111111111111111112-H4phNbsqjV5rqk8u6FUACTLB6rNZRTAPGnBb8KXJpump,WSOL-SSE,WSOL,So11111111111111111111111111111111111111112,SSE,H4phNbsqjV5rqk8u6FUACTLB6rNZRTAPGnBb8KXJpump,1013840.9,859850.64,7891141.07,22453763.47,3,19,22,1,2,400,20000
47,JosjEXh69RckgSs2AWsN1xN8zmiSHxBuJjHLURJnHhg-So11111111111111111111111111111111111111112,JOS-WSOL,JOS,JosjEXh69RckgSs2AWsN1xN8zmiSHxBuJjHLURJnHhg,WSOL,So11111111111111111111111111111111111111112,539682.79,808560.28,7944590.42,49396058.36,3,12,15,1,2,400,20000
48,6ogzHhzdrQr9Pgv6hZ2MNze7UrzBMAFyBBWUYp1Fhitx-So11111111111111111111111111111111111111112,RETARDIO-WSOL,RETARDIO,6ogzHhzdrQr9Pgv6hZ2MNze7UrzBMAFyBBWUYp1Fhitx,WSOL,So11111111111111111111111111111111111111112,1629238.89,800100.35,8193682.79,16697953.42,2,20,22,1,2,400,20000
49,So11111111111111111111111111111111111111112-2VqtrBXmgkNa3oeJwgnBUdNL5yJhq8kddqYtPVGKbonk,WSOL-FLOPPY,WSOL,So11111111111111111111111111111111111111112,FLOPPY,2VqtrBXmgkNa3oeJwgnBUdNL5yJhq8kddqYtPVGKbonk,62094.4,787453.28,12365967.42,12365967.42,2,0,2,1,2,400,20000
50,So11111111111111111111111111111111111111112-5SVG3T9CNQsm2kEwzbRq6hASqh1oGfjqTtLXYUibpump,WSOL-SIGMA,WSOL,So11111111111111111111111111111111111111112,SIGMA,5SVG3T9CNQsm2kEwzbRq6hASqh1oGfjqTtLXYUibpump,1557233.78,780754.84,6467555.37,17761489.06,3,17,20,1,2,400,20000
51,So11111111111111111111111111111111111111112-CboMcTUYUcy9E6B3yGdFn6aEsGUnYV6yWeoeukw6pump,WSOL-Butthole,WSOL,So11111111111111111111111111111111111111112,Butthole,CboMcTUYUcy9E6B3yGdFn6aEsGUnYV6yWeoeukw6pump,1181020.12,780322.47,6000586.73,15748194.29,2,10,12,1,2,400,20000
52,So11111111111111111111111111111111111111112-F8tDt7QRAYicWQPK5LTh8kZR4zKJPdTiEq5dwCcVpump,WSOL-SENSUS,WSOL,So11111111111111111111111111111111111111112,SENSUS,F8tDt7QRAYicWQPK5LTh8kZR4zKJPdTiEq5dwCcVpump,228428.35,765767.85,903817.2,1080046.95,1,3,4,1,2,400,20000
53,So11111111111111111111111111111111111111112-9Wkcek2EZFmJf5L2XmC5rfnNVBrdndbMe6yW8fbfbonk,WSOL-CHACHA,WSOL,So11111111111111111111111111111111111111112,CHACHA,9Wkcek2EZFmJf5L2XmC5rfnNVBrdndbMe6yW8fbfbonk,161978.96,753871.21,8762180.29,35729012.31,1,6,7,1,2,400,20000
54,So11111111111111111111111111111111111111112-HBoNJ5v8g71s2boRivrHnfSB5MVPLDHHyVjruPfhGkvL,WSOL-PURPE,WSOL,So11111111111111111111111111111111111111112,PURPE,HBoNJ5v8g71s2boRivrHnfSB5MVPLDHHyVjruPfhGkvL,1375269.52,730792.88,9789325.77,12604900.78,3,6,9,1,2,400,20000
55,BUhS5coXEt9hcxN3JSpGYUWSKbNo96RsKu52LcMo12rf-So11111111111111111111111111111111111111112,meow-WSOL,meow,BUhS5coXEt9hcxN3JSpGYUWSKbNo96RsKu52LcMo12rf,WSOL,So11111111111111111111111111111111111111112,1972989.47,718656.47,2157570.57,6186498.65,2,0,2,1,2,400,20000
56,8Ki8DpuWNxu9VsS3kQbarsCWMcFGWkzzA8pUPto9zBd5-So11111111111111111111111111111111111111112,LOCKIN-WSOL,LOCKIN,8Ki8DpuWNxu9VsS3kQbarsCWMcFGWkzzA8pUPto9zBd5,WSOL,So11111111111111111111111111111111111111112,901764.81,716520.91,5509534.47,11335088.34,2,19,21,1,2,400,20000
57,So11111111111111111111111111111111111111112-4NBTf8PfLH4oLFnwf3knv46FY9i5oXjDxffCetXRpump,WSOL-YzY,WSOL,So11111111111111111111111111111111111111112,YzY,4NBTf8PfLH4oLFnwf3knv46FY9i5oXjDxffCetXRpump,600333.34,701441.71,1105622.55,4145046.75,2,0,2,1,2,400,20000
58,So11111111111111111111111111111111111111112-FasH397CeZLNYWkd3wWK9vrmjd1z93n3b59DssRXpump,WSOL-BUTTCOIN,WSOL,So11111111111111111111111111111111111111112,BUTTCOIN,FasH397CeZLNYWkd3wWK9vrmjd1z93n3b59DssRXpump,934135.12,681046.9,9556041.85,43401439.22,2,12,14,1,2,400,20000
59,JmMRbLcKgNCu17yHZDAn4strE5NjmWJ4pCeJ7s7boop-So11111111111111111111111111111111111111112,Boopa-WSOL,Boopa,JmMRbLcKgNCu17yHZDAn4strE5NjmWJ4pCeJ7s7boop,WSOL,So11111111111111111111111111111111111111112,195289.84,678310.24,6514898.56,43055233.04,2,8,10,1,2,400,20000
60,HUdqc5MR5h3FssESabPnQ1GTgTcPvnNudAuLj5J6a9sU-So11111111111111111111111111111111111111112,BONGO-WSOL,BONGO,HUdqc5MR5h3FssESabPnQ1GTgTcPvnNudAuLj5J6a9sU,WSOL,So11111111111111111111111111111111111111112,782450.95,666982.09,10077959.72,20826289.27,1,7,8,1,2,400,20000
61,So11111111111111111111111111111111111111112-3HfLqhtF5hR5dyBXh6BMtRaTm9qzStvEGuMa8Gx6pump,WSOL-buidl,WSOL,So11111111111111111111111111111111111111112,buidl,3HfLqhtF5hR5dyBXh6BMtRaTm9qzStvEGuMa8Gx6pump,374731.66,660455.11,3275306.81,5417268.55,1,4,5,1,2,400,20000
62,So11111111111111111111111111111111111111112-7D1iYWfhw2cr9yBZBFE6nZaaSUvXHqG5FizFFEZwpump,WSOL-YNE,WSOL,So11111111111111111111111111111111111111112,YNE,7D1iYWfhw2cr9yBZBFE6nZaaSUvXHqG5FizFFEZwpump,939653.32,625324.16,4325055.51,13307985.79,2,19,21,1,2,400,20000
63,So11111111111111111111111111111111111111112-GJtJuWD9qYcCkrwMBmtY1tpapV1sKfB2zUv9Q4aqpump,WSOL-$RIF,WSOL,So11111111111111111111111111111111111111112,$RIF,GJtJuWD9qYcCkrwMBmtY1tpapV1sKfB2zUv9Q4aqpump,746920.57,612626.25,5317624.35,12130083.19,2,19,21,1,2,400,20000
64,So11111111111111111111111111111111111111112-VaxZxmFXV8tmsd72hUn22ex6GFzZ5uq9DVJ5wA5pump,WSOL-OIIAOIIA,WSOL,So11111111111111111111111111111111111111112,OIIAOIIA,VaxZxmFXV8tmsd72hUn22ex6GFzZ5uq9DVJ5wA5pump,619480.99,595493.12,3870274.97,11449517.19,1,8,9,1,2,400,20000
65,So11111111111111111111111111111111111111112-HzwqbKZw8HxMN6bF2yFZNrht3c2iXXzpKcFu7uBEDKtr,WSOL-EURC,WSOL,So11111111111111111111111111111111111111112,EURC,HzwqbKZw8HxMN6bF2yFZNrht3c2iXXzpKcFu7uBEDKtr,119671.4,582071.86,3378911.59,126181631.26,2,2,4,1,2,400,20000
66,DvjbEsdca43oQcw2h3HW1CT7N3x5vRcr3QrvTUHnXvgV-EPjFWdd5AufqSSqeM2qN1xzybapC8G4wEGGkZwyTDt1v,DOOD-USDC,DOOD,DvjbEsdca43oQcw2h3HW1CT7N3x5vRcr3QrvTUHnXvgV,USDC,EPjFWdd5AufqSSqeM2qN1xzybapC8G4wEGGkZwyTDt1v,722552.85,572788.62,15885148.43,15885148.43,2,13,15,1,2,400,20000
67,y1AZt42vceCmStjW4zetK3VoNarC1VxJ5iDjpiupump-So11111111111111111111111111111111111111112,FARTBOY-WSOL,FARTBOY,y1AZt42vceCmStjW4zetK3VoNarC1VxJ5iDjpiupump,WSOL,So11111111111111111111111111111111111111112,976923.74,555169.61,3652861.83,11106972.64,1,5,6,1,2,400,20000
68,So11111111111111111111111111111111111111112-86t88w3MKT38HChTBKBwEeb1RW1MeTceaW68qY2Vpump,WSOL-LMT,WSOL,So11111111111111111111111111111111111111112,LMT,86t88w3MKT38HChTBKBwEeb1RW1MeTceaW68qY2Vpump,1773736.61,553357.2,11319761.26,16302269.81,2,10,12,1,2,400,20000
69,So11111111111111111111111111111111111111112-GiG7Hr61RVm4CSUxJmgiCoySFQtdiwxtqf64MsRppump,WSOL-SCF,WSOL,So11111111111111111111111111111111111111112,SCF,GiG7Hr61RVm4CSUxJmgiCoySFQtdiwxtqf64MsRppump,1264445.12,537079.79,5281320.59,7677539.0,2,17,19,1,2,400,20000
70,25hAyBQfoDhfWx9ay6rarbgvWGwDdNqcHsXS3jQ3mTDJ-So11111111111111111111111111111111111111112,MANEKI-WSOL,MANEKI,25hAyBQfoDhfWx9ay6rarbgvWGwDdNqcHsXS3jQ3mTDJ,WSOL,So11111111111111111111111111111111111111112,8748854.51,521781.82,7338533.97,84485554.37,2,14,16,1,2,400,20000
71,So11111111111111111111111111111111111111112-H2c31USxu35MDkBrGph8pUDUnmzo2e4Rf4hnvL2Upump,WSOL-Shoggoth,WSOL,So11111111111111111111111111111111111111112,Shoggoth,H2c31USxu35MDkBrGph8pUDUnmzo2e4Rf4hnvL2Upump,1271553.62,516725.85,3533560.27,9103184.2,2,24,26,1,2,400,20000
72,So11111111111111111111111111111111111111112-2z1p8xCEjRzpBHjXWrx4tJnz7BFL6z7NnvbCxH7bpump,WSOL-San,WSOL,So11111111111111111111111111111111111111112,San,2z1p8xCEjRzpBHjXWrx4tJnz7BFL6z7NnvbCxH7bpump,720173.48,510933.67,5859268.59,15993061.32,2,11,13,1,2,400,20000
73,So11111111111111111111111111111111111111112-98mb39tPFKQJ4Bif8iVg9mYb9wsfPZgpgN1sxoVTpump,WSOL-LLM,WSOL,So11111111111111111111111111111111111111112,LLM,98mb39tPFKQJ4Bif8iVg9mYb9wsfPZgpgN1sxoVTpump,661843.89,505186.05,3984971.99,10732748.35,2,27,29,1,2,400,20000
74,6dKCoWjpj5MFU5gWDEFdpUUeBasBLK3wLEwhUzQPAa1e-So11111111111111111111111111111111111111112,CHEX-WSOL,CHEX,6dKCoWjpj5MFU5gWDEFdpUUeBasBLK3wLEwhUzQPAa1e,WSOL,So11111111111111111111111111111111111111112,1842284.81,492955.71,4471016.51,10342848.28,5,10,15,1,2,400,20000
75,So11111111111111111111111111111111111111112-E1jCTXdkMRoawoWoqfbhiNkkLbxcSHPssMo36U84pump,WSOL-GFM,WSOL,So11111111111111111111111111111111111111112,GFM,E1jCTXdkMRoawoWoqfbhiNkkLbxcSHPssMo36U84pump,525618.12,475861.61,5108962.1,13324077.5,3,16,19,1,2,400,20000
76,So11111111111111111111111111111111111111112-3B5wuUrMEi5yATD7on46hKfej3pfmd7t1RKgrsN3pump,WSOL-BILLY,WSOL,So11111111111111111111111111111111111111112,BILLY,3B5wuUrMEi5yATD7on46hKfej3pfmd7t1RKgrsN3pump,1437795.68,455021.04,8444100.19,12958501.56,3,33,36,1,2,400,20000
77,Fch1oixTPri8zxBnmdCEADoJW2toyFHxqDZacQkwdvSP-So11111111111111111111111111111111111111112,HARAMBE-WSOL,HARAMBE,Fch1oixTPri8zxBnmdCEADoJW2toyFHxqDZacQkwdvSP,WSOL,So11111111111111111111111111111111111111112,1095157.49,447534.77,2844502.5,5138622.15,2,12,14,1,2,400,20000
78,So11111111111111111111111111111111111111112-CBdCxKo9QavR9hfShgpEBG3zekorAeD7W1jfq2o3pump,WSOL-LUCE,WSOL,So11111111111111111111111111111111111111112,LUCE,CBdCxKo9QavR9hfShgpEBG3zekorAeD7W1jfq2o3pump,1678759.03,419834.79,7719595.99,92062890.04,2,28,30,1,2,400,20000
79,hntyVP6YFm1Hg25TN9WGLqM12b8TQmcknKrdu1oxWux-So11111111111111111111111111111111111111112,HNT-WSOL,HNT,hntyVP6YFm1Hg25TN9WGLqM12b8TQmcknKrdu1oxWux,WSOL,So11111111111111111111111111111111111111112,2686151.77,409641.55,1999600.68,6632059.96,3,6,9,1,2,400,20000
80,So11111111111111111111111111111111111111112-FQ1tyso61AH1tzodyJfSwmzsD3GToybbRNoZxUBz21p8,WSOL-vvaifu,WSOL,So11111111111111111111111111111111111111112,vvaifu,FQ1tyso61AH1tzodyJfSwmzsD3GToybbRNoZxUBz21p8,956428.16,397138.36,3089552.37,6669313.83,2,12,14,1,2,400,20000
81,So11111111111111111111111111111111111111112-BmXfbamFqrBzrqihr9hbSmEsfQUXMVaqshAjgvZupump,WSOL-LUX,WSOL,So11111111111111111111111111111111111111112,LUX,BmXfbamFqrBzrqihr9hbSmEsfQUXMVaqshAjgvZupump,641449.51,378445.02,1800252.17,5125582.43,2,24,26,1,2,400,20000
82,So11111111111111111111111111111111111111112-AxGAbdFtdbj2oNXa4dKqFvwHzgFtW9mFHWmd7vQfpump,WSOL-HAT,WSOL,So11111111111111111111111111111111111111112,HAT,AxGAbdFtdbj2oNXa4dKqFvwHzgFtW9mFHWmd7vQfpump,622395.63,377478.15,3629224.77,13571132.8,2,6,8,1,2,400,20000
83,So11111111111111111111111111111111111111112-GHichsGq8aPnqJyz6Jp1ASTK4PNLpB5KrD6XrfDjpump,WSOL-$1,WSOL,So11111111111111111111111111111111111111112,$1,GHichsGq8aPnqJyz6Jp1ASTK4PNLpB5KrD6XrfDjpump,1231527.53,376275.06,3690172.74,9593977.73,3,14,17,1,2,400,20000
84,So11111111111111111111111111111111111111112-2eXamy7t3kvKhfV6aJ6Uwe3eh8cuREFcTKs1mFKZpump,WSOL-nuit,WSOL,So11111111111111111111111111111111111111112,nuit,2eXamy7t3kvKhfV6aJ6Uwe3eh8cuREFcTKs1mFKZpump,432963.14,371785.4,2550266.66,10621682.17,2,23,25,1,2,400,20000
85,So11111111111111111111111111111111111111112-5LJMJyR8MtAkbtpf8kFUV7S9oFG3xaGDdcnFxYt9pump,WSOL-FAT,WSOL,So11111111111111111111111111111111111111112,FAT,5LJMJyR8MtAkbtpf8kFUV7S9oFG3xaGDdcnFxYt9pump,557580.59,338691.71,4569667.7,23111597.48,2,11,13,1,2,400,20000
86,So11111111111111111111111111111111111111112-BZLbGTNCSFfoth2GYDtwr7e4imWzpR5jqcUuGEwr646K,WSOL-IO,WSOL,So11111111111111111111111111111111111111112,IO,BZLbGTNCSFfoth2GYDtwr7e4imWzpR5jqcUuGEwr646K,2660913.35,323251.11,5811676.92,16473056.24,4,25,29,1,2,400,20000
87,69kdRLyP5DTRkpHraaSZAQbWmAwzF9guKjZfzMXzcbAs-So11111111111111111111111111111111111111112,USA-WSOL,USA,69kdRLyP5DTRkpHraaSZAQbWmAwzF9guKjZfzMXzcbAs,WSOL,So11111111111111111111111111111111111111112,1756349.58,313538.74,4868532.1,10596425.74,2,23,25,1,2,400,20000
88,So11111111111111111111111111111111111111112-FvgqHMfL9yn39V79huDPy3YUNDoYJpuLWng2JfmQpump,WSOL-$URO,WSOL,So11111111111111111111111111111111111111112,$URO,FvgqHMfL9yn39V79huDPy3YUNDoYJpuLWng2JfmQpump,653640.99,303948.12,2632741.55,6070459.96,2,13,15,1,2,400,20000
89,So11111111111111111111111111111111111111112-9doRRAik5gvhbEwjbZDbZR6GxXSAfdoomyJR57xKpump,WSOL-GRPH,WSOL,So11111111111111111111111111111111111111112,GRPH,9doRRAik5gvhbEwjbZDbZR6GxXSAfdoomyJR57xKpump,565168.76,289087.0,4066871.28,13939784.97,2,13,15,1,2,400,20000
90,So11111111111111111111111111111111111111112-F9TgEJLLRUKDRF16HgjUCdJfJ5BK6ucyiW8uJxVPpump,WSOL-AGiXT,WSOL,So11111111111111111111111111111111111111112,AGiXT,F9TgEJLLRUKDRF16HgjUCdJfJ5BK6ucyiW8uJxVPpump,594944.93,287929.35,3612792.8,11816220.61,2,18,20,1,2,400,20000
91,So11111111111111111111111111111111111111112-DitHyRMQiSDhn5cnKMJV2CDDt6sVct96YrECiM49pump,WSOL-House,WSOL,So11111111111111111111111111111111111111112,House,DitHyRMQiSDhn5cnKMJV2CDDt6sVct96YrECiM49pump,106727.86,287000.64,1727698.74,11327855.51,2,16,18,1,2,400,20000
92,So11111111111111111111111111111111111111112-Bz4MhmVRQENiCou7ZpJ575wpjNFjBjVBSiVhuNg1pump,WSOL-Project89,WSOL,So11111111111111111111111111111111111111112,Project89,Bz4MhmVRQENiCou7ZpJ575wpjNFjBjVBSiVhuNg1pump,704243.34,285354.65,5587205.43,9830965.32,2,13,15,1,2,400,20000
93,So11111111111111111111111111111111111111112-G5e2XonmccmdKc98g3eNQe5oBYGw9m8xdMUvVtcZpump,WSOL-MAIAR,WSOL,So11111111111111111111111111111111111111112,MAIAR,G5e2XonmccmdKc98g3eNQe5oBYGw9m8xdMUvVtcZpump,340258.83,271576.61,2378537.59,13456094.43,2,12,14,1,2,400,20000
94,So11111111111111111111111111111111111111112-9PR7nCP9DpcUotnDPVLUBUZKu5WAYkwrCUx9wDnSpump,WSOL-Ban,WSOL,So11111111111111111111111111111111111111112,Ban,9PR7nCP9DpcUotnDPVLUBUZKu5WAYkwrCUx9wDnSpump,2968945.55,264554.27,5061107.46,20753097.59,3,16,19,1,2,400,20000
95,So11111111111111111111111111111111111111112-GkeUTuaFB4oZADaqiCo3yauHNx9SxUNn8euHptEEbonk,WSOL-Grassito,WSOL,So11111111111111111111111111111111111111112,Grassito,GkeUTuaFB4oZADaqiCo3yauHNx9SxUNn8euHptEEbonk,133188.35,258920.96,4323762.49,66732438.67,2,10,12,1,2,400,20000
96,So11111111111111111111111111111111111111112-4HuSTfcJruukNbhrF9sc5iKrMeGxNBs6XpQ1L2hUpump,WSOL-OPAIUM,WSOL,So11111111111111111111111111111111111111112,OPAIUM,4HuSTfcJruukNbhrF9sc5iKrMeGxNBs6XpQ1L2hUpump,698759.52,256717.36,3362561.05,24105600.16,2,7,9,1,2,400,20000
97,HAPPYwgFcjEJDzRtfWE6tiHE9zGdzpNky2FvjPHsvvGZ-So11111111111111111111111111111111111111112,HAPPY-WSOL,HAPPY,HAPPYwgFcjEJDzRtfWE6tiHE9zGdzpNky2FvjPHsvvGZ,WSOL,So11111111111111111111111111111111111111112,500177.0,252228.84,3948485.4,7856518.46,2,15,17,1,2,400,20000
98,So11111111111111111111111111111111111111112-JB699bKuBEUJiiXSgtaFQUkAwFmUuz5WAWbKoLLQbonk,WSOL-vpos,WSOL,So11111111111111111111111111111111111111112,vpos,JB699bKuBEUJiiXSgtaFQUkAwFmUuz5WAWbKoLLQbonk,137480.22,251977.57,1215808.02,3960292.89,1,2,3,1,2,400,20000
99,So11111111111111111111111111111111111111112-GPrg1CgbBvAJS2SCuf9gF7NmQYsWudfyfWy5SUzypump,WSOL-EDWIN,WSOL,So11111111111111111111111111111111111111112,EDWIN,GPrg1CgbBvAJS2SCuf9gF7NmQYsWudfyfWy5SUzypump,376417.2,247649.74,1863067.43,9338341.06,2,6,8,1,2,400,20000
100,8wXtPeU6557ETkp9WHFY1n1EcU6NxDvbAggHGsMYiHsB-So11111111111111111111111111111111111111112,GME-WSOL,GME,8wXtPeU6557ETkp9WHFY1n1EcU6NxDvbAggHGsMYiHsB,WSOL,So11111111111111111111111111111111111111112,2893704.71,243491.83,2813498.08,7219476.81,2,29,31,1,2,400,20000
101,So11111111111111111111111111111111111111112-Cn5Ne1vmR9ctMGY9z5NC71A3NYFvopjXNyxYtfVYpump,WSOL-listen,WSOL,So11111111111111111111111111111111111111112,listen,Cn5Ne1vmR9ctMGY9z5NC71A3NYFvopjXNyxYtfVYpump,441070.62,235170.53,2221547.4,7077573.91,2,13,15,1,2,400,20000
102,So11111111111111111111111111111111111111112-3S8qX1MsMqRbiwKg2cQyx7nis1oHMgaCuc9c4VfvVdPN,WSOL-MOTHER,WSOL,So11111111111111111111111111111111111111112,MOTHER,3S8qX1MsMqRbiwKg2cQyx7nis1oHMgaCuc9c4VfvVdPN,1736015.31,233986.44,3030837.67,12195313.72,2,40,42,1,2,400,20000
103,So11111111111111111111111111111111111111112-8CzPPqenpfRXvjE5DHfE3kMDgJhHwWZ1WXRzs44KsamW,WSOL-YAPSTER,WSOL,So11111111111111111111111111111111111111112,YAPSTER,8CzPPqenpfRXvjE5DHfE3kMDgJhHwWZ1WXRzs44KsamW,522021.13,228632.48,784041.0,1794544.6,2,6,8,1,2,400,20000
104,So11111111111111111111111111111111111111112-8NNXWrWVctNw1UFeaBypffimTdcLCcD8XJzHvYsmgwpF,WSOL-BRAINLET,WSOL,So11111111111111111111111111111111111111112,BRAINLET,8NNXWrWVctNw1UFeaBypffimTdcLCcD8XJzHvYsmgwpF,428325.55,221638.16,2818358.39,4486404.74,4,0,4,1,2,400,20000
105,So11111111111111111111111111111111111111112-8XtRWb4uAAJFMP4QQhoYYCWR6XXb7ybcCdiqPwz9s5WS,WSOL-ALON,WSOL,So11111111111111111111111111111111111111112,ALON,8XtRWb4uAAJFMP4QQhoYYCWR6XXb7ybcCdiqPwz9s5WS,901952.67,216016.49,3941530.61,8216140.38,3,21,24,1,2,400,20000
106,So11111111111111111111111111111111111111112-9UYAYvVS2cZ3BndbsoG1ScJbjfwyEPGxjE79hh5ipump,WSOL-DOGEAI,WSOL,So11111111111111111111111111111111111111112,DOGEAI,9UYAYvVS2cZ3BndbsoG1ScJbjfwyEPGxjE79hh5ipump,1415478.57,215525.21,2237897.23,7081612.02,2,16,18,1,2,400,20000
107,GtDZKAqvMZMnti46ZewMiXCa4oXF4bZxwQPoKzXPFxZn-So11111111111111111111111111111111111111112,nub-WSOL,nub,GtDZKAqvMZMnti46ZewMiXCa4oXF4bZxwQPoKzXPFxZn,WSOL,So11111111111111111111111111111111111111112,1238344.72,206117.09,4298505.9,10518685.37,1,18,19,1,2,400,20000
108,So11111111111111111111111111111111111111112-3MyaQBG7y3SHLQZa282Jh2xtB2TZKHGzNp1CuZ4Cpump,WSOL-Qude,WSOL,So11111111111111111111111111111111111111112,Qude,3MyaQBG7y3SHLQZa282Jh2xtB2TZKHGzNp1CuZ4Cpump,227154.5,205578.43,464473.23,1665666.16,3,10,13,1,2,400,20000
109,So11111111111111111111111111111111111111112-J1Wpmugrooj1yMyQKrdZ2vwRXG5rhfx3vTnYE39gpump,WSOL-WOULD,WSOL,So11111111111111111111111111111111111111112,WOULD,J1Wpmugrooj1yMyQKrdZ2vwRXG5rhfx3vTnYE39gpump,4594243.38,204118.34,2063703.6,7633475.98,3,0,3,1,2,400,20000
110,So11111111111111111111111111111111111111112-79yTpy8uwmAkrdgZdq6ZSBTvxKsgPrNqTLvYQBh1pump,WSOL-BULLY,WSOL,So11111111111111111111111111111111111111112,BULLY,79yTpy8uwmAkrdgZdq6ZSBTvxKsgPrNqTLvYQBh1pump,562910.18,200686.59,1934882.59,3459596.33,1,19,20,1,2,400,20000
111,So11111111111111111111111111111111111111112-Db7ZUaWTThwZy7bVhjn5Dda8D3fbbAhihcxPV4m9pump,WSOL-XENO,WSOL,So11111111111111111111111111111111111111112,XENO,Db7ZUaWTThwZy7bVhjn5Dda8D3fbbAhihcxPV4m9pump,253775.99,199977.93,379418.63,595038.35,1,10,11,1,2,400,20000
112,So11111111111111111111111111111111111111112-6d5zHW5B8RkGKd51Lpb9RqFQSqDudr9GJgZ1SgQZpump,WSOL-AVB,WSOL,So11111111111111111111111111111111111111112,AVB,6d5zHW5B8RkGKd51Lpb9RqFQSqDudr9GJgZ1SgQZpump,713450.72,198931.44,3249723.86,5878510.83,2,11,13,1,2,400,20000
113,So11111111111111111111111111111111111111112-4TwC4AiF1uUSHES2eBftGqemp6TqjEnKghqiH6dFpump,WSOL-AKA,WSOL,So11111111111111111111111111111111111111112,AKA,4TwC4AiF1uUSHES2eBftGqemp6TqjEnKghqiH6dFpump,348526.47,192484.74,1125391.44,1694897.0,2,11,13,1,2,400,20000
114,So11111111111111111111111111111111111111112-J7tYmq2JnQPvxyhcXpCDrvJnc9R5ts8rv7tgVHDPsw7U,WSOL-FLOYDAI,WSOL,So11111111111111111111111111111111111111112,FLOYDAI,J7tYmq2JnQPvxyhcXpCDrvJnc9R5ts8rv7tgVHDPsw7U,455920.27,192370.06,1620210.77,4839164.62,2,5,7,1,2,400,20000
115,So11111111111111111111111111111111111111112-9qriMjPPAJTMCtfQnz7Mo9BsV2jAWTr2ff7yc3JWpump,WSOL-　,WSOL,So11111111111111111111111111111111111111112,　,9qriMjPPAJTMCtfQnz7Mo9BsV2jAWTr2ff7yc3JWpump,805892.73,191783.59,1482118.79,6366703.95,1,17,18,1,2,400,20000
116,So11111111111111111111111111111111111111112-FVdo7CDJarhYoH6McyTFqx71EtzCPViinvdd1v86Qmy5,WSOL-Aimonica,WSOL,So11111111111111111111111111111111111111112,Aimonica,FVdo7CDJarhYoH6McyTFqx71EtzCPViinvdd1v86Qmy5,414211.87,191348.97,2546406.12,9882103.62,1,5,6,1,2,400,20000
117,So11111111111111111111111111111111111111112-38PgzpJYu2HkiYvV8qePFakB8tuobPdGm2FFEn7Dpump,WSOL-gork,WSOL,So11111111111111111111111111111111111111112,gork,38PgzpJYu2HkiYvV8qePFakB8tuobPdGm2FFEn7Dpump,74527.22,187477.58,1082187.43,9046330.42,2,24,26,1,2,400,20000
118,So11111111111111111111111111111111111111112-HHoXk7WursT9DLBBhHzBWBbuQkfvvoNyHKpJi61mpump,WSOL-TNSR,WSOL,So11111111111111111111111111111111111111112,TNSR,HHoXk7WursT9DLBBhHzBWBbuQkfvvoNyHKpJi61mpump,442612.86,187474.17,1036720.91,2308405.14,1,9,10,1,2,400,20000
119,So11111111111111111111111111111111111111112-A2C5f6oYH2ipGb1mQTRDrUvKtNYtS6jnyaeXDXaZYpj7,WSOL-ALTS,WSOL,So11111111111111111111111111111111111111112,ALTS,A2C5f6oYH2ipGb1mQTRDrUvKtNYtS6jnyaeXDXaZYpj7,41050.2,177957.29,558564.19,814173.0,3,0,3,1,2,400,20000
120,So11111111111111111111111111111111111111112-3N2ETvNpPNAxhcaXgkhKoY1yDnQfs41Wnxsx5qNJpump,WSOL-NEUR,WSOL,So11111111111111111111111111111111111111112,NEUR,3N2ETvNpPNAxhcaXgkhKoY1yDnQfs41Wnxsx5qNJpump,549140.55,174287.93,2889442.76,6702102.39,3,10,13,1,2,400,20000
121,So11111111111111111111111111111111111111112-oraim8c9d1nkfuQk9EzGYEUGxqL3MHQYndRw1huVo5h,WSOL-MAX,WSOL,So11111111111111111111111111111111111111112,MAX,oraim8c9d1nkfuQk9EzGYEUGxqL3MHQYndRw1huVo5h,578170.51,173733.96,2496123.29,6669677.95,2,13,15,1,2,400,20000
122,So11111111111111111111111111111111111111112-7ZCm8WBN9aLa3o47SoYctU6iLdj7wkGG5SV2hE5CgtD5,WSOL-ELON,WSOL,So11111111111111111111111111111111111111112,ELON,7ZCm8WBN9aLa3o47SoYctU6iLdj7wkGG5SV2hE5CgtD5,196209.34,170730.6,1283789.08,1534042.79,2,0,2,1,2,400,20000
123,ATRLuHph8dxnPny4WSNW7fxkhbeivBrtWbY6BfB4xpLj-EPjFWdd5AufqSSqeM2qN1xzybapC8G4wEGGkZwyTDt1v,ATR-USDC,ATR,ATRLuHph8dxnPny4WSNW7fxkhbeivBrtWbY6BfB4xpLj,USDC,EPjFWdd5AufqSSqeM2qN1xzybapC8G4wEGGkZwyTDt1v,615739.0,169932.9,1547824.32,6714377.44,2,0,2,1,2,400,20000
124,So11111111111111111111111111111111111111112-4MeqZ8v3XbNVVX6B69XxXaymoTX6DbK8iZgaGngCbonk,WSOL-lola,WSOL,So11111111111111111111111111111111111111112,lola,4MeqZ8v3XbNVVX6B69XxXaymoTX6DbK8iZgaGngCbonk,92534.95,168907.55,2375267.49,6821386.4,1,5,6,1,2,400,20000
125,14zP2ToQ79XWvc7FQpm4bRnp9d6Mp1rFfsUW3gpLcRX-So11111111111111111111111111111111111111112,AIXBT-WSOL,AIXBT,14zP2ToQ79XWvc7FQpm4bRnp9d6Mp1rFfsUW3gpLcRX,WSOL,So11111111111111111111111111111111111111112,760048.66,167595.41,3136850.18,10683204.04,2,11,13,1,2,400,20000
126,4YK1njyeCkBuXG6phNtidJWKCbBhB659iwGkUJx98P5Z-So11111111111111111111111111111111111111112,DOLAN-WSOL,DOLAN,4YK1njyeCkBuXG6phNtidJWKCbBhB659iwGkUJx98P5Z,WSOL,So11111111111111111111111111111111111111112,729371.87,167288.09,1357810.92,5308180.82,2,9,11,1,2,400,20000
127,85cQsFgbi8mBZxiPppbpPXuV7j1hA8tBwhjF4gKW6mHg-So11111111111111111111111111111111111111112,Rizzmas-WSOL,Rizzmas,85cQsFgbi8mBZxiPppbpPXuV7j1hA8tBwhjF4gKW6mHg,WSOL,So11111111111111111111111111111111111111112,578086.77,163796.94,788220.53,2692516.66,2,13,15,1,2,400,20000
128,So11111111111111111111111111111111111111112-3joMReCCSESngJEpFLoKR2dNcChjSRCDtybQet5uSpse,WSOL-CAT,WSOL,So11111111111111111111111111111111111111112,CAT,3joMReCCSESngJEpFLoKR2dNcChjSRCDtybQet5uSpse,513340.93,161157.15,3006655.86,4198316.92,1,6,7,1,2,400,20000
129,So11111111111111111111111111111111111111112-BLDiYcvm3CLcgZ7XUBPgz6idSAkNmWY6MBbm8Xpjpump,WSOL-TRISIG,WSOL,So11111111111111111111111111111111111111112,TRISIG,BLDiYcvm3CLcgZ7XUBPgz6idSAkNmWY6MBbm8Xpjpump,435865.94,160420.24,1144066.28,4742402.26,2,10,12,1,2,400,20000
130,So11111111111111111111111111111111111111112-whispF7G9DHaojYHe2cdhRX5EMJzGBdqq7R57kL6inL,WSOL-WHISP,WSOL,So11111111111111111111111111111111111111112,WHISP,whispF7G9DHaojYHe2cdhRX5EMJzGBdqq7R57kL6inL,344210.38,159716.21,3590810.23,6114231.64,3,10,13,1,2,400,20000
131,5d3kw2KR7hfaja214tL9hqYSxFSoq9uDF9GB7GKboop-So11111111111111111111111111111111111111112,FARM-WSOL,FARM,5d3kw2KR7hfaja214tL9hqYSxFSoq9uDF9GB7GKboop,WSOL,So11111111111111111111111111111111111111112,81894.59,159229.14,1078673.28,5285008.7,2,0,2,1,2,400,20000
132,So11111111111111111111111111111111111111112-GAMwtMB6onAvBNBQJCJFuxoaqfPH8uCQ2dewNMVVpump,WSOL-TANK,WSOL,So11111111111111111111111111111111111111112,TANK,GAMwtMB6onAvBNBQJCJFuxoaqfPH8uCQ2dewNMVVpump,416332.82,156858.44,1397188.17,7122261.2,1,5,6,1,2,400,20000
133,So11111111111111111111111111111111111111112-ts3foLrNUMvwdVeit1oNeLWjYk7e4qsn8PqSsqRpump,WSOL-ANTIRUG,WSOL,So11111111111111111111111111111111111111112,ANTIRUG,ts3foLrNUMvwdVeit1oNeLWjYk7e4qsn8PqSsqRpump,192752.93,155841.99,1095249.85,3022225.03,1,7,8,1,2,400,20000
134,So11111111111111111111111111111111111111112-9WPTUkh8fKuCnepRWoPYLH3aK9gSjPHFDenBq2X1Czdp,WSOL-SELFIE,WSOL,So11111111111111111111111111111111111111112,SELFIE,9WPTUkh8fKuCnepRWoPYLH3aK9gSjPHFDenBq2X1Czdp,606600.84,154720.6,2528023.69,5382040.47,1,21,22,1,2,400,20000
135,So11111111111111111111111111111111111111112-Gu3LDkn7Vx3bmCzLafYNKcDxv2mH7YN44NJZFXnypump,WSOL-degenai,WSOL,So11111111111111111111111111111111111111112,degenai,Gu3LDkn7Vx3bmCzLafYNKcDxv2mH7YN44NJZFXnypump,723185.69,154461.68,1662305.93,8983114.96,3,15,18,1,2,400,20000
136,7JA5eZdCzztSfQbJvS8aVVxMFfd81Rs9VvwnocV1mKHu-EPjFWdd5AufqSSqeM2qN1xzybapC8G4wEGGkZwyTDt1v,GEOD-USDC,GEOD,7JA5eZdCzztSfQbJvS8aVVxMFfd81Rs9VvwnocV1mKHu,USDC,EPjFWdd5AufqSSqeM2qN1xzybapC8G4wEGGkZwyTDt1v,1447229.52,147412.96,887514.24,2280674.2,2,0,2,1,2,400,20000
137,So11111111111111111111111111111111111111112-7ZqzGzTNg5tjK1CHTBdGFHyKjBtXdfvAobuGgdt4pump,WSOL-BARSIK,WSOL,So11111111111111111111111111111111111111112,BARSIK,7ZqzGzTNg5tjK1CHTBdGFHyKjBtXdfvAobuGgdt4pump,425750.17,146205.44,1812193.85,4489957.47,2,11,13,1,2,400,20000
138,So11111111111111111111111111111111111111112-8i51XNNpGaKaj4G4nDdmQh95v4FKAxw8mhtaRoKd9tE8,WSOL-TETSUO,WSOL,So11111111111111111111111111111111111111112,TETSUO,8i51XNNpGaKaj4G4nDdmQh95v4FKAxw8mhtaRoKd9tE8,430845.68,146189.21,1405487.31,4437963.98,2,10,12,1,2,400,20000
139,3WPep4ufaToK1aS5s8BL9inzeUrt4DYaQCiic6ZkkC1U-So11111111111111111111111111111111111111112,GIKO-WSOL,GIKO,3WPep4ufaToK1aS5s8BL9inzeUrt4DYaQCiic6ZkkC1U,WSOL,So11111111111111111111111111111111111111112,412398.57,145897.39,1908245.65,5098293.62,2,15,17,1,2,400,20000
140,So11111111111111111111111111111111111111112-9hfKxLSnwh4LhpRgmxBYDRgrKeYUgszMePKxuidPpump,WSOL-KIT,WSOL,So11111111111111111111111111111111111111112,KIT,9hfKxLSnwh4LhpRgmxBYDRgrKeYUgszMePKxuidPpump,200093.16,141906.53,601922.74,2203321.4,1,14,15,1,2,400,20000
141,So11111111111111111111111111111111111111112-7M3gDRgozcumFsiTeXwjB8cYxpg7Q9R7rH7rkw2Fpump,WSOL-CRIME,WSOL,So11111111111111111111111111111111111111112,CRIME,7M3gDRgozcumFsiTeXwjB8cYxpg7Q9R7rH7rkw2Fpump,197535.07,140856.21,1316467.97,1452138.4,1,4,5,1,2,400,20000
142,AujTJJ7aMS8LDo3bFzoyXDwT3jBALUbu4VZhzZdTZLmG-So11111111111111111111111111111111111111112,$BEER-WSOL,$BEER,AujTJJ7aMS8LDo3bFzoyXDwT3jBALUbu4VZhzZdTZLmG,WSOL,So11111111111111111111111111111111111111112,2374440.94,136919.94,1030163.8,1872264.16,2,0,2,1,2,400,20000
143,So11111111111111111111111111111111111111112-43VWkd99HjqkhFTZbWBpMpRhjG469nWa7x7uEsgSH7We,WSOL-STNK,WSOL,So11111111111111111111111111111111111111112,STNK,43VWkd99HjqkhFTZbWBpMpRhjG469nWa7x7uEsgSH7We,733646.13,136589.68,2213627.48,3485417.68,4,11,15,1,2,400,20000
144,So11111111111111111111111111111111111111112-5voS9evDjxF589WuEub5i4ti7FWQmZCsAsyD5ucbuRqM,WSOL-ELIZA,WSOL,So11111111111111111111111111111111111111112,ELIZA,5voS9evDjxF589WuEub5i4ti7FWQmZCsAsyD5ucbuRqM,821801.4,136253.9,2024525.91,6070662.77,2,22,24,1,2,400,20000
145,So11111111111111111111111111111111111111112-26VfKb7jjtdEdvfovoBijScoZmJbWWasFZkgfUD5w7cy,WSOL-Mog,WSOL,So11111111111111111111111111111111111111112,Mog,26VfKb7jjtdEdvfovoBijScoZmJbWWasFZkgfUD5w7cy,221210.19,134526.51,1332228.3,1477695.69,2,5,7,1,2,400,20000
146,So11111111111111111111111111111111111111112-FLJYGHpCCcfYUdzhcfHSeSd2peb5SMajNWaCsRnhpump,WSOL-STORE,WSOL,So11111111111111111111111111111111111111112,STORE,FLJYGHpCCcfYUdzhcfHSeSd2peb5SMajNWaCsRnhpump,273483.58,131230.54,627354.89,1846180.37,1,3,4,1,2,400,20000
147,So11111111111111111111111111111111111111112-Ai4CL1SAxVRigxQFwBH8S2JkuL7EqrdiGwTC7JpCpump,WSOL-AWR,WSOL,So11111111111111111111111111111111111111112,AWR,Ai4CL1SAxVRigxQFwBH8S2JkuL7EqrdiGwTC7JpCpump,424940.61,129759.29,1586407.34,7918677.93,2,5,7,1,2,400,20000
148,So11111111111111111111111111111111111111112-dog1viwbb2vWDpER5FrJ4YFG6gq6XuyFohUe9TXN65u,WSOL-DOG,WSOL,So11111111111111111111111111111111111111112,DOG,dog1viwbb2vWDpER5FrJ4YFG6gq6XuyFohUe9TXN65u,34909.15,128033.69,1523246.12,6522472.03,2,10,12,1,2,400,20000
149,So11111111111111111111111111111111111111112-E7NgL19JbN8BhUDgWjkH8MtnbhJoaGaWJqosxZZepump,WSOL-PAYAI,WSOL,So11111111111111111111111111111111111111112,PAYAI,E7NgL19JbN8BhUDgWjkH8MtnbhJoaGaWJqosxZZepump,115452.37,127403.0,850063.16,7039368.95,2,0,2,1,2,400,20000
150,So11111111111111111111111111111111111111112-8w2PY5u2C53tcoSPN4KCjjuZRDEqhyddBNpsyBBLbonk,WSOL-Bonkify,WSOL,So11111111111111111111111111111111111111112,Bonkify,8w2PY5u2C53tcoSPN4KCjjuZRDEqhyddBNpsyBBLbonk,39946.31,125577.19,13444921.02,13444921.02,1,4,5,1,2,400,20000
151,So11111111111111111111111111111111111111112-EBGaJP7srpUUN8eRdta1MsojrNtweuHYsdP3P1TRpump,WSOL-REALIS,WSOL,So11111111111111111111111111111111111111112,REALIS,EBGaJP7srpUUN8eRdta1MsojrNtweuHYsdP3P1TRpump,500688.04,122599.52,937897.12,2822950.93,2,7,9,1,2,400,20000
152,So11111111111111111111111111111111111111112-GhBPHgnNF99EThYxt4bxUfPX1hCPyAS72RCBgLjLpump,WSOL-ARIA,WSOL,So11111111111111111111111111111111111111112,ARIA,GhBPHgnNF99EThYxt4bxUfPX1hCPyAS72RCBgLjLpump,254832.67,122451.17,668019.9,1380427.17,1,1,2,1,2,400,20000
153,So11111111111111111111111111111111111111112-DtR4D9FtVoTX2569gaL837ZgrB6wNjj6tkmnX9Rdk9B2,WSOL-aura,WSOL,So11111111111111111111111111111111111111112,aura,DtR4D9FtVoTX2569gaL837ZgrB6wNjj6tkmnX9Rdk9B2,509804.96,117847.57,1907853.71,2838170.43,2,17,19,1,2,400,20000
154,So11111111111111111111111111111111111111112-WEmjxPMGXEW1Nvc4rCgRKiWHj1H1tvhPsKMw2yvpump,WSOL-DIGIMON,WSOL,So11111111111111111111111111111111111111112,DIGIMON,WEmjxPMGXEW1Nvc4rCgRKiWHj1H1tvhPsKMw2yvpump,190532.48,114111.98,802922.32,7507478.16,1,9,10,1,2,400,20000
155,So11111111111111111111111111111111111111112-8vBMibwpn8wpfYKbQ9xqzodymg3LjmYec2tSNGRy23K8,WSOL-HYPER,WSOL,So11111111111111111111111111111111111111112,HYPER,8vBMibwpn8wpfYKbQ9xqzodymg3LjmYec2tSNGRy23K8,351050.63,112955.64,1476721.8,3099382.98,2,18,20,1,2,400,20000
156,So11111111111111111111111111111111111111112-2G8LH53fcr3aCrEsmAo73eunbZRbyjKrGH5qmur6pump,WSOL-supercycle,WSOL,So11111111111111111111111111111111111111112,supercycle,2G8LH53fcr3aCrEsmAo73eunbZRbyjKrGH5qmur6pump,215041.64,112753.54,1042577.08,1716256.31,2,0,2,1,2,400,20000
157,So11111111111111111111111111111111111111112-4mbdysBik3jmzD7mt6FGPDsMxnYcxExSQRFjPucdpump,WSOL-TSOTCHKE,WSOL,So11111111111111111111111111111111111111112,TSOTCHKE,4mbdysBik3jmzD7mt6FGPDsMxnYcxExSQRFjPucdpump,429197.94,110673.72,826308.3,3358469.85,2,8,10,1,2,400,20000
158,So11111111111111111111111111111111111111112-9aLzSdra8iP4xdvKKnErFxzWwe3R7groGaeGgsb5jREV,WSOL-BPAY,WSOL,So11111111111111111111111111111111111111112,BPAY,9aLzSdra8iP4xdvKKnErFxzWwe3R7groGaeGgsb5jREV,41558.14,105385.63,501505.44,501505.44,2,0,2,1,2,400,20000
159,So11111111111111111111111111111111111111112-AsyfR3e5JcPqWot4H5MMhQUm7DZ4zwQrcp2zbB7vpump,WSOL-IQ,WSOL,So11111111111111111111111111111111111111112,IQ,AsyfR3e5JcPqWot4H5MMhQUm7DZ4zwQrcp2zbB7vpump,418288.86,104882.63,1064834.92,3361339.46,1,15,16,1,2,400,20000
160,So11111111111111111111111111111111111111112-6yjNqPzTSanBWSa6dxVEgTjePXBrZ2FoHLDQwYwEsyM6,WSOL-Chud,WSOL,So11111111111111111111111111111111111111112,Chud,6yjNqPzTSanBWSa6dxVEgTjePXBrZ2FoHLDQwYwEsyM6,413976.82,102123.65,624483.04,2331141.24,1,13,14,1,2,400,20000
161,So11111111111111111111111111111111111111112-7h5AzpYTAnh4Gyux8Gqko5Fvx4AYQBZdkzHZ2CsBudvJ,WSOL-Citadail,WSOL,So11111111111111111111111111111111111111112,Citadail,7h5AzpYTAnh4Gyux8Gqko5Fvx4AYQBZdkzHZ2CsBudvJ,373612.02,100727.19,1064403.57,3289229.94,2,11,13,1,2,400,20000
162,So11111111111111111111111111111111111111112-UbCSotjZpnDYrFk8vydbJWxYEuoJiSptyujPojApump,WSOL-asscoin,WSOL,So11111111111111111111111111111111111111112,asscoin,UbCSotjZpnDYrFk8vydbJWxYEuoJiSptyujPojApump,152971.62,100429.82,2515884.68,5522515.16,2,0,2,1,2,400,20000
163,So11111111111111111111111111111111111111112-3an8rhdepsLCya22af7qDBKPbdomw8K4iCHXaA2Gpump,WSOL-Quant,WSOL,So11111111111111111111111111111111111111112,Quant,3an8rhdepsLCya22af7qDBKPbdomw8K4iCHXaA2Gpump,383420.57,95606.99,467328.61,1034090.54,2,11,13,1,2,400,20000
164,So11111111111111111111111111111111111111112-BeGY8KqKxboEwRbJd1q9H2K829jS4Rc5dEyNMYXCbV5p,WSOL-NPC,WSOL,So11111111111111111111111111111111111111112,NPC,BeGY8KqKxboEwRbJd1q9H2K829jS4Rc5dEyNMYXCbV5p,919950.46,95168.1,902310.57,2763763.81,2,0,2,1,2,400,20000
165,madHpjRn6bd8t78Rsy7NuSuNwWa2HU8ByPobZprHbHv-So11111111111111111111111111111111111111112,MAD-WSOL,MAD,madHpjRn6bd8t78Rsy7NuSuNwWa2HU8ByPobZprHbHv,WSOL,So11111111111111111111111111111111111111112,569189.61,95112.48,1605701.13,2348277.15,2,0,2,1,2,400,20000
166,So11111111111111111111111111111111111111112-CWY3XDTbN91sSmg4XR3ZgxAVgrhiFv4Ue8gUwwJLbonk,WSOL-BAM,WSOL,So11111111111111111111111111111111111111112,BAM,CWY3XDTbN91sSmg4XR3ZgxAVgrhiFv4Ue8gUwwJLbonk,65031.21,94799.13,1130505.77,13740995.52,1,3,4,1,2,400,20000
167,BEyp5W9oQosUDD2hPt2Qeg6fuAkNUbnvR6ZJhD8Ybonk-So11111111111111111111111111111111111111112,BONKBOY-WSOL,BONKBOY,BEyp5W9oQosUDD2hPt2Qeg6fuAkNUbnvR6ZJhD8Ybonk,WSOL,So11111111111111111111111111111111111111112,35616.17,94208.19,443004.57,2109250.31,2,0,2,1,2,400,20000
168,So11111111111111111111111111111111111111112-9JhFqCA21MoAXs2PTaeqNQp2XngPn1PgYr2rsEVCpump,WSOL-OPUS,WSOL,So11111111111111111111111111111111111111112,OPUS,9JhFqCA21MoAXs2PTaeqNQp2XngPn1PgYr2rsEVCpump,759941.0,93958.0,1727691.33,8510933.17,2,9,11,1,2,400,20000
169,So11111111111111111111111111111111111111112-HeJUFDxfJSzYFUuHLxkMqCgytU31G6mjP4wKviwqpump,WSOL-GNON,WSOL,So11111111111111111111111111111111111111112,GNON,HeJUFDxfJSzYFUuHLxkMqCgytU31G6mjP4wKviwqpump,720356.19,93805.39,1402148.8,4302709.92,2,13,15,1,2,400,20000
170,So11111111111111111111111111111111111111112-GorvUUSkJGSzJUebM5W6berUkZ5pG8nmnn7tmk74pump,WSOL-ZAILGO,WSOL,So11111111111111111111111111111111111111112,ZAILGO,GorvUUSkJGSzJUebM5W6berUkZ5pG8nmnn7tmk74pump,379989.34,93097.18,661991.29,1967284.6,2,11,13,1,2,400,20000
171,So11111111111111111111111111111111111111112-EWWDzCwq4UYW3ERTXbdgd6X6sdkKHFMJqRz1ZiFcpump,WSOL-FATHA,WSOL,So11111111111111111111111111111111111111112,FATHA,EWWDzCwq4UYW3ERTXbdgd6X6sdkKHFMJqRz1ZiFcpump,251426.93,92103.62,204822.42,512463.27,3,10,13,1,2,400,20000
172,So11111111111111111111111111111111111111112-4HBQm2EhdpUWZkTYxttxNDnsoWi5beRAGWHpjVo8pump,WSOL-CAT,WSOL,So11111111111111111111111111111111111111112,CAT,4HBQm2EhdpUWZkTYxttxNDnsoWi5beRAGWHpjVo8pump,280221.1,90473.87,304062.54,738331.81,2,0,2,1,2,400,20000
173,So11111111111111111111111111111111111111112-Aq8Gocyvyyi8xk5EYxd6viUfVmVvs9T9R6mZFzZFpump,WSOL-HYPER,WSOL,So11111111111111111111111111111111111111112,HYPER,Aq8Gocyvyyi8xk5EYxd6viUfVmVvs9T9R6mZFzZFpump,548273.25,90363.38,1734791.91,5769279.69,2,7,9,1,2,400,20000
174,So11111111111111111111111111111111111111112-8AS9yeGsAwvTs9gCDKMmB2MgX8NiSvv4uppH61yqpump,WSOL-$horny,WSOL,So11111111111111111111111111111111111111112,$horny,8AS9yeGsAwvTs9gCDKMmB2MgX8NiSvv4uppH61yqpump,172929.33,89178.6,555030.68,1988428.26,1,5,6,1,2,400,20000
175,So11111111111111111111111111111111111111112-4q3Z58YxrZEAVMLtMwnm7eHtodSD3LSpSNt3pDnqpump,WSOL-KOLIN,WSOL,So11111111111111111111111111111111111111112,KOLIN,4q3Z58YxrZEAVMLtMwnm7eHtodSD3LSpSNt3pDnqpump,427659.27,86572.34,886613.63,3018521.76,2,6,8,1,2,400,20000
176,So11111111111111111111111111111111111111112-3zJ7RxtzPahndBTEn5PGUyo9xBMv6MJP9J4TPqdFpump,WSOL-ESIM,WSOL,So11111111111111111111111111111111111111112,ESIM,3zJ7RxtzPahndBTEn5PGUyo9xBMv6MJP9J4TPqdFpump,132626.71,84932.56,784998.21,18235298.49,1,7,8,1,2,400,20000
177,So11111111111111111111111111111111111111112-Foot4fxy8CHxM37W8BeHwK6aLd8VH2yHTFu43KCxbCqc,WSOL-BIG,WSOL,So11111111111111111111111111111111111111112,BIG,Foot4fxy8CHxM37W8BeHwK6aLd8VH2yHTFu43KCxbCqc,237687.66,84192.99,521135.62,1946311.58,3,0,3,1,2,400,20000
178,So11111111111111111111111111111111111111112-2RBko3xoz56aH69isQMUpzZd9NYHahhwC23A5F3Spkin,WSOL-PKIN,WSOL,So11111111111111111111111111111111111111112,PKIN,2RBko3xoz56aH69isQMUpzZd9NYHahhwC23A5F3Spkin,714570.98,83678.06,834214.34,3393807.32,2,19,21,1,2,400,20000
179,So11111111111111111111111111111111111111112-6D7NaB2xsLd7cauWu1wKk6KBsJohJmP2qZH9GEfVi5Ui,WSOL-SC,WSOL,So11111111111111111111111111111111111111112,SC,6D7NaB2xsLd7cauWu1wKk6KBsJohJmP2qZH9GEfVi5Ui,695422.25,82819.28,2417304.76,3771963.78,1,14,15,1,2,400,20000
180,KQijDbNJ6rPCqhtXrfH6gKa5cH3a39At8vHq34nnPbF-So11111111111111111111111111111111111111112,DOGE-WSOL,DOGE,KQijDbNJ6rPCqhtXrfH6gKa5cH3a39At8vHq34nnPbF,WSOL,So11111111111111111111111111111111111111112,255269.98,82073.34,488482.51,937690.1,2,0,2,1,2,400,20000
181,So11111111111111111111111111111111111111112-AxriehR6Xw3adzHopnvMn7GcpRFcD41ddpiTWMg6pump,WSOL-jailstool,WSOL,So11111111111111111111111111111111111111112,jailstool,AxriehR6Xw3adzHopnvMn7GcpRFcD41ddpiTWMg6pump,1228372.48,81620.25,1167514.21,5578208.44,3,39,42,1,2,400,20000
182,So11111111111111111111111111111111111111112-6JGSHS9GrE9uG8ix63w3DPMYHrgrJ6J4QyHbBhAepump,WSOL-Crashout,WSOL,So11111111111111111111111111111111111111112,Crashout,6JGSHS9GrE9uG8ix63w3DPMYHrgrJ6J4QyHbBhAepump,262083.07,80329.37,932385.65,3664195.17,2,11,13,1,2,400,20000
183,So11111111111111111111111111111111111111112-9So52ugZh2BLBT3f7p61947q91uQh2DyvbfyMDeRpump,WSOL-MUSKIT,WSOL,So11111111111111111111111111111111111111112,MUSKIT,9So52ugZh2BLBT3f7p61947q91uQh2DyvbfyMDeRpump,227514.27,79702.57,458387.71,4180349.34,2,10,12,1,2,400,20000
184,So11111111111111111111111111111111111111112-HhCLbkW6FwhriTkk81W8tYstsRCLUu6Y7Je1SQjVpump,WSOL-KIKI,WSOL,So11111111111111111111111111111111111111112,KIKI,HhCLbkW6FwhriTkk81W8tYstsRCLUu6Y7Je1SQjVpump,292150.97,79571.01,537694.2,1733107.41,2,9,11,1,2,400,20000
185,So11111111111111111111111111111111111111112-EsP4kJfKUDLfX274WoBSiiEy74Sh4tZKUCDjfULHpump,WSOL-FRIC,WSOL,So11111111111111111111111111111111111111112,FRIC,EsP4kJfKUDLfX274WoBSiiEy74Sh4tZKUCDjfULHpump,613506.53,79340.68,1665413.19,4509989.39,2,15,17,1,2,400,20000
186,SENDdRQtYMWaQrBroBrJ2Q53fgVuq95CV9UPGEvpCxa-So11111111111111111111111111111111111111112,SEND-WSOL,SEND,SENDdRQtYMWaQrBroBrJ2Q53fgVuq95CV9UPGEvpCxa,WSOL,So11111111111111111111111111111111111111112,204173.96,76277.91,815663.9,2036185.93,1,27,28,1,2,400,20000
187,So11111111111111111111111111111111111111112-5UAMZkfNmuVcKzr2wo8Jqw4R1k8vfdAVJNN6h3bVpump,WSOL-LIMBO,WSOL,So11111111111111111111111111111111111111112,LIMBO,5UAMZkfNmuVcKzr2wo8Jqw4R1k8vfdAVJNN6h3bVpump,399542.75,76271.44,491375.35,1270368.22,2,9,11,1,2,400,20000
188,So11111111111111111111111111111111111111112-CTJf74cTo3cw8acFP1YXF3QpsQUUBGBjh2k2e8xsZ6UL,WSOL-Neiro,WSOL,So11111111111111111111111111111111111111112,Neiro,CTJf74cTo3cw8acFP1YXF3QpsQUUBGBjh2k2e8xsZ6UL,856892.73,76166.86,2278899.15,3514842.16,2,24,26,1,2,400,20000
189,So11111111111111111111111111111111111111112-6TcoT3vcexjsMuuLvS9DhBUrVVcoqBMHEppQGQLMpump,WSOL-BNTY,WSOL,So11111111111111111111111111111111111111112,BNTY,6TcoT3vcexjsMuuLvS9DhBUrVVcoqBMHEppQGQLMpump,196316.71,75417.85,331484.11,1147622.08,1,7,8,1,2,400,20000
190,So11111111111111111111111111111111111111112-SonicxvLud67EceaEzCLRnMTBqzYUUYNr93DBkBdDES,WSOL-SONIC,WSOL,So11111111111111111111111111111111111111112,SONIC,SonicxvLud67EceaEzCLRnMTBqzYUUYNr93DBkBdDES,444344.85,74475.18,777887.04,2178495.08,3,36,39,1,2,400,20000
191,mtnc7NNSpAJuvYNmayXU63WhWZGgFzwQ2yeYWqemeta-EPjFWdd5AufqSSqeM2qN1xzybapC8G4wEGGkZwyTDt1v,MTN-USDC,MTN,mtnc7NNSpAJuvYNmayXU63WhWZGgFzwQ2yeYWqemeta,USDC,EPjFWdd5AufqSSqeM2qN1xzybapC8G4wEGGkZwyTDt1v,1080923.21,71676.77,1378287.52,25444234.1,2,3,5,1,2,400,20000
192,So11111111111111111111111111111111111111112-6UxB5HCuuNm2HoHCp4TFVkPPE38L5zktESYKZ7Q5RC3f,WSOL-INTERN,WSOL,So11111111111111111111111111111111111111112,INTERN,6UxB5HCuuNm2HoHCp4TFVkPPE38L5zktESYKZ7Q5RC3f,81824.93,70858.19,342247.69,412888.91,1,6,7,1,2,400,20000
193,So11111111111111111111111111111111111111112-FLqmVrv6cp7icjobpRMQJMEyjF3kF84QmC4HXpySpump,WSOL-BUCK,WSOL,So11111111111111111111111111111111111111112,BUCK,FLqmVrv6cp7icjobpRMQJMEyjF3kF84QmC4HXpySpump,371258.57,70768.06,302305.88,891342.64,2,0,2,1,2,400,20000
194,So11111111111111111111111111111111111111112-3JgFwoYV74f6LwWjQWnr3YDPFnmBdwQfNyubv99jqUoq,WSOL-wPOND,WSOL,So11111111111111111111111111111111111111112,wPOND,3JgFwoYV74f6LwWjQWnr3YDPFnmBdwQfNyubv99jqUoq,102567.14,70413.31,1173571.2,4254084.97,2,24,26,1,2,400,20000
195,So11111111111111111111111111111111111111112-FVvd3s9dZYzsgitkJyWbmycSc8MkYZjyF7oqAEvmSxTZ,WSOL-WILD,WSOL,So11111111111111111111111111111111111111112,WILD,FVvd3s9dZYzsgitkJyWbmycSc8MkYZjyF7oqAEvmSxTZ,244638.65,70030.52,659429.84,761250.57,2,0,2,1,2,400,20000
196,So11111111111111111111111111111111111111112-5QS7RcHfGUa2ZtrovPvEJMB9coqroiT7H48dPSwFpump,WSOL-AIOS,WSOL,So11111111111111111111111111111111111111112,AIOS,5QS7RcHfGUa2ZtrovPvEJMB9coqroiT7H48dPSwFpump,433106.66,66815.82,586095.05,5674968.68,2,16,18,1,2,400,20000
197,GJgHsc1HU4ibmzW6oWQr8L2RRT95ATc1BoNuLkp94AwU-So11111111111111111111111111111111111111112,WBS-WSOL,WBS,GJgHsc1HU4ibmzW6oWQr8L2RRT95ATc1BoNuLkp94AwU,WSOL,So11111111111111111111111111111111111111112,253678.41,65941.64,317776.82,1100221.47,2,0,2,1,2,400,20000
198,So11111111111111111111111111111111111111112-7oBYdEhV4GkXC19ZfgAvXpJWp2Rn9pm1Bx2cVNxFpump,WSOL-CAR,WSOL,So11111111111111111111111111111111111111112,CAR,7oBYdEhV4GkXC19ZfgAvXpJWp2Rn9pm1Bx2cVNxFpump,945396.32,65275.79,803066.44,2164523.09,3,26,29,1,2,400,20000
199,So11111111111111111111111111111111111111112-8SpPaFLycx897D6sowPZkEkcNdDahzRZb5itr6D8pump,WSOL-LEA,WSOL,So11111111111111111111111111111111111111112,LEA,8SpPaFLycx897D6sowPZkEkcNdDahzRZb5itr6D8pump,477048.49,64937.44,739758.34,3251960.42,3,8,11,1,2,400,20000
200,So11111111111111111111111111111111111111112-8YiB8B43EwDeSx5Jp91VQjgBU4mfCgVvyNahadtzpump,WSOL-Y2K,WSOL,So11111111111111111111111111111111111111112,Y2K,8YiB8B43EwDeSx5Jp91VQjgBU4mfCgVvyNahadtzpump,368519.03,64757.23,728428.38,2341190.09,1,6,7,1,2,400,20000
201,So11111111111111111111111111111111111111112-BAezfVmia8UYLt4rst6PCU4dvL2i2qHzqn4wGhytpNJW,WSOL-Ainti,WSOL,So11111111111111111111111111111111111111112,Ainti,BAezfVmia8UYLt4rst6PCU4dvL2i2qHzqn4wGhytpNJW,423658.41,64493.76,274708.77,547965.07,3,9,12,1,2,400,20000
202,A3eME5CetyZPBoWbRUwY3tSe25S6tb18ba9ZPbWk9eFJ-So11111111111111111111111111111111111111112,PENG-WSOL,PENG,A3eME5CetyZPBoWbRUwY3tSe25S6tb18ba9ZPbWk9eFJ,WSOL,So11111111111111111111111111111111111111112,548221.13,62330.98,1037599.15,2184406.07,2,0,2,1,2,400,20000
203,So11111111111111111111111111111111111111112-FHKiJEg2zmhv9DEeaXMSZa7R4P8BPFX5VTRrzrtJpump,WSOL-HIBER,WSOL,So11111111111111111111111111111111111111112,HIBER,FHKiJEg2zmhv9DEeaXMSZa7R4P8BPFX5VTRrzrtJpump,195274.11,62183.98,747279.19,10885161.6,1,5,6,1,2,400,20000
204,So11111111111111111111111111111111111111112-275FUEyp5o7TWo1dCDYJyprb4o2WBcxEQsvmt816pump,WSOL-AAA,WSOL,So11111111111111111111111111111111111111112,AAA,275FUEyp5o7TWo1dCDYJyprb4o2WBcxEQsvmt816pump,203118.44,62105.6,1128500.89,2265147.49,2,0,2,1,2,400,20000
205,So11111111111111111111111111111111111111112-CreiuhfwdWCN5mJbMJtA9bBpYQrQF2tCBuZwSPWfpump,WSOL-PYTHIA,WSOL,So11111111111111111111111111111111111111112,PYTHIA,CreiuhfwdWCN5mJbMJtA9bBpYQrQF2tCBuZwSPWfpump,1177033.78,61395.54,1064473.37,8811652.95,2,11,13,1,2,400,20000
206,So11111111111111111111111111111111111111112-5ZMUboLJUeneKouqrqu4jeLE68vX68ehE5qprV3Upump,WSOL-TIRED,WSOL,So11111111111111111111111111111111111111112,TIRED,5ZMUboLJUeneKouqrqu4jeLE68vX68ehE5qprV3Upump,135168.86,61154.45,220964.06,964283.46,2,2,4,1,2,400,20000
207,85VBFQZC9TZkfaptBWjvUw7YbZjy52A6mjtPGjstQAmQ-EPjFWdd5AufqSSqeM2qN1xzybapC8G4wEGGkZwyTDt1v,W-USDC,W,85VBFQZC9TZkfaptBWjvUw7YbZjy52A6mjtPGjstQAmQ,USDC,EPjFWdd5AufqSSqeM2qN1xzybapC8G4wEGGkZwyTDt1v,224192.39,59088.25,393570.69,1035857.76,2,16,18,1,2,400,20000
208,rndrizKT3MK1iimdxRdWabcF7Zg7AR5T4nud4EkHBof-EPjFWdd5AufqSSqeM2qN1xzybapC8G4wEGGkZwyTDt1v,RENDER-USDC,RENDER,rndrizKT3MK1iimdxRdWabcF7Zg7AR5T4nud4EkHBof,USDC,EPjFWdd5AufqSSqeM2qN1xzybapC8G4wEGGkZwyTDt1v,53592.38,57990.08,363402.81,1287625.9,1,8,9,1,2,400,20000
209,So11111111111111111111111111111111111111112-5XyKkFaJpAmsH4Tf2EFj3S61W3hC5cJhxNZQQ5h1pump,WSOL-Luigi,WSOL,So11111111111111111111111111111111111111112,Luigi,5XyKkFaJpAmsH4Tf2EFj3S61W3hC5cJhxNZQQ5h1pump,584702.76,55649.1,460381.61,2227587.21,3,17,20,1,2,400,20000
210,So11111111111111111111111111111111111111112-HFw81sUUPBkNF5tKDanV8VCYTfVY4XbrEEPiwzyypump,WSOL-DUCKAI,WSOL,So11111111111111111111111111111111111111112,DUCKAI,HFw81sUUPBkNF5tKDanV8VCYTfVY4XbrEEPiwzyypump,149661.57,54297.08,651590.08,4545150.14,2,5,7,1,2,400,20000
211,So11111111111111111111111111111111111111112-FViMp5phQH2bX81S7Yyn1yXjj3BRddFBNcMCbTH8FCze,WSOL-$TOAD,WSOL,So11111111111111111111111111111111111111112,$TOAD,FViMp5phQH2bX81S7Yyn1yXjj3BRddFBNcMCbTH8FCze,317336.19,54043.14,397897.59,1152597.64,3,0,3,1,2,400,20000
212,So11111111111111111111111111111111111111112-92cRC6kV5D7TiHX1j56AbkPbffo9jwcXxSDQZ8Mopump,WSOL-fxn,WSOL,So11111111111111111111111111111111111111112,fxn,92cRC6kV5D7TiHX1j56AbkPbffo9jwcXxSDQZ8Mopump,335260.2,53755.27,716206.76,1894712.17,2,4,6,1,2,400,20000
213,ATLASXmbPQxBUYbxPsV97usA3fPQYEqzQBUHgiFCUsXx-EPjFWdd5AufqSSqeM2qN1xzybapC8G4wEGGkZwyTDt1v,ATLAS-USDC,ATLAS,ATLASXmbPQxBUYbxPsV97usA3fPQYEqzQBUHgiFCUsXx,USDC,EPjFWdd5AufqSSqeM2qN1xzybapC8G4wEGGkZwyTDt1v,136572.53,53551.82,601172.3,1412911.02,3,7,10,1,2,400,20000
214,So11111111111111111111111111111111111111112-G3EDZoS49NRVKP8X1HggHZJueJeR8d2izUHeXdV3pump,WSOL-ASSCOIN,WSOL,So11111111111111111111111111111111111111112,ASSCOIN,G3EDZoS49NRVKP8X1HggHZJueJeR8d2izUHeXdV3pump,126191.26,52204.09,112528.82,292703.18,1,6,7,1,2,400,20000
215,So11111111111111111111111111111111111111112-GMzuntWYJLpNuCizrSR7ZXggiMdDzTNiEmSNHHunpump,WSOL-dreams,WSOL,So11111111111111111111111111111111111111112,dreams,GMzuntWYJLpNuCizrSR7ZXggiMdDzTNiEmSNHHunpump,433086.37,51863.19,728140.0,1966047.91,2,5,7,1,2,400,20000
216,7dHbWXmci3dT8UFYWYZweBLXgycu7Y3iL6trKn1Y7ARj-EPjFWdd5AufqSSqeM2qN1xzybapC8G4wEGGkZwyTDt1v,stSOL-USDC,stSOL,7dHbWXmci3dT8UFYWYZweBLXgycu7Y3iL6trKn1Y7ARj,USDC,EPjFWdd5AufqSSqeM2qN1xzybapC8G4wEGGkZwyTDt1v,458334.3,51212.48,323690.98,830754.24,3,0,3,1,2,400,20000
217,Faf89929Ni9fbg4gmVZTca7eW6NFg877Jqn6MizT3Gvw-So11111111111111111111111111111111111111112,WOLF-WSOL,WOLF,Faf89929Ni9fbg4gmVZTca7eW6NFg877Jqn6MizT3Gvw,WSOL,So11111111111111111111111111111111111111112,566399.55,50436.06,493150.05,985178.45,2,0,2,1,2,400,20000
218,So11111111111111111111111111111111111111112-zGh48JtNHVBb5evgoZLXwgPD2Qu4MhkWdJLGDAupump,WSOL-retire,WSOL,So11111111111111111111111111111111111111112,retire,zGh48JtNHVBb5evgoZLXwgPD2Qu4MhkWdJLGDAupump,318261.06,50042.04,785168.72,3671571.03,2,7,9,1,2,400,20000
219,So11111111111111111111111111111111111111112-8tSeXYSXzFvaDX1nbWrEFFaFuPHuWqpzksKYxQPvpump,WSOL-VIBE,WSOL,So11111111111111111111111111111111111111112,VIBE,8tSeXYSXzFvaDX1nbWrEFFaFuPHuWqpzksKYxQPvpump,287184.33,49994.45,593889.06,1246918.85,3,6,9,1,2,400,20000
220,So11111111111111111111111111111111111111112-DNMTk67urDBxEEVRx9HjVzCVu8en4Kgg5HfZy3E6pump,WSOL-ASYM,WSOL,So11111111111111111111111111111111111111112,ASYM,DNMTk67urDBxEEVRx9HjVzCVu8en4Kgg5HfZy3E6pump,186933.1,48453.47,376670.43,1532280.38,1,4,5,1,2,400,20000
221,So11111111111111111111111111111111111111112-8tdzC7mFKhmfPg3KdSBafHqH7jgi3CvKomfj3Hhupump,WSOL-TgMetrics,WSOL,So11111111111111111111111111111111111111112,TgMetrics,8tdzC7mFKhmfPg3KdSBafHqH7jgi3CvKomfj3Hhupump,128884.61,47424.11,532427.46,1042300.53,2,0,2,1,2,400,20000
222,So11111111111111111111111111111111111111112-DPaQfq5sFnoqw2Sh9WMmmASFL9LNu6RdtDqwE1tab2tB,WSOL-SKBDI,WSOL,So11111111111111111111111111111111111111112,SKBDI,DPaQfq5sFnoqw2Sh9WMmmASFL9LNu6RdtDqwE1tab2tB,440771.22,45952.38,932525.43,2221158.9,2,5,7,1,2,400,20000
223,26KMQVgDUoB6rEfnJ51yAABWWJND8uMtpnQgsHQ64Udr-So11111111111111111111111111111111111111112,HAMMY-WSOL,HAMMY,26KMQVgDUoB6rEfnJ51yAABWWJND8uMtpnQgsHQ64Udr,WSOL,So11111111111111111111111111111111111111112,324682.74,45740.36,540935.88,868881.67,1,16,17,1,2,400,20000
224,degod39zqQWzpG6h4b7SJLLTCFE6FeZnZD8BwHBFxaN-So11111111111111111111111111111111111111112,DEGOD-WSOL,DEGOD,degod39zqQWzpG6h4b7SJLLTCFE6FeZnZD8BwHBFxaN,WSOL,So11111111111111111111111111111111111111112,723043.0,45378.05,180326.96,330604.21,2,11,13,1,2,400,20000
225,DeaKMzAeZja3Mh5okZE6WUvygLP3Lfuvm6Rg78HqXTz9-So11111111111111111111111111111111111111112,SOLNIC-WSOL,SOLNIC,DeaKMzAeZja3Mh5okZE6WUvygLP3Lfuvm6Rg78HqXTz9,WSOL,So11111111111111111111111111111111111111112,414671.5,43697.17,160495.05,532672.21,2,0,2,1,2,400,20000
226,So11111111111111111111111111111111111111112-B89Hd5Juz7JP2dxCZXFJWk4tMTcbw7feDhuWGb3kq5qE,WSOL-NC,WSOL,So11111111111111111111111111111111111111112,NC,B89Hd5Juz7JP2dxCZXFJWk4tMTcbw7feDhuWGb3kq5qE,263979.76,42851.36,1076797.8,2088498.99,2,21,23,1,2,400,20000
227,So11111111111111111111111111111111111111112-73UdJevxaNKXARgkvPHQGKuv8HCZARszuKW2LTL3pump,WSOL-ZARA,WSOL,So11111111111111111111111111111111111111112,ZARA,73UdJevxaNKXARgkvPHQGKuv8HCZARszuKW2LTL3pump,228951.61,42833.59,332226.79,603552.2,1,13,14,1,2,400,20000
228,Jambjx1oJoZNBZiqbiF9TqgatEZPdyfvYa9WVsKNzUh-So11111111111111111111111111111111111111112,J-WSOL,J,Jambjx1oJoZNBZiqbiF9TqgatEZPdyfvYa9WVsKNzUh,WSOL,So11111111111111111111111111111111111111112,822309.15,42760.75,925450.39,2501391.86,1,10,11,1,2,400,20000
229,So11111111111111111111111111111111111111112-6QSVGUEyBZWRshnXKhS96NQ97vGWiTu61SyHLAbYpump,WSOL-KACY,WSOL,So11111111111111111111111111111111111111112,KACY,6QSVGUEyBZWRshnXKhS96NQ97vGWiTu61SyHLAbYpump,182012.19,41579.52,179234.77,382364.83,2,15,17,1,2,400,20000
230,So11111111111111111111111111111111111111112-BoAQaykj3LtkM2Brevc7cQcRAzpqcsP47nJ2rkyopump,WSOL-FOREST,WSOL,So11111111111111111111111111111111111111112,FOREST,BoAQaykj3LtkM2Brevc7cQcRAzpqcsP47nJ2rkyopump,421992.96,40704.03,786673.67,1242062.12,2,9,11,1,2,400,20000
231,So11111111111111111111111111111111111111112-FrkF4GNdqKZLuzWXTk1imqMJRGK9uxCRE3PaBKZbpump,WSOL-DRIP,WSOL,So11111111111111111111111111111111111111112,DRIP,FrkF4GNdqKZLuzWXTk1imqMJRGK9uxCRE3PaBKZbpump,117708.71,40647.83,356927.01,3158439.39,2,0,2,1,2,400,20000
232,So11111111111111111111111111111111111111112-F7Hwf8ib5DVCoiuyGr618Y3gon429Rnd1r5F9R5upump,WSOL-WORK,WSOL,So11111111111111111111111111111111111111112,WORK,F7Hwf8ib5DVCoiuyGr618Y3gon429Rnd1r5F9R5upump,114518.63,40175.5,355566.68,575693.74,1,13,14,1,2,400,20000
233,3TWgDvYBL2YPET2LxnWAwsMeoA8aL4DutNuwat2pKCjC-So11111111111111111111111111111111111111112,KHAI-WSOL,KHAI,3TWgDvYBL2YPET2LxnWAwsMeoA8aL4DutNuwat2pKCjC,WSOL,So11111111111111111111111111111111111111112,253257.31,40079.86,407119.23,918457.13,3,8,11,1,2,400,20000
234,So11111111111111111111111111111111111111112-7UN8WkBumTUCofVPXCPjNWQ6msQhzrg9tFQRP48Nmw5V,WSOL-xencat,WSOL,So11111111111111111111111111111111111111112,xencat,7UN8WkBumTUCofVPXCPjNWQ6msQhzrg9tFQRP48Nmw5V,212340.35,38923.7,317287.79,582939.7,2,0,2,1,2,400,20000
235,FU1q8vJpZNUrmqsciSjp8bAKKidGsLmouB8CBdf8TKQv-So11111111111111111111111111111111111111112,tremp-WSOL,tremp,FU1q8vJpZNUrmqsciSjp8bAKKidGsLmouB8CBdf8TKQv,WSOL,So11111111111111111111111111111111111111112,752291.59,38487.26,291541.82,872803.1,2,16,18,1,2,400,20000
236,hntyVP6YFm1Hg25TN9WGLqM12b8TQmcknKrdu1oxWux-EPjFWdd5AufqSSqeM2qN1xzybapC8G4wEGGkZwyTDt1v,HNT-USDC,HNT,hntyVP6YFm1Hg25TN9WGLqM12b8TQmcknKrdu1oxWux,USDC,EPjFWdd5AufqSSqeM2qN1xzybapC8G4wEGGkZwyTDt1v,49166.5,37727.87,186921.95,641421.43,1,3,4,1,2,400,20000
237,So11111111111111111111111111111111111111112-6tVZVjcppH2BZ9Xj5yFU1Zt34m2rYcyDqqpSeMDZpump,WSOL-miharu,WSOL,So11111111111111111111111111111111111111112,miharu,6tVZVjcppH2BZ9Xj5yFU1Zt34m2rYcyDqqpSeMDZpump,133049.15,37540.38,895412.31,981167.77,2,14,16,1,2,400,20000
238,So11111111111111111111111111111111111111112-7JA5eZdCzztSfQbJvS8aVVxMFfd81Rs9VvwnocV1mKHu,WSOL-GEOD,WSOL,So11111111111111111111111111111111111111112,GEOD,7JA5eZdCzztSfQbJvS8aVVxMFfd81Rs9VvwnocV1mKHu,217378.85,37440.55,243194.99,835937.79,1,3,4,1,2,400,20000
239,So11111111111111111111111111111111111111112-BkYAUVMar1gLwuFLv2n5cmB6HhcNtvd86kU3gqAypump,WSOL-Elon4AfD,WSOL,So11111111111111111111111111111111111111112,Elon4AfD,BkYAUVMar1gLwuFLv2n5cmB6HhcNtvd86kU3gqAypump,579221.8,36642.45,197711.56,1678888.13,2,0,2,1,2,400,20000
240,So11111111111111111111111111111111111111112-Zc4uJVrHC2APe9qKwBD11Gg4BbvQr3naM8f7Wiopump,WSOL-pep ,WSOL,So11111111111111111111111111111111111111112,pep ,Zc4uJVrHC2APe9qKwBD11Gg4BbvQr3naM8f7Wiopump,281321.81,36549.59,707117.24,2386058.97,2,13,15,1,2,400,20000
241,So11111111111111111111111111111111111111112-BP8RUdhLKBL2vgVXc3n7oTSZKWaQVbD8S6QcPaMVBAPo,WSOL-FAFO,WSOL,So11111111111111111111111111111111111111112,FAFO,BP8RUdhLKBL2vgVXc3n7oTSZKWaQVbD8S6QcPaMVBAPo,313777.1,36097.94,311473.95,1380066.93,2,25,27,1,2,400,20000
242,GTH3wG3NErjwcf7VGCoXEXkgXSHvYhx5gtATeeM5JAS1-So11111111111111111111111111111111111111112,WHALES-WSOL,WHALES,GTH3wG3NErjwcf7VGCoXEXkgXSHvYhx5gtATeeM5JAS1,WSOL,So11111111111111111111111111111111111111112,339841.55,35575.53,129118.59,580800.37,1,2,3,1,2,400,20000
243,So11111111111111111111111111111111111111112-HsNx7RirehVMy54xnFtcgCBPDMrwNnJKykageqdWpump,WSOL-daige,WSOL,So11111111111111111111111111111111111111112,daige,HsNx7RirehVMy54xnFtcgCBPDMrwNnJKykageqdWpump,147843.31,34536.46,196217.77,1106983.9,2,0,2,1,2,400,20000
244,AZsHEMXd36Bj1EMNXhowJajpUXzrKcK57wW4ZGXVa7yR-EPjFWdd5AufqSSqeM2qN1xzybapC8G4wEGGkZwyTDt1v,GUAC-USDC,GUAC,AZsHEMXd36Bj1EMNXhowJajpUXzrKcK57wW4ZGXVa7yR,USDC,EPjFWdd5AufqSSqeM2qN1xzybapC8G4wEGGkZwyTDt1v,365269.12,34228.67,238550.44,691498.36,2,8,10,1,2,400,20000
245,So11111111111111111111111111111111111111112-4JFcUJ1HfFKz2F8thdu2frk558EjrLvKEmeMq1ZM2xBP,WSOL-VNTR,WSOL,So11111111111111111111111111111111111111112,VNTR,4JFcUJ1HfFKz2F8thdu2frk558EjrLvKEmeMq1ZM2xBP,187048.73,33885.98,389381.52,2073716.86,2,0,2,1,2,400,20000
246,So11111111111111111111111111111111111111112-Fu4jQQpUnECSVQrVfeeVPpQpXQffM75LL328EJPtpump,WSOL-symx,WSOL,So11111111111111111111111111111111111111112,symx,Fu4jQQpUnECSVQrVfeeVPpQpXQffM75LL328EJPtpump,90593.05,33620.22,61093.51,167313.24,1,8,9,1,2,400,20000
247,9gwTegFJJErDpWJKjPfLr2g2zrE3nL1v5zpwbtsk3c6P-So11111111111111111111111111111111111111112,USEDCAR-WSOL,USEDCAR,9gwTegFJJErDpWJKjPfLr2g2zrE3nL1v5zpwbtsk3c6P,WSOL,So11111111111111111111111111111111111111112,252124.13,32268.23,384479.33,668535.15,2,4,6,1,2,400,20000
248,So11111111111111111111111111111111111111112-89S9RdgynPq5odSRmcCDAzg26iYuRw4wqUmzMbjUpump,WSOL-EKKO,WSOL,So11111111111111111111111111111111111111112,EKKO,89S9RdgynPq5odSRmcCDAzg26iYuRw4wqUmzMbjUpump,98254.02,32074.93,483203.37,1272099.46,1,6,7,1,2,400,20000
249,So11111111111111111111111111111111111111112-HELn8rSM1rp8vAjNH4NYXzX6FvCbwWMGqLfaMgiBnZFV,WSOL-RIO,WSOL,So11111111111111111111111111111111111111112,RIO,HELn8rSM1rp8vAjNH4NYXzX6FvCbwWMGqLfaMgiBnZFV,196308.18,30223.49,128772.62,431301.89,2,0,2,1,2,400,20000
250,So11111111111111111111111111111111111111112-4AdDFsG1xzz1L7zKGo2fbiqv256Z92u8uCcJCgYuTBLo,WSOL-TJRM,WSOL,So11111111111111111111111111111111111111112,TJRM,4AdDFsG1xzz1L7zKGo2fbiqv256Z92u8uCcJCgYuTBLo,146113.1,29856.42,162052.25,698846.76,4,0,4,1,2,400,20000
251,So11111111111111111111111111111111111111112-7RDvypx3p9EWq4nZZKux1ZQAc7DUWXpHTVKxCCnupump,WSOL-KNOT,WSOL,So11111111111111111111111111111111111111112,KNOT,7RDvypx3p9EWq4nZZKux1ZQAc7DUWXpHTVKxCCnupump,177816.1,29369.15,324224.38,581250.71,2,0,2,1,2,400,20000
252,So11111111111111111111111111111111111111112-KMnDBXcPXoz6oMJW5XG4tXdwSWpmWEP2RQM1Uujpump,WSOL-FIGHT,WSOL,So11111111111111111111111111111111111111112,FIGHT,KMnDBXcPXoz6oMJW5XG4tXdwSWpmWEP2RQM1Uujpump,366449.62,29186.54,433445.58,2653237.21,2,12,14,1,2,400,20000
253,So11111111111111111111111111111111111111112-CXPLyc3EX8WySgEXLbjhuA7vy8EKQokVJYQuJm2jpump,WSOL-SENTAI,WSOL,So11111111111111111111111111111111111111112,SENTAI,CXPLyc3EX8WySgEXLbjhuA7vy8EKQokVJYQuJm2jpump,145777.56,28329.42,192942.09,460886.31,1,8,9,1,2,400,20000
254,So11111111111111111111111111111111111111112-FABELyo4mGW399dBZJhMeD988o2hEPu3B3LNWtuW4ueN,WSOL-FABEL,WSOL,So11111111111111111111111111111111111111112,FABEL,FABELyo4mGW399dBZJhMeD988o2hEPu3B3LNWtuW4ueN,93195.16,27686.85,269946.89,3002278.69,2,1,3,1,2,400,20000
255,5e41GfrQwTP74LgGt6WP9kw6xa1jQhAERCjnFKf74y52-So11111111111111111111111111111111111111112,VHS -WSOL,VHS ,5e41GfrQwTP74LgGt6WP9kw6xa1jQhAERCjnFKf74y52,WSOL,So11111111111111111111111111111111111111112,128509.23,27675.88,91338.3,222273.47,1,7,8,1,2,400,20000
256,So11111111111111111111111111111111111111112-B5WTLaRwaUQpKk7ir1wniNB6m5o8GgMrimhKMYan2R6B,WSOL-Pepe,WSOL,So11111111111111111111111111111111111111112,Pepe,B5WTLaRwaUQpKk7ir1wniNB6m5o8GgMrimhKMYan2R6B,407326.08,27322.11,543106.82,3533934.87,3,0,3,1,2,400,20000
257,So11111111111111111111111111111111111111112-AxDKAyDsC7p8C5MeDFX6FKV2MPCSGwzkRfGY2qZZpump,WSOL-NOVA,WSOL,So11111111111111111111111111111111111111112,NOVA,AxDKAyDsC7p8C5MeDFX6FKV2MPCSGwzkRfGY2qZZpump,138320.2,27138.5,260543.56,735380.8,2,0,2,1,2,400,20000
258,So11111111111111111111111111111111111111112-FQgtfugBdpFN7PZ6NdPrZpVLDBrPGxXesi4gVu3vErhY,WSOL-BMT,WSOL,So11111111111111111111111111111111111111112,BMT,FQgtfugBdpFN7PZ6NdPrZpVLDBrPGxXesi4gVu3vErhY,851500.65,26930.23,537293.52,5840483.43,1,7,8,1,2,400,20000
259,3psH1Mj1f7yUfaD5gh6Zj7epE8hhrMkMETgv5TshQA4o-So11111111111111111111111111111111111111112,boden-WSOL,boden,3psH1Mj1f7yUfaD5gh6Zj7epE8hhrMkMETgv5TshQA4o,WSOL,So11111111111111111111111111111111111111112,517580.37,26668.15,648677.63,3273545.14,2,13,15,1,2,400,20000
260,So11111111111111111111111111111111111111112-7iagMTDPfNSR5zVcERT1To7A9eaQoz58dJAh42EMHcCC,WSOL-YAKUB,WSOL,So11111111111111111111111111111111111111112,YAKUB,7iagMTDPfNSR5zVcERT1To7A9eaQoz58dJAh42EMHcCC,185395.53,26512.22,355342.36,588296.63,2,0,2,1,2,400,20000
261,CckLtcfEtsYzg8sUrVBBrFKt16iExpvEurc1dhKmmoon-So11111111111111111111111111111111111111112,T3AI-WSOL,T3AI,CckLtcfEtsYzg8sUrVBBrFKt16iExpvEurc1dhKmmoon,WSOL,So11111111111111111111111111111111111111112,154990.38,26492.21,223323.71,706282.16,1,14,15,1,2,400,20000
262,So11111111111111111111111111111111111111112-8WnQQRbuEZ3CCDbH5MCVioBbw6o75NKANq9WdPhBDsWo,WSOL-coby,WSOL,So11111111111111111111111111111111111111112,coby,8WnQQRbuEZ3CCDbH5MCVioBbw6o75NKANq9WdPhBDsWo,170797.27,26468.64,124179.7,217439.07,2,13,15,1,2,400,20000
263,So11111111111111111111111111111111111111112-5SRer48NRfmhsut1n4ZwSAVUJAErNjdKcXTMVaxdpump,WSOL-GARY,WSOL,So11111111111111111111111111111111111111112,GARY,5SRer48NRfmhsut1n4ZwSAVUJAErNjdKcXTMVaxdpump,146795.79,26388.27,256643.5,1491348.73,1,2,3,1,2,400,20000
264,HfMbPyDdZH6QMaDDUokjYCkHxzjoGBMpgaUvpLWGbF5p-So11111111111111111111111111111111111111112,PBTC-WSOL,PBTC,HfMbPyDdZH6QMaDDUokjYCkHxzjoGBMpgaUvpLWGbF5p,WSOL,So11111111111111111111111111111111111111112,263567.23,25808.62,264674.13,760910.84,2,8,10,1,2,400,20000
265,So11111111111111111111111111111111111111112-DHoadXCbf6TcadkcMGJ8kFRdDa2sXPQ1KrgodUDRpump,WSOL-CHIIKAWA,WSOL,So11111111111111111111111111111111111111112,CHIIKAWA,DHoadXCbf6TcadkcMGJ8kFRdDa2sXPQ1KrgodUDRpump,60136.51,25590.36,262027.59,329973.71,1,4,5,1,2,400,20000
266,So11111111111111111111111111111111111111112-9psiRdn9cXYVps4F1kFuoNjd2EtmqNJXrCPmRppJpump,WSOL-UBC,WSOL,So11111111111111111111111111111111111111112,UBC,9psiRdn9cXYVps4F1kFuoNjd2EtmqNJXrCPmRppJpump,360870.92,25498.26,385101.41,1480888.25,2,15,17,1,2,400,20000
267,So11111111111111111111111111111111111111112-XANDuUoVoUqniKkpcKhrxmvYJybpJvUxJLr21Gaj3Hx,WSOL-XAND,WSOL,So11111111111111111111111111111111111111112,XAND,XANDuUoVoUqniKkpcKhrxmvYJybpJvUxJLr21Gaj3Hx,269831.64,24743.42,159152.5,328908.22,3,0,3,1,2,400,20000
268,So11111111111111111111111111111111111111112-4BBjpGwLgGmUxtT82YFK9xMhcvyy3zgf3HpxTRip1YoU,WSOL-Mundi,WSOL,So11111111111111111111111111111111111111112,Mundi,4BBjpGwLgGmUxtT82YFK9xMhcvyy3zgf3HpxTRip1YoU,281109.64,24672.72,165920.56,2035621.76,2,0,2,1,2,400,20000
269,So11111111111111111111111111111111111111112-HW7D5MyYG4Dz2C98axfjVBeLWpsEnofrqy6ZUwqwpump,WSOL-VIRAL,WSOL,So11111111111111111111111111111111111111112,VIRAL,HW7D5MyYG4Dz2C98axfjVBeLWpsEnofrqy6ZUwqwpump,77204.79,24547.06,320149.76,7122123.9,2,7,9,1,2,400,20000
270,ULwSJmmpxmnRfpu6BjnK6rprKXqD5jXUmPpS1FxHXFy-So11111111111111111111111111111111111111112,HEGE-WSOL,HEGE,ULwSJmmpxmnRfpu6BjnK6rprKXqD5jXUmPpS1FxHXFy,WSOL,So11111111111111111111111111111111111111112,958915.33,23944.0,526301.56,1744843.99,2,7,9,1,2,400,20000
271,So11111111111111111111111111111111111111112-FAFxVxnkzZHMCodkWyoccgUNgVScqMw2mhhQBYDFjFAF,WSOL-FAF,WSOL,So11111111111111111111111111111111111111112,FAF,FAFxVxnkzZHMCodkWyoccgUNgVScqMw2mhhQBYDFjFAF,199664.65,23537.74,121145.93,649703.22,1,4,5,1,2,400,20000
272,So11111111111111111111111111111111111111112-DEf93bSt8dx58gDFCcz4CwbjYZzjwaRBYAciJYLfdCA9,WSOL-KWEEN,WSOL,So11111111111111111111111111111111111111112,KWEEN,DEf93bSt8dx58gDFCcz4CwbjYZzjwaRBYAciJYLfdCA9,392367.17,23531.77,352257.24,1031661.18,2,0,2,1,2,400,20000
273,So11111111111111111111111111111111111111112-T1oYbAejEESrZLtSAjumAXhzFqZGNxQ4kVN9vPUoxMv,WSOL-$daumen,WSOL,So11111111111111111111111111111111111111112,$daumen,T1oYbAejEESrZLtSAjumAXhzFqZGNxQ4kVN9vPUoxMv,68086.8,22858.28,124735.03,151493.22,1,1,2,1,2,400,20000
274,So11111111111111111111111111111111111111112-9bNUjxEvygayUE2ZRN5zh9Hhjh6cN6GPK4zoHzXXpump,WSOL-MOSS,WSOL,So11111111111111111111111111111111111111112,MOSS,9bNUjxEvygayUE2ZRN5zh9Hhjh6cN6GPK4zoHzXXpump,173829.61,22611.19,342090.66,1015528.97,2,7,9,1,2,400,20000
275,So11111111111111111111111111111111111111112-Fxm6tJ2khHbLVcSgnYUqg9FiBduVRLEvdQR67dvQ3eGp,WSOL-NAI,WSOL,So11111111111111111111111111111111111111112,NAI,Fxm6tJ2khHbLVcSgnYUqg9FiBduVRLEvdQR67dvQ3eGp,110856.49,22463.73,366727.06,555404.64,2,5,7,1,2,400,20000
276,So11111111111111111111111111111111111111112-8FqXr6dw5NHA2TtwFeDz6q9p7y9uWyoEdZmpXqqUpump,WSOL-Seek,WSOL,So11111111111111111111111111111111111111112,Seek,8FqXr6dw5NHA2TtwFeDz6q9p7y9uWyoEdZmpXqqUpump,121626.07,22390.02,147346.86,545364.35,2,14,16,1,2,400,20000
277,So11111111111111111111111111111111111111112-3iQL8BFS2vE7mww4ehAqQHAsbmRNCrPxizWAT2Zfyr9y,WSOL-VIRTUAL,WSOL,So11111111111111111111111111111111111111112,VIRTUAL,3iQL8BFS2vE7mww4ehAqQHAsbmRNCrPxizWAT2Zfyr9y,81934.41,21999.17,402647.02,874142.82,1,20,21,1,2,400,20000
278,So11111111111111111111111111111111111111112-AshG5mHt4y4etsjhKFb2wA2rq1XZxKks1EPzcuXwpump,WSOL-Fullsend,WSOL,So11111111111111111111111111111111111111112,Fullsend,AshG5mHt4y4etsjhKFb2wA2rq1XZxKks1EPzcuXwpump,314656.67,21445.16,366069.44,715163.11,1,14,15,1,2,400,20000
279,KMNo3nJsBXfcpJTVhZcXLW7RmTwTt4GVFE7suUBo9sS-So11111111111111111111111111111111111111112,KMNO-WSOL,KMNO,KMNo3nJsBXfcpJTVhZcXLW7RmTwTt4GVFE7suUBo9sS,WSOL,So11111111111111111111111111111111111111112,372537.06,21143.04,2285291.45,9697859.02,2,16,18,1,2,400,20000
280,So11111111111111111111111111111111111111112-9sbrLLnk4vxJajnZWXP9h5qk1NDFw7dz2eHjgemcpump,WSOL-Beenz,WSOL,So11111111111111111111111111111111111111112,Beenz,9sbrLLnk4vxJajnZWXP9h5qk1NDFw7dz2eHjgemcpump,187734.37,21043.91,203771.42,1546214.78,2,9,11,1,2,400,20000
281,So11111111111111111111111111111111111111112-EQs4DEeaSyrhRPM6JPsf2ptLf4EHkcGXB7ybeufxpump,WSOL-saint,WSOL,So11111111111111111111111111111111111111112,saint,EQs4DEeaSyrhRPM6JPsf2ptLf4EHkcGXB7ybeufxpump,152074.66,20990.02,430096.81,4118390.67,2,0,2,1,2,400,20000
282,So11111111111111111111111111111111111111112-5XUUN5z1yBPEwoLztu4qMenmFe6GQnZptBFsnFnEpump,WSOL-WAVE,WSOL,So11111111111111111111111111111111111111112,WAVE,5XUUN5z1yBPEwoLztu4qMenmFe6GQnZptBFsnFnEpump,144633.38,20611.73,196957.41,761797.24,2,11,13,1,2,400,20000
283,So11111111111111111111111111111111111111112-62CsquahdQ3J286G9UTqV6whxryfihdV4yg7kSJnpump,WSOL-BGG1,WSOL,So11111111111111111111111111111111111111112,BGG1,62CsquahdQ3J286G9UTqV6whxryfihdV4yg7kSJnpump,251114.15,20437.43,221566.04,501630.87,1,12,13,1,2,400,20000
284,So11111111111111111111111111111111111111112-DWDnYfhVMnNBbWz4uEVvLVZLdYQoSuBosSU2vmHSpump,WSOL-BIOS,WSOL,So11111111111111111111111111111111111111112,BIOS,DWDnYfhVMnNBbWz4uEVvLVZLdYQoSuBosSU2vmHSpump,113376.01,20066.79,153256.36,848158.9,2,11,13,1,2,400,20000
285,So11111111111111111111111111111111111111112-AHdVQs56QpEEkRx6m8yiYYEiqM2sKjQxVd6mGH12pump,WSOL-FatCat,WSOL,So11111111111111111111111111111111111111112,FatCat,AHdVQs56QpEEkRx6m8yiYYEiqM2sKjQxVd6mGH12pump,535087.14,20029.63,175016.33,401360.7,3,0,3,1,2,400,20000
286,So11111111111111111111111111111111111111112-9Yt5tHLFB2Uz1yg3cyEpTN4KTSWhiGpKxXPJ8HX3hat,WSOL-KWANT,WSOL,So11111111111111111111111111111111111111112,KWANT,9Yt5tHLFB2Uz1yg3cyEpTN4KTSWhiGpKxXPJ8HX3hat,98553.98,19587.39,157537.6,490157.31,1,7,8,1,2,400,20000
287,2Dyzu65QA9zdX1UeE7Gx71k7fiwyUK6sZdrvJ7auq5wm-So11111111111111111111111111111111111111112,TURBO-WSOL,TURBO,2Dyzu65QA9zdX1UeE7Gx71k7fiwyUK6sZdrvJ7auq5wm,WSOL,So11111111111111111111111111111111111111112,60972.05,19410.53,296719.93,1615162.43,2,0,2,1,2,400,20000
288,7fb49Wrtx5xksfzGxsa8Y1zV1CCyeimmysGYKkirzCUm-EPjFWdd5AufqSSqeM2qN1xzybapC8G4wEGGkZwyTDt1v,DAILYBET-USDC,DAILYBET,7fb49Wrtx5xksfzGxsa8Y1zV1CCyeimmysGYKkirzCUm,USDC,EPjFWdd5AufqSSqeM2qN1xzybapC8G4wEGGkZwyTDt1v,233303.21,19406.79,178756.94,1049341.38,2,0,2,1,2,400,20000
289,So11111111111111111111111111111111111111112-69G8CpUVZAxbPMiEBrfCCCH445NwFxH6PzVL693Xpump,WSOL-xavier,WSOL,So11111111111111111111111111111111111111112,xavier,69G8CpUVZAxbPMiEBrfCCCH445NwFxH6PzVL693Xpump,202327.95,19200.44,254372.81,1023637.1,2,6,8,1,2,400,20000
290,So11111111111111111111111111111111111111112-yLUD35WTiPLEY6DUqEj5W2JVXF2DfKB5arPkKJXpump,WSOL-APY,WSOL,So11111111111111111111111111111111111111112,APY,yLUD35WTiPLEY6DUqEj5W2JVXF2DfKB5arPkKJXpump,236974.84,18743.3,229204.01,1202825.95,1,12,13,1,2,400,20000
291,So11111111111111111111111111111111111111112-3MadWqcN9cSrULn8ikDnan9mF3znoQmBPXtVy6BfSTDB,WSOL-GrokCoin,WSOL,So11111111111111111111111111111111111111112,GrokCoin,3MadWqcN9cSrULn8ikDnan9mF3znoQmBPXtVy6BfSTDB,164124.82,18630.71,195124.9,2306504.58,1,15,16,1,2,400,20000
292,GinNabffZL4fUj9Vactxha74GDAW8kDPGaHqMtMzps2f-So11111111111111111111111111111111111111112,GINNAN-WSOL,GINNAN,GinNabffZL4fUj9Vactxha74GDAW8kDPGaHqMtMzps2f,WSOL,So11111111111111111111111111111111111111112,211266.67,18549.4,379839.61,567496.61,2,8,10,1,2,400,20000
293,83mCRQJzvKMeQd9wJbZDUCTPgRbZMDoPdMSx5Sf1pump-So11111111111111111111111111111111111111112,LLJEFFY-WSOL,LLJEFFY,83mCRQJzvKMeQd9wJbZDUCTPgRbZMDoPdMSx5Sf1pump,WSOL,So11111111111111111111111111111111111111112,20926.29,18473.91,240097.8,6544436.54,2,10,12,1,2,400,20000
294,So11111111111111111111111111111111111111112-J2bUGZDxRDpsVfjZqKwn6yYCUKFmqzHgt8UajhGtpump,WSOL-∅,WSOL,So11111111111111111111111111111111111111112,∅,J2bUGZDxRDpsVfjZqKwn6yYCUKFmqzHgt8UajhGtpump,68306.4,18395.4,159074.24,730165.81,1,9,10,1,2,400,20000
295,So11111111111111111111111111111111111111112-EfgEGG9PxLhyk1wqtqgGnwgfVC7JYic3vC9BCWLvpump,WSOL-GYAT,WSOL,So11111111111111111111111111111111111111112,GYAT,EfgEGG9PxLhyk1wqtqgGnwgfVC7JYic3vC9BCWLvpump,316407.32,18254.27,594403.67,2257139.76,2,15,17,1,2,400,20000
296,So11111111111111111111111111111111111111112-2CsJHNyj74zK6Jaiq2UayPAXFEjmL5UKhpeLNaH45Fud,WSOL-GIZMO,WSOL,So11111111111111111111111111111111111111112,GIZMO,2CsJHNyj74zK6Jaiq2UayPAXFEjmL5UKhpeLNaH45Fud,119791.84,18094.47,46506.44,96570.42,2,0,2,1,2,400,20000
297,So11111111111111111111111111111111111111112-FMhxJLNmbw6UVKN3ANDKhFdgdEgqJiUEDnBgtDW4pump,WSOL-JASPER,WSOL,So11111111111111111111111111111111111111112,JASPER,FMhxJLNmbw6UVKN3ANDKhFdgdEgqJiUEDnBgtDW4pump,86168.04,17889.98,125995.2,177206.52,1,10,11,1,2,400,20000
298,So11111111111111111111111111111111111111112-CX9YDTED9TWgVXVoFy8JL9gSSAEWcTv4mzjLSv17LQsj,WSOL-DRUGS,WSOL,So11111111111111111111111111111111111111112,DRUGS,CX9YDTED9TWgVXVoFy8JL9gSSAEWcTv4mzjLSv17LQsj,69105.91,17853.23,298481.05,372963.83,2,0,2,1,2,400,20000
299,So11111111111111111111111111111111111111112-Em8WF6pg9FmKDy1dXkWhXxpgmfhj5Bes3ZCE8PCCJSHt,WSOL-SHRUB,WSOL,So11111111111111111111111111111111111111112,SHRUB,Em8WF6pg9FmKDy1dXkWhXxpgmfhj5Bes3ZCE8PCCJSHt,137420.66,17792.24,132322.28,278423.9,2,0,2,1,2,400,20000
300,So11111111111111111111111111111111111111112-8cNmp9T2CMQRNZhNRoeSvr57LDf1kbZ42SvgsSWfpump,WSOL-JAIL,WSOL,So11111111111111111111111111111111111111112,JAIL,8cNmp9T2CMQRNZhNRoeSvr57LDf1kbZ42SvgsSWfpump,187947.84,17641.79,208518.01,453693.74,2,14,16,1,2,400,20000
301,9EYScpiysGnEimnQPzazr7Jn9GVfxFYzgTEj85hV9L6U-So11111111111111111111111111111111111111112,tooker-WSOL,tooker,9EYScpiysGnEimnQPzazr7Jn9GVfxFYzgTEj85hV9L6U,WSOL,So11111111111111111111111111111111111111112,180665.03,17612.37,174984.02,404109.57,3,0,3,1,2,400,20000
302,Cwe5k2iEy8dt7vCGY93GBrqQS4FWyac6pQjvjLcPD6qp-So11111111111111111111111111111111111111112,AROK-WSOL,AROK,Cwe5k2iEy8dt7vCGY93GBrqQS4FWyac6pQjvjLcPD6qp,WSOL,So11111111111111111111111111111111111111112,245339.82,17505.76,236606.07,262857.1,2,0,2,1,2,400,20000
303,So11111111111111111111111111111111111111112-H33XL6HHDReCVRgSApZpsXM7Hy7JGyLztRJaGxjapump,WSOL-APPLE,WSOL,So11111111111111111111111111111111111111112,APPLE,H33XL6HHDReCVRgSApZpsXM7Hy7JGyLztRJaGxjapump,194120.52,17456.66,303261.56,696916.6,1,18,19,1,2,400,20000
304,8WzDFPNjUSV7ZPpNiqKY8NcWH9J4tDSgSeifp6Kboop-So11111111111111111111111111111111111111112,Toshi-WSOL,Toshi,8WzDFPNjUSV7ZPpNiqKY8NcWH9J4tDSgSeifp6Kboop,WSOL,So11111111111111111111111111111111111111112,47866.34,17346.09,315066.17,5251322.15,2,0,2,1,2,400,20000
305,So11111111111111111111111111111111111111112-KFTSxPQxDV1wGjEvzKHWD7mG6e9TsMVq4eF4mQppump,WSOL-Duo,WSOL,So11111111111111111111111111111111111111112,Duo,KFTSxPQxDV1wGjEvzKHWD7mG6e9TsMVq4eF4mQppump,145222.71,17314.29,136923.57,366944.68,2,13,15,1,2,400,20000
306,So11111111111111111111111111111111111111112-DriFtupJYLTosbwoN8koMbEYSx54aFAVLddWsbksjwg7,WSOL-DRIFT,WSOL,So11111111111111111111111111111111111111112,DRIFT,DriFtupJYLTosbwoN8koMbEYSx54aFAVLddWsbksjwg7,34205.05,17307.71,65244.12,272125.27,1,18,19,1,2,400,20000
307,So11111111111111111111111111111111111111112-9dLuVbJMd4ZpTpFgmaFHAGSsFwVjtcnzFWaLAA1expHg,WSOL-HEEHEE,WSOL,So11111111111111111111111111111111111111112,HEEHEE,9dLuVbJMd4ZpTpFgmaFHAGSsFwVjtcnzFWaLAA1expHg,223523.12,17080.92,79502.18,244850.36,3,0,3,1,2,400,20000
308,So11111111111111111111111111111111111111112-GwKKPsJdY5oWMJ8RReWLcvb82KzW6FKy2bKoYW7kHr16,WSOL-LLD,WSOL,So11111111111111111111111111111111111111112,LLD,GwKKPsJdY5oWMJ8RReWLcvb82KzW6FKy2bKoYW7kHr16,527412.43,16488.6,94579.89,452849.94,4,0,4,1,2,400,20000
309,So11111111111111111111111111111111111111112-6HgJHzGpq3fSLmkepsaC8F3VtpUWfXcG4hmUaf4Vpump,WSOL-REGENT,WSOL,So11111111111111111111111111111111111111112,REGENT,6HgJHzGpq3fSLmkepsaC8F3VtpUWfXcG4hmUaf4Vpump,190575.6,16374.22,217900.75,749344.47,1,8,9,1,2,400,20000
310,SAVEaeeqeXNKYb4Lyx28DkUms5gyZ76vGa6fCfdzWfK-EPjFWdd5AufqSSqeM2qN1xzybapC8G4wEGGkZwyTDt1v,SAVE-USDC,SAVE,SAVEaeeqeXNKYb4Lyx28DkUms5gyZ76vGa6fCfdzWfK,USDC,EPjFWdd5AufqSSqeM2qN1xzybapC8G4wEGGkZwyTDt1v,87559.04,16292.79,156703.17,442554.96,2,4,6,1,2,400,20000
311,So11111111111111111111111111111111111111112-BkVeSP2GsXV3AYoRJBSZTpFE8sXmcuGnRQcFgoWspump,WSOL-autism,WSOL,So11111111111111111111111111111111111111112,autism,BkVeSP2GsXV3AYoRJBSZTpFE8sXmcuGnRQcFgoWspump,174863.78,16098.66,125526.3,348235.68,2,6,8,1,2,400,20000
312,6N7CrWe6qNt27G4sHXcjQMMy6btKRb7i9n4RYkKboop-So11111111111111111111111111111111111111112,BETTY-WSOL,BETTY,6N7CrWe6qNt27G4sHXcjQMMy6btKRb7i9n4RYkKboop,WSOL,So11111111111111111111111111111111111111112,40826.06,16018.57,220936.7,39527825.0,1,6,7,1,2,400,20000
313,So11111111111111111111111111111111111111112-7M9KJcPNC65ShLDmJmTNhVFcuY95Y1VMeYngKgt67D1t,WSOL-r/snoofi,WSOL,So11111111111111111111111111111111111111112,r/snoofi,7M9KJcPNC65ShLDmJmTNhVFcuY95Y1VMeYngKgt67D1t,180416.2,15956.4,189787.21,320769.62,2,14,16,1,2,400,20000
314,So11111111111111111111111111111111111111112-GACpABn18xqiSJbD9ZEyArJDT9RHRMUut5nK9Z9Spump,WSOL-TRENCH,WSOL,So11111111111111111111111111111111111111112,TRENCH,GACpABn18xqiSJbD9ZEyArJDT9RHRMUut5nK9Z9Spump,173689.1,15814.6,246623.16,553756.5,1,3,4,1,2,400,20000
315,So11111111111111111111111111111111111111112-GangK9z6ebVdonVRAbMwsQzy2ougUAK5x1GQ7Uf7daos,WSOL-BBL,WSOL,So11111111111111111111111111111111111111112,BBL,GangK9z6ebVdonVRAbMwsQzy2ougUAK5x1GQ7Uf7daos,81915.54,15542.1,474307.99,1054969.2,3,0,3,1,2,400,20000
316,So11111111111111111111111111111111111111112-8bdhP1UQMevciC9oJ7NrvgDfoW8XPXPfbkkm6vKtMS7N,WSOL-SPORE,WSOL,So11111111111111111111111111111111111111112,SPORE,8bdhP1UQMevciC9oJ7NrvgDfoW8XPXPfbkkm6vKtMS7N,212724.3,14885.84,220515.35,561262.45,2,12,14,1,2,400,20000
317,So11111111111111111111111111111111111111112-AuQaustGiaqxRvj2gtCdrd22PBzTn8kM3kEPEkZCtuDw,WSOL-ADX,WSOL,So11111111111111111111111111111111111111112,ADX,AuQaustGiaqxRvj2gtCdrd22PBzTn8kM3kEPEkZCtuDw,169979.48,14855.09,85392.85,479790.63,1,5,6,1,2,400,20000
318,So11111111111111111111111111111111111111112-UbESBaztbkxJRWxPcfDeK8Fft15igTbrv3sed1bsegM,WSOL-GCATS,WSOL,So11111111111111111111111111111111111111112,GCATS,UbESBaztbkxJRWxPcfDeK8Fft15igTbrv3sed1bsegM,52987.08,14835.04,162305.0,18019749.35,1,8,9,1,2,400,20000
319,So11111111111111111111111111111111111111112-GYKmdfcUmZVrqfcH1g579BGjuzSRijj3LBuwv79rpump,WSOL-wDOG,WSOL,So11111111111111111111111111111111111111112,wDOG,GYKmdfcUmZVrqfcH1g579BGjuzSRijj3LBuwv79rpump,310074.75,14834.89,365823.68,556536.2,2,14,16,1,2,400,20000
320,So11111111111111111111111111111111111111112-GFUgXbMeDnLkhZaJS3nYFqunqkFNMRo9ukhyajeXpump,WSOL-EVAN,WSOL,So11111111111111111111111111111111111111112,EVAN,GFUgXbMeDnLkhZaJS3nYFqunqkFNMRo9ukhyajeXpump,232054.08,14041.14,93771.29,591581.93,2,0,2,1,2,400,20000
321,So11111111111111111111111111111111111111112-8vSwZHKP5WJ8ov6awAntB31Kuyh6NYVwi3qmyZsiivRE,WSOL-SNP500,WSOL,So11111111111111111111111111111111111111112,SNP500,8vSwZHKP5WJ8ov6awAntB31Kuyh6NYVwi3qmyZsiivRE,71106.2,13881.79,79072.99,801055.63,2,0,2,1,2,400,20000
322,So11111111111111111111111111111111111111112-FqnqT1GKi8S4Gyk5wnSKvJjXW48HqGtKJt9WS4o2pump,WSOL-Bakso,WSOL,So11111111111111111111111111111111111111112,Bakso,FqnqT1GKi8S4Gyk5wnSKvJjXW48HqGtKJt9WS4o2pump,88510.25,13858.57,308733.69,337464.14,1,6,7,1,2,400,20000
323,So11111111111111111111111111111111111111112-2HHgCLfKA5Rd1Fn9xAxfYzS3XoR5NnuxKDYz2EmWpump,WSOL-SBR,WSOL,So11111111111111111111111111111111111111112,SBR,2HHgCLfKA5Rd1Fn9xAxfYzS3XoR5NnuxKDYz2EmWpump,152749.28,13761.58,110777.78,565623.31,1,11,12,1,2,400,20000
324,So11111111111111111111111111111111111111112-AaWVpk6eZbgBfVbq1UfXw3EXBmAvw4QXov1xHuG7pump,WSOL-TrenchAI,WSOL,So11111111111111111111111111111111111111112,TrenchAI,AaWVpk6eZbgBfVbq1UfXw3EXBmAvw4QXov1xHuG7pump,148958.23,13600.79,206163.77,686272.12,2,15,17,1,2,400,20000
325,So11111111111111111111111111111111111111112-G8Vy25NzjRmuQtnN35xF7j3X2Z1TrV39XijZu8Mg4w8n,WSOL-COOK,WSOL,So11111111111111111111111111111111111111112,COOK,G8Vy25NzjRmuQtnN35xF7j3X2Z1TrV39XijZu8Mg4w8n,121852.67,13500.78,136576.01,476909.86,2,0,2,1,2,400,20000
326,So11111111111111111111111111111111111111112-ENTxR2RP8NtvhXzMNFCxE1HazzdV9x7SuZqGyAb4jdED,WSOL-ENT,WSOL,So11111111111111111111111111111111111111112,ENT,ENTxR2RP8NtvhXzMNFCxE1HazzdV9x7SuZqGyAb4jdED,318346.82,13061.06,35936.53,109293.02,4,0,4,1,2,400,20000
327,So11111111111111111111111111111111111111112-BEgBsVSKJSxreiCE1XmWWq8arnwit7xDqQXSWYgay9xP,WSOL-WYAC,WSOL,So11111111111111111111111111111111111111112,WYAC,BEgBsVSKJSxreiCE1XmWWq8arnwit7xDqQXSWYgay9xP,249823.13,12808.53,205702.05,630986.33,1,12,13,1,2,400,20000
328,poLisWXnNRwC6oBu1vHiuKQzFjGL4XDSu4g9qjz9qVk-EPjFWdd5AufqSSqeM2qN1xzybapC8G4wEGGkZwyTDt1v,POLIS-USDC,POLIS,poLisWXnNRwC6oBu1vHiuKQzFjGL4XDSu4g9qjz9qVk,USDC,EPjFWdd5AufqSSqeM2qN1xzybapC8G4wEGGkZwyTDt1v,53195.19,12780.02,152493.85,377709.82,1,2,3,1,2,400,20000
329,CQSPU12VppGZB7LeRkEaKzrRBzvo1LyA9mR2ydiwKHaL-So11111111111111111111111111111111111111112,YE-WSOL,YE,CQSPU12VppGZB7LeRkEaKzrRBzvo1LyA9mR2ydiwKHaL,WSOL,So11111111111111111111111111111111111111112,159526.64,12605.55,208904.59,590164.9,1,5,6,1,2,400,20000
330,So11111111111111111111111111111111111111112-ELdqGtj2MhejZzudGfz7b798si2Av5Asuw9ryEQSpump,WSOL-SCARF,WSOL,So11111111111111111111111111111111111111112,SCARF,ELdqGtj2MhejZzudGfz7b798si2Av5Asuw9ryEQSpump,35019.17,12112.2,16548.55,67225.97,1,10,11,1,2,400,20000
331,So11111111111111111111111111111111111111112-77RBCP95AFT9XRsx4xuGUHjBQsjcatGYCZ2VXx8Epump,WSOL-HUAHUA,WSOL,So11111111111111111111111111111111111111112,HUAHUA,77RBCP95AFT9XRsx4xuGUHjBQsjcatGYCZ2VXx8Epump,89125.46,12069.7,232922.6,271132.84,1,5,6,1,2,400,20000
332,So11111111111111111111111111111111111111112-CS7LmjtuugEUWtFgfyto79nrksKigv7Fdcp9qPuigdLs,WSOL-Manyu,WSOL,So11111111111111111111111111111111111111112,Manyu,CS7LmjtuugEUWtFgfyto79nrksKigv7Fdcp9qPuigdLs,221437.13,11787.45,551843.17,712507.08,2,10,12,1,2,400,20000
333,EPjFWdd5AufqSSqeM2qN1xzybapC8G4wEGGkZwyTDt1v-Hg8bKz4mvs8KNj9zew1cEF9tDw1x2GViB4RFZjVEmfrD,USDC-,USDC,EPjFWdd5AufqSSqeM2qN1xzybapC8G4wEGGkZwyTDt1v,,Hg8bKz4mvs8KNj9zew1cEF9tDw1x2GViB4RFZjVEmfrD,29349.23,11630.37,58300.48,71754.42,2,0,2,1,2,400,20000
334,49ztDWXk7qEfz8Y1t8owmhLhewiA3ptVNPpRGAjRd8Wh-So11111111111111111111111111111111111111112,NYAN-WSOL,NYAN,49ztDWXk7qEfz8Y1t8owmhLhewiA3ptVNPpRGAjRd8Wh,WSOL,So11111111111111111111111111111111111111112,90826.99,11498.1,119744.03,540324.59,2,5,7,1,2,400,20000
335,So11111111111111111111111111111111111111112-AnGzGiQ6ddzdqWDuWy6vmibqDv8rsT2QKhcgDrwTpump,WSOL-GAYCOIN,WSOL,So11111111111111111111111111111111111111112,GAYCOIN,AnGzGiQ6ddzdqWDuWy6vmibqDv8rsT2QKhcgDrwTpump,143890.27,11195.04,190545.29,1775202.63,1,9,10,1,2,400,20000
336,So11111111111111111111111111111111111111112-EoRe4xECTe9imaYtwfdmrGoinD2S1N5yMeu1LrjQpump,WSOL-MWOR,WSOL,So11111111111111111111111111111111111111112,MWOR,EoRe4xECTe9imaYtwfdmrGoinD2S1N5yMeu1LrjQpump,62120.65,10993.57,52456.57,462072.08,2,0,2,1,2,400,20000
337,So11111111111111111111111111111111111111112-B5UsiUYcTD3PcQa8r2uXcVgRmDL8jUYuXPiYjrY7pump,WSOL-SOLA,WSOL,So11111111111111111111111111111111111111112,SOLA,B5UsiUYcTD3PcQa8r2uXcVgRmDL8jUYuXPiYjrY7pump,165221.14,10693.26,282602.64,1140835.64,2,14,16,1,2,400,20000
338,7qmWe2vUhhV1PJyN5aYUK3D5gBPkyFiwc4x5FrDcnTHZ-So11111111111111111111111111111111111111112,UPONLY-WSOL,UPONLY,7qmWe2vUhhV1PJyN5aYUK3D5gBPkyFiwc4x5FrDcnTHZ,WSOL,So11111111111111111111111111111111111111112,21318.42,10495.86,17281.47,10005318.01,2,0,2,1,2,400,20000
339,AuQaustGiaqxRvj2gtCdrd22PBzTn8kM3kEPEkZCtuDw-EPjFWdd5AufqSSqeM2qN1xzybapC8G4wEGGkZwyTDt1v,ADX-USDC,ADX,AuQaustGiaqxRvj2gtCdrd22PBzTn8kM3kEPEkZCtuDw,USDC,EPjFWdd5AufqSSqeM2qN1xzybapC8G4wEGGkZwyTDt1v,141909.3,10413.33,63402.47,402774.31,2,8,10,1,2,400,20000
340,So11111111111111111111111111111111111111112-6gh8b2mqUrVb6Ew8Mwt89tNyN9keCDNstzT5cdp5pump,WSOL-VOID,WSOL,So11111111111111111111111111111111111111112,VOID,6gh8b2mqUrVb6Ew8Mwt89tNyN9keCDNstzT5cdp5pump,97353.86,10247.08,44221.56,104782.48,3,0,3,1,2,400,20000
341,So11111111111111111111111111111111111111112-8NCievmJCg2d9Vc2TWgz2HkE6ANeSX7kwvdq5AL7pump,WSOL-BUNKER,WSOL,So11111111111111111111111111111111111111112,BUNKER,8NCievmJCg2d9Vc2TWgz2HkE6ANeSX7kwvdq5AL7pump,63852.6,9997.89,55050.7,335976.91,1,2,3,1,2,400,20000
342,So11111111111111111111111111111111111111112-2xK7SDPUY1oCwch8G8guUPtTSGiAQCbZykR5Y4dCpump,WSOL-STONES,WSOL,So11111111111111111111111111111111111111112,STONES,2xK7SDPUY1oCwch8G8guUPtTSGiAQCbZykR5Y4dCpump,70983.76,9855.27,30633.97,67737.56,2,0,2,1,2,400,20000
343,So11111111111111111111111111111111111111112-EmhVWGUa2Q9PN4QjzFjvuVyzFKg4s3ERwjKR9dQDpump,WSOL-DTF,WSOL,So11111111111111111111111111111111111111112,DTF,EmhVWGUa2Q9PN4QjzFjvuVyzFKg4s3ERwjKR9dQDpump,223366.73,9706.05,200170.08,890185.47,2,0,2,1,2,400,20000
344,So11111111111111111111111111111111111111112-229vWzBTiUNdraYpVtSH9usTwwVxcyPDbBWf1zEPpump,WSOL-CALVIN,WSOL,So11111111111111111111111111111111111111112,CALVIN,229vWzBTiUNdraYpVtSH9usTwwVxcyPDbBWf1zEPpump,150645.82,9704.42,63545.53,135002.96,2,3,5,1,2,400,20000
345,E2BGnzHdJNUBtAVR7EyQMuEMHqgv65JL8J9ZyqyXUVvA-So11111111111111111111111111111111111111112,CHINA-WSOL,CHINA,E2BGnzHdJNUBtAVR7EyQMuEMHqgv65JL8J9ZyqyXUVvA,WSOL,So11111111111111111111111111111111111111112,91353.59,9689.51,91630.54,246692.67,1,5,6,1,2,400,20000
346,So11111111111111111111111111111111111111112-pepo1CFNU2RXf7yXX7HNXazXwxsq8WrPvDHpHriwoLY,WSOL-PEPO,WSOL,So11111111111111111111111111111111111111112,PEPO,pepo1CFNU2RXf7yXX7HNXazXwxsq8WrPvDHpHriwoLY,108322.52,9587.21,24887.32,37760.94,3,1,4,1,2,400,20000
347,So11111111111111111111111111111111111111112-GxdTh6udNstGmLLk9ztBb6bkrms7oLbrJp5yzUaVpump,WSOL-scihub,WSOL,So11111111111111111111111111111111111111112,scihub,GxdTh6udNstGmLLk9ztBb6bkrms7oLbrJp5yzUaVpump,278100.38,9457.06,152737.43,654419.89,2,10,12,1,2,400,20000
348,So11111111111111111111111111111111111111112-ECY31gWwxy4s2VnMkYhmqDkrV75KrwR2yTtsnrnSpump,WSOL-BARRON,WSOL,So11111111111111111111111111111111111111112,BARRON,ECY31gWwxy4s2VnMkYhmqDkrV75KrwR2yTtsnrnSpump,407146.36,9341.33,115983.65,1354253.09,2,21,23,1,2,400,20000
349,So11111111111111111111111111111111111111112-on1ymEH2bpWnhkten2jibzDVhaxJ8RpyWYwS61aQ7M4,WSOL-ONLYBLINK,WSOL,So11111111111111111111111111111111111111112,ONLYBLINK,on1ymEH2bpWnhkten2jibzDVhaxJ8RpyWYwS61aQ7M4,83444.29,9170.07,89149.04,153860.39,1,9,10,1,2,400,20000
350,So11111111111111111111111111111111111111112-nosXBVoaCTtYdLvKY6Csb4AC8JCdQKKAaWYtx2ZMoo7,WSOL-NOS,WSOL,So11111111111111111111111111111111111111112,NOS,nosXBVoaCTtYdLvKY6Csb4AC8JCdQKKAaWYtx2ZMoo7,27095.76,8615.78,146299.44,167907.71,2,12,14,1,2,400,20000
351,So11111111111111111111111111111111111111112-CTgiaZUK12kCcB8sosn4Nt2NZtzLgtPqDwyQyr2syATC,WSOL-BITCOIN,WSOL,So11111111111111111111111111111111111111112,BITCOIN,CTgiaZUK12kCcB8sosn4Nt2NZtzLgtPqDwyQyr2syATC,288853.51,8565.76,389513.42,1035072.13,1,4,5,1,2,400,20000
352,So11111111111111111111111111111111111111112-7d5uLATMiAoRC1n9yNc7VCrhx44H6bjEzDx7Gxuhpump,WSOL-SSR,WSOL,So11111111111111111111111111111111111111112,SSR,7d5uLATMiAoRC1n9yNc7VCrhx44H6bjEzDx7Gxuhpump,113011.6,8472.93,62597.83,266627.53,3,0,3,1,2,400,20000
353,So11111111111111111111111111111111111111112-CHVggq5Bu2UKLB1MQtLciDV3UKv5hwLkJwA14egApump,WSOL-momo,WSOL,So11111111111111111111111111111111111111112,momo,CHVggq5Bu2UKLB1MQtLciDV3UKv5hwLkJwA14egApump,80203.74,8336.93,100215.58,677689.53,1,8,9,1,2,400,20000
354,C2nneybCJP2i6mk6Nu6SfTcxoNXNLjngnzwDgje2eNrr-So11111111111111111111111111111111111111112,JHH-WSOL,JHH,C2nneybCJP2i6mk6Nu6SfTcxoNXNLjngnzwDgje2eNrr,WSOL,So11111111111111111111111111111111111111112,152546.13,8192.94,102359.76,363978.61,1,5,6,1,2,400,20000
355,D2JGRcNqq1mLzyL4ruCb27pzYw8FF3nTK4hMz6GmMW56-So11111111111111111111111111111111111111112,🫃-WSOL,🫃,D2JGRcNqq1mLzyL4ruCb27pzYw8FF3nTK4hMz6GmMW56,WSOL,So11111111111111111111111111111111111111112,32022.43,8145.13,47312.31,124888.25,2,0,2,1,2,400,20000
356,So11111111111111111111111111111111111111112-Ep5tnKTSkLDeQ12ctS3RhQNcbcApkcyJcGPgHh4dpump,WSOL-CRYING,WSOL,So11111111111111111111111111111111111111112,CRYING,Ep5tnKTSkLDeQ12ctS3RhQNcbcApkcyJcGPgHh4dpump,67175.41,8145.11,28050.86,36818.73,1,4,5,1,2,400,20000
357,So11111111111111111111111111111111111111112-2KgAN8nLAU74wjiyKi85m4ZT6Z9MtqrUTGfse8Xapump,WSOL-SHEGEN,WSOL,So11111111111111111111111111111111111111112,SHEGEN,2KgAN8nLAU74wjiyKi85m4ZT6Z9MtqrUTGfse8Xapump,216838.49,8037.3,144971.51,364320.76,3,0,3,1,2,400,20000
358,So11111111111111111111111111111111111111112-3Rcc6tMyS7ZEa29dxV4g3J5StorS9J1dn98gd42pZTk1,WSOL-MIMANY,WSOL,So11111111111111111111111111111111111111112,MIMANY,3Rcc6tMyS7ZEa29dxV4g3J5StorS9J1dn98gd42pZTk1,128804.53,7528.69,35823.83,218468.25,2,10,12,1,2,400,20000
359,So11111111111111111111111111111111111111112-5DQSDg6SGkbsbykq4mQstpcL4d5raEHc6rY7LgBwpump,WSOL-lou,WSOL,So11111111111111111111111111111111111111112,lou,5DQSDg6SGkbsbykq4mQstpcL4d5raEHc6rY7LgBwpump,265850.99,7442.61,193189.79,664172.28,1,16,17,1,2,400,20000
360,So11111111111111111111111111111111111111112-AATECgWF4KjALbpgUXjabqFKHmdtjWdfdFNzCH3ipump,WSOL-ITMT,WSOL,So11111111111111111111111111111111111111112,ITMT,AATECgWF4KjALbpgUXjabqFKHmdtjWdfdFNzCH3ipump,124075.87,7372.34,41648.88,139787.37,1,3,4,1,2,400,20000
361,So11111111111111111111111111111111111111112-B4gipVUHKJ7keVN3MWEYDQCHjkdoXGsbmZoTSJDZpump,WSOL-RADIO ,WSOL,So11111111111111111111111111111111111111112,RADIO ,B4gipVUHKJ7keVN3MWEYDQCHjkdoXGsbmZoTSJDZpump,147549.75,7329.53,78519.55,256162.29,1,7,8,1,2,400,20000
362,So11111111111111111111111111111111111111112-orcaEKTdK7LKz57vaAYr9QeNsVEPfiu6QeMU1kektZE,WSOL-ORCA,WSOL,So11111111111111111111111111111111111111112,ORCA,orcaEKTdK7LKz57vaAYr9QeNsVEPfiu6QeMU1kektZE,26513.9,7145.79,99488.99,549731.28,1,13,14,1,2,400,20000
363,So11111111111111111111111111111111111111112-mm7g78aMJZv8QB4Q15qbsM3UQJZWof85vwC2NSxRh2Q,WSOL-YURU,WSOL,So11111111111111111111111111111111111111112,YURU,mm7g78aMJZv8QB4Q15qbsM3UQJZWof85vwC2NSxRh2Q,137043.22,7013.02,9029.72,63613.79,2,0,2,1,2,400,20000
364,So11111111111111111111111111111111111111112-GwkEDwePTa6aFosh9xzAniGK1zvLrQ5yPJfLnqwmuyhG,WSOL-HYPERSKIDS,WSOL,So11111111111111111111111111111111111111112,HYPERSKIDS,GwkEDwePTa6aFosh9xzAniGK1zvLrQ5yPJfLnqwmuyhG,34419.76,6989.51,352833.96,1084855.9,1,12,13,1,2,400,20000
365,So11111111111111111111111111111111111111112-A3vBwL3Pd6nkBqVo87D6TLWYG4ekWuDeqCoLFeyvRMcb,WSOL-SUMMIT,WSOL,So11111111111111111111111111111111111111112,SUMMIT,A3vBwL3Pd6nkBqVo87D6TLWYG4ekWuDeqCoLFeyvRMcb,151554.03,6866.94,96091.14,843975.74,2,0,2,1,2,400,20000
366,So11111111111111111111111111111111111111112-5SKLS8gvhJgAtmtmRr7SQg7NjoehutwK3vAzYPAYpump,WSOL-UPONLY,WSOL,So11111111111111111111111111111111111111112,UPONLY,5SKLS8gvhJgAtmtmRr7SQg7NjoehutwK3vAzYPAYpump,113372.6,6853.24,165951.45,509309.99,1,6,7,1,2,400,20000
367,So11111111111111111111111111111111111111112-71AZt4P5kc5vpfTJR1HjNbMzD84G7vxam4DtL3kJpump,WSOL-blormmy,WSOL,So11111111111111111111111111111111111111112,blormmy,71AZt4P5kc5vpfTJR1HjNbMzD84G7vxam4DtL3kJpump,414000.18,6802.43,152807.1,930779.68,1,9,10,1,2,400,20000
368,FYa25XnBsXQXAdTnsyKBKd5gZ1VZhChBRF57CqfRxJZX-So11111111111111111111111111111111111111112,monk-WSOL,monk,FYa25XnBsXQXAdTnsyKBKd5gZ1VZhChBRF57CqfRxJZX,WSOL,So11111111111111111111111111111111111111112,217248.76,6701.38,261318.21,383994.5,2,7,9,1,2,400,20000
369,So11111111111111111111111111111111111111112-7t1T28iMh5GsW8oTMx52x3u3M3hDbaY8psbL3rZ6BMrn,WSOL-TrackedBio,WSOL,So11111111111111111111111111111111111111112,TrackedBio,7t1T28iMh5GsW8oTMx52x3u3M3hDbaY8psbL3rZ6BMrn,80116.39,6531.27,57797.07,71972.65,2,6,8,1,2,400,20000
370,So11111111111111111111111111111111111111112-J1ow1c3ExcJYQmgNFRPfCp1LMYRf6P3A33isDcBmpump,WSOL-ZODs,WSOL,So11111111111111111111111111111111111111112,ZODs,J1ow1c3ExcJYQmgNFRPfCp1LMYRf6P3A33isDcBmpump,170564.13,6405.74,179507.02,291194.63,1,4,5,1,2,400,20000
371,So11111111111111111111111111111111111111112-2H3JJzBPeKzeUrFYspo7HWUW7YtVSYYM1C4z2wuiSREV,WSOL-RIBBIT,WSOL,So11111111111111111111111111111111111111112,RIBBIT,2H3JJzBPeKzeUrFYspo7HWUW7YtVSYYM1C4z2wuiSREV,20261.44,6345.28,68189.18,68189.18,2,0,2,1,2,400,20000
372,So11111111111111111111111111111111111111112-3fGoNjPohYRVPk9iJuwEW5WuURU5gmAdSRgNgeaanexQ,WSOL-KEYDOG,WSOL,So11111111111111111111111111111111111111112,KEYDOG,3fGoNjPohYRVPk9iJuwEW5WuURU5gmAdSRgNgeaanexQ,64795.54,6248.22,55254.79,92919.89,2,2,4,1,2,400,20000
373,So11111111111111111111111111111111111111112-DexxZWtZd8hdmeth9gKYXgTWa1VYdMVrWFBZ9RXXXhBn,WSOL-Kekec,WSOL,So11111111111111111111111111111111111111112,Kekec,DexxZWtZd8hdmeth9gKYXgTWa1VYdMVrWFBZ9RXXXhBn,32595.32,5910.12,47434.85,134726.13,3,3,6,1,2,400,20000
374,8c71AvjQeKKeWRe8jtTGG1bJ2WiYXQdbjqFbUfhHgSVk-So11111111111111111111111111111111111111112,$GARY-WSOL,$GARY,8c71AvjQeKKeWRe8jtTGG1bJ2WiYXQdbjqFbUfhHgSVk,WSOL,So11111111111111111111111111111111111111112,189505.21,5730.75,49809.96,107871.91,3,0,3,1,2,400,20000
375,So11111111111111111111111111111111111111112-GqmEdRD3zGUZdYPeuDeXxCc8Cj1DBmGSYK97TCwSpump,WSOL-e/acc,WSOL,So11111111111111111111111111111111111111112,e/acc,GqmEdRD3zGUZdYPeuDeXxCc8Cj1DBmGSYK97TCwSpump,198438.51,5691.4,161456.99,307140.9,1,7,8,1,2,400,20000
376,So11111111111111111111111111111111111111112-8fZL148nnC168RAVCZh4PkjvMZmxMEfMLDhoziWVPnqf,WSOL-NiggaButt,WSOL,So11111111111111111111111111111111111111112,NiggaButt,8fZL148nnC168RAVCZh4PkjvMZmxMEfMLDhoziWVPnqf,212835.98,5568.77,158365.68,408057.87,2,0,2,1,2,400,20000
377,So11111111111111111111111111111111111111112-GRFK7sv4KhkMzJ7BXDUBy4PLyZVBeXuW1FeaT6Mnpump,WSOL-RICH,WSOL,So11111111111111111111111111111111111111112,RICH,GRFK7sv4KhkMzJ7BXDUBy4PLyZVBeXuW1FeaT6Mnpump,98856.2,5532.26,86156.23,381577.97,1,8,9,1,2,400,20000
378,So11111111111111111111111111111111111111112-AXGmqhcKcPC4bC7vNpxGtu5oEwoEEnyeQUdw9YwYWF1q,WSOL-URKO,WSOL,So11111111111111111111111111111111111111112,URKO,AXGmqhcKcPC4bC7vNpxGtu5oEwoEEnyeQUdw9YwYWF1q,50038.42,5440.44,36514.76,102727.99,3,0,3,1,2,400,20000
379,So11111111111111111111111111111111111111112-2KchKijPuwnwC92LPWVjFjRwB3WxKtzx9bbXZ7kRpump,WSOL-FUKU,WSOL,So11111111111111111111111111111111111111112,FUKU,2KchKijPuwnwC92LPWVjFjRwB3WxKtzx9bbXZ7kRpump,106452.16,5429.74,76597.17,309629.06,2,8,10,1,2,400,20000
380,So11111111111111111111111111111111111111112-BjjvKX5k7gQoGRmvQAA5WMr7EkQ2cirGTSGxAznDpump,WSOL-EARL,WSOL,So11111111111111111111111111111111111111112,EARL,BjjvKX5k7gQoGRmvQAA5WMr7EkQ2cirGTSGxAznDpump,79537.31,5369.31,54115.87,230394.27,1,10,11,1,2,400,20000
381,So11111111111111111111111111111111111111112-CmpuL8k9KY3NrpfDRoJrVmuwd1zRMFRUxX55avyGpump,WSOL-Jarvis,WSOL,So11111111111111111111111111111111111111112,Jarvis,CmpuL8k9KY3NrpfDRoJrVmuwd1zRMFRUxX55avyGpump,90692.47,5340.54,178535.48,288686.99,1,3,4,1,2,400,20000
382,So11111111111111111111111111111111111111112-69veVD4oo3QbJzXrAH7Rans8sue68AsgYyirWUrxSQUy,WSOL-HENTAI6900,WSOL,So11111111111111111111111111111111111111112,HENTAI6900,69veVD4oo3QbJzXrAH7Rans8sue68AsgYyirWUrxSQUy,27430.09,5285.54,24313.72,90746.32,2,0,2,1,2,400,20000
383,Av6qVigkb7USQyPXJkUvAEm4f599WTRvd75PUWBA9eNm-So11111111111111111111111111111111111111112,COST-WSOL,COST,Av6qVigkb7USQyPXJkUvAEm4f599WTRvd75PUWBA9eNm,WSOL,So11111111111111111111111111111111111111112,218164.35,5166.64,251578.7,473997.26,2,0,2,1,2,400,20000
384,So11111111111111111111111111111111111111112-ERzsfG1aVp8YgDFXSFBNbEQ4YWsNgNVKgsBDVfDs6Jdh,WSOL-DrOdin,WSOL,So11111111111111111111111111111111111111112,DrOdin,ERzsfG1aVp8YgDFXSFBNbEQ4YWsNgNVKgsBDVfDs6Jdh,21672.39,5102.99,12170.59,35274.36,2,0,2,1,2,400,20000
385,So11111111111111111111111111111111111111112-BDW8YHasD3NSDjSHU9Xy6KXtshGayMGQfj5bJpLcpump,WSOL-HTERM,WSOL,So11111111111111111111111111111111111111112,HTERM,BDW8YHasD3NSDjSHU9Xy6KXtshGayMGQfj5bJpLcpump,82121.8,4989.74,67835.68,444271.77,1,10,11,1,2,400,20000
386,So11111111111111111111111111111111111111112-6n7Janary9fqzxKaJVrhL9TG2F61VbAtwUMu1YZscaQS,WSOL-Hobbes,WSOL,So11111111111111111111111111111111111111112,Hobbes,6n7Janary9fqzxKaJVrhL9TG2F61VbAtwUMu1YZscaQS,173721.61,4961.22,493223.91,792631.71,1,9,10,1,2,400,20000
387,So11111111111111111111111111111111111111112-APoM2sXUzdRHTkUjXSsdUheX1wPPdP4HFLotmtRNMU8P,WSOL-rot,WSOL,So11111111111111111111111111111111111111112,rot,APoM2sXUzdRHTkUjXSsdUheX1wPPdP4HFLotmtRNMU8P,80833.78,4834.72,36478.15,103343.73,1,9,10,1,2,400,20000
388,So11111111111111111111111111111111111111112-97Mbx6Jym1iEkQdVfLf5PMWL5tARGnQ5na5jhR9Lpump,WSOL-PILLZUMI,WSOL,So11111111111111111111111111111111111111112,PILLZUMI,97Mbx6Jym1iEkQdVfLf5PMWL5tARGnQ5na5jhR9Lpump,58258.82,4781.0,62813.63,125755.36,1,8,9,1,2,400,20000
389,So11111111111111111111111111111111111111112-BXNGghGbqrt2PcM3Y2Une5fD4kbU6VVSPC4uPjf8pump,WSOL-FYBN,WSOL,So11111111111111111111111111111111111111112,FYBN,BXNGghGbqrt2PcM3Y2Une5fD4kbU6VVSPC4uPjf8pump,223136.06,4697.83,57213.62,443081.4,3,0,3,1,2,400,20000
390,8c71AvjQeKKeWRe8jtTGG1bJ2WiYXQdbjqFbUfhHgSVk-EPjFWdd5AufqSSqeM2qN1xzybapC8G4wEGGkZwyTDt1v,$GARY-USDC,$GARY,8c71AvjQeKKeWRe8jtTGG1bJ2WiYXQdbjqFbUfhHgSVk,USDC,EPjFWdd5AufqSSqeM2qN1xzybapC8G4wEGGkZwyTDt1v,315673.2,4679.11,51891.74,97628.44,2,0,2,1,2,400,20000
391,So11111111111111111111111111111111111111112-E3enwdJowhDeRe3f7mMwAZGVkJ5aWEtPUGRusP2Jpump,WSOL-UNIPCS,WSOL,So11111111111111111111111111111111111111112,UNIPCS,E3enwdJowhDeRe3f7mMwAZGVkJ5aWEtPUGRusP2Jpump,48097.53,4541.58,432230.66,723714.47,2,0,2,1,2,400,20000
392,GENEtH5amGSi8kHAtQoezp1XEXwZJ8vcuePYnXdKrMYz-EPjFWdd5AufqSSqeM2qN1xzybapC8G4wEGGkZwyTDt1v,GENE-USDC,GENE,GENEtH5amGSi8kHAtQoezp1XEXwZJ8vcuePYnXdKrMYz,USDC,EPjFWdd5AufqSSqeM2qN1xzybapC8G4wEGGkZwyTDt1v,30271.41,4536.9,52316.36,237894.09,1,3,4,1,2,400,20000
393,So11111111111111111111111111111111111111112-3UYS3XXYC9yWvNyBWFKqqb5w9YQfX65RQzoAKd8jEUCB,WSOL-WING,WSOL,So11111111111111111111111111111111111111112,WING,3UYS3XXYC9yWvNyBWFKqqb5w9YQfX65RQzoAKd8jEUCB,94313.96,4525.03,27614.02,88952.15,4,0,4,1,2,400,20000
394,So11111111111111111111111111111111111111112-Gh8yeA9vH5Fun7J6esFH3mV65cQTBpxk9Z5XpzU7pump,WSOL-RHUN,WSOL,So11111111111111111111111111111111111111112,RHUN,Gh8yeA9vH5Fun7J6esFH3mV65cQTBpxk9Z5XpzU7pump,98682.99,4452.63,66071.4,186102.06,1,6,7,1,2,400,20000
395,So11111111111111111111111111111111111111112-G6haJithfeUgSghVpu1rDPCq2NFiYcJFHNpHEANbpump,WSOL-RM9000,WSOL,So11111111111111111111111111111111111111112,RM9000,G6haJithfeUgSghVpu1rDPCq2NFiYcJFHNpHEANbpump,111731.61,4317.54,27588.82,127405.14,1,7,8,1,2,400,20000
396,8CkiSHHJDHJV4LUoiRMLUhqG58cUkbyJRtcP4Z3mCXNf-So11111111111111111111111111111111111111112,POWSCHE-WSOL,POWSCHE,8CkiSHHJDHJV4LUoiRMLUhqG58cUkbyJRtcP4Z3mCXNf,WSOL,So11111111111111111111111111111111111111112,132913.17,4285.44,27827.31,145231.23,1,2,3,1,2,400,20000
397,So11111111111111111111111111111111111111112-5Wd2ALxQfnpgQKCyH4WL9giBiiuuLuJs84CJxfQccvmN,WSOL-speed,WSOL,So11111111111111111111111111111111111111112,speed,5Wd2ALxQfnpgQKCyH4WL9giBiiuuLuJs84CJxfQccvmN,108523.32,4211.02,77749.28,140805.18,1,6,7,1,2,400,20000
398,So11111111111111111111111111111111111111112-3vJenGaGsuKG5shPhi7rjnuy3MV6xjmBTGjYqYzXpump,WSOL-RAT,WSOL,So11111111111111111111111111111111111111112,RAT,3vJenGaGsuKG5shPhi7rjnuy3MV6xjmBTGjYqYzXpump,125616.37,4092.95,104494.2,170411.73,2,0,2,1,2,400,20000
399,So11111111111111111111111111111111111111112-GjWBV4Z3HVEQKQB9BCwou1KiUzKs6j2fSohUtGGAiPD7,WSOL-,WSOL,So11111111111111111111111111111111111111112,,GjWBV4Z3HVEQKQB9BCwou1KiUzKs6j2fSohUtGGAiPD7,62248.62,4076.95,39341.04,99552.91,2,0,2,1,2,400,20000
400,RAPRz9fd87y9qcBGj1VVqUbbUM6DaBggSDA58zc3N2b-EPjFWdd5AufqSSqeM2qN1xzybapC8G4wEGGkZwyTDt1v,RAPR-USDC,RAPR,RAPRz9fd87y9qcBGj1VVqUbbUM6DaBggSDA58zc3N2b,USDC,EPjFWdd5AufqSSqeM2qN1xzybapC8G4wEGGkZwyTDt1v,95190.76,3926.32,210926.25,858967.49,2,0,2,1,2,400,20000
401,So11111111111111111111111111111111111111112-RufNMBEbKJr6CM1t3nwakZ3BaE9csF2AR15s32VWcRE,WSOL-MIRA,WSOL,So11111111111111111111111111111111111111112,MIRA,RufNMBEbKJr6CM1t3nwakZ3BaE9csF2AR15s32VWcRE,147177.87,3924.17,12564.04,31173.27,2,12,14,1,2,400,20000
402,So11111111111111111111111111111111111111112-AzC1u8NPdpS6DVBs8Mv3P6egZ2AhN9KaGaY64xVMpump,WSOL-DEEBO,WSOL,So11111111111111111111111111111111111111112,DEEBO,AzC1u8NPdpS6DVBs8Mv3P6egZ2AhN9KaGaY64xVMpump,47626.92,3897.61,38104.13,77989.56,1,13,14,1,2,400,20000
403,WENWENvqqNya429ubCdR81ZmD69brwQaaBYY6p3LCpk-So11111111111111111111111111111111111111112,WEN-WSOL,WEN,WENWENvqqNya429ubCdR81ZmD69brwQaaBYY6p3LCpk,WSOL,So11111111111111111111111111111111111111112,22133.28,3885.16,79704.67,214967.3,3,19,22,1,2,400,20000
404,So11111111111111111111111111111111111111112-AT7RRrFhBU1Dw1WghdgAqeNKNXKomDFXm77owQgppump,WSOL-CHONK,WSOL,So11111111111111111111111111111111111111112,CHONK,AT7RRrFhBU1Dw1WghdgAqeNKNXKomDFXm77owQgppump,115179.62,3802.37,8579.57,30369.9,2,2,4,1,2,400,20000
405,So11111111111111111111111111111111111111112-Bw5K8eZaf361uDLHgX2UUn1PNfC7XtgQVvY9sSappump,WSOL-MANA,WSOL,So11111111111111111111111111111111111111112,MANA,Bw5K8eZaf361uDLHgX2UUn1PNfC7XtgQVvY9sSappump,154523.89,3736.21,95341.18,547452.09,2,10,12,1,2,400,20000
406,So11111111111111111111111111111111111111112-8vCAUbxejdtaxn6jnX5uaQTyTZLmXALg9u1bvFCAjtx7,WSOL-ZACK,WSOL,So11111111111111111111111111111111111111112,ZACK,8vCAUbxejdtaxn6jnX5uaQTyTZLmXALg9u1bvFCAjtx7,190889.54,3694.8,37779.52,120542.71,2,0,2,1,2,400,20000
407,So11111111111111111111111111111111111111112-2q8Y8rubbsaaA3faq8Ytsk382JXgtKdn23qjNXhSpump,WSOL-ROSS,WSOL,So11111111111111111111111111111111111111112,ROSS,2q8Y8rubbsaaA3faq8Ytsk382JXgtKdn23qjNXhSpump,404751.86,3658.4,85403.42,318127.14,4,9,13,1,2,400,20000
408,ENoD8J2J6wNHkcJkvVBkwq5JMiR1oNBfBZRkoHCQogyT-So11111111111111111111111111111111111111112,AABL-WSOL,AABL,ENoD8J2J6wNHkcJkvVBkwq5JMiR1oNBfBZRkoHCQogyT,WSOL,So11111111111111111111111111111111111111112,77964.2,3619.29,38320.58,161483.32,1,5,6,1,2,400,20000
409,So11111111111111111111111111111111111111112-Cg93SZJkHePybZqGDuyXLf5Ag5sB2cpWfHUG8wNPpump,WSOL-alpha,WSOL,So11111111111111111111111111111111111111112,alpha,Cg93SZJkHePybZqGDuyXLf5Ag5sB2cpWfHUG8wNPpump,110005.1,3550.75,55962.45,390000.12,1,8,9,1,2,400,20000
410,So11111111111111111111111111111111111111112-Bhu2wBWxfWkRJ6pFn5NodnEvMCqj9DLfCU5qMvt7pump,WSOL-CHATOSHI,WSOL,So11111111111111111111111111111111111111112,CHATOSHI,Bhu2wBWxfWkRJ6pFn5NodnEvMCqj9DLfCU5qMvt7pump,599189.89,3487.07,54078.19,507033.38,2,0,2,1,2,400,20000
411,So11111111111111111111111111111111111111112-5gVSqhk41VA8U6U4Pvux6MSxFWqgptm3w58X9UTGpump,WSOL-ClubMoon,WSOL,So11111111111111111111111111111111111111112,ClubMoon,5gVSqhk41VA8U6U4Pvux6MSxFWqgptm3w58X9UTGpump,46096.72,3445.51,12247.84,41215.6,3,0,3,1,2,400,20000
412,So11111111111111111111111111111111111111112-AbrMJWfDVRZ2EWCQ1xSCpoVeVgZNpq1U2AoYG98oRXfn,WSOL-Cheese,WSOL,So11111111111111111111111111111111111111112,Cheese,AbrMJWfDVRZ2EWCQ1xSCpoVeVgZNpq1U2AoYG98oRXfn,112812.31,3433.23,46435.74,190752.56,1,7,8,1,2,400,20000
413,So11111111111111111111111111111111111111112-5UmDWgyLV1JBg8Jr8NwyezXdQkiU3vHGJu2efm7Cpump,WSOL-AGENCY,WSOL,So11111111111111111111111111111111111111112,AGENCY,5UmDWgyLV1JBg8Jr8NwyezXdQkiU3vHGJu2efm7Cpump,107776.4,3407.77,50797.44,167753.72,2,7,9,1,2,400,20000
414,So11111111111111111111111111111111111111112-HhUVkZ1qz8vfMqZDemLyxBFxrHFKVSYAk7a6227Lpump,WSOL-LI,WSOL,So11111111111111111111111111111111111111112,LI,HhUVkZ1qz8vfMqZDemLyxBFxrHFKVSYAk7a6227Lpump,272327.54,3356.96,57599.69,170613.28,2,7,9,1,2,400,20000
415,So11111111111111111111111111111111111111112-GTiMaW6FNPLrWNVLYk5KkLApxiHvCwbGr9KdueGypump,WSOL-isaac,WSOL,So11111111111111111111111111111111111111112,isaac,GTiMaW6FNPLrWNVLYk5KkLApxiHvCwbGr9KdueGypump,61247.35,3215.35,56995.5,72858.29,1,5,6,1,2,400,20000
416,So11111111111111111111111111111111111111112-E4wg8YF472u8oiLvSNKB84Y23gZhkSQ3PSCJaUj4pump,WSOL-LEXICON,WSOL,So11111111111111111111111111111111111111112,LEXICON,E4wg8YF472u8oiLvSNKB84Y23gZhkSQ3PSCJaUj4pump,96118.53,3189.93,24441.0,46253.21,1,12,13,1,2,400,20000
417,Bhu2wBWxfWkRJ6pFn5NodnEvMCqj9DLfCU5qMvt7pump-EPjFWdd5AufqSSqeM2qN1xzybapC8G4wEGGkZwyTDt1v,CHATOSHI-USDC,CHATOSHI,Bhu2wBWxfWkRJ6pFn5NodnEvMCqj9DLfCU5qMvt7pump,USDC,EPjFWdd5AufqSSqeM2qN1xzybapC8G4wEGGkZwyTDt1v,289315.46,3181.2,23560.79,169027.47,3,0,3,1,2,400,20000
418,So11111111111111111111111111111111111111112-GLPdQwGtjcynj3RLraenPeR9v1REnpdyuciPBpVipump,WSOL-SCOUT,WSOL,So11111111111111111111111111111111111111112,SCOUT,GLPdQwGtjcynj3RLraenPeR9v1REnpdyuciPBpVipump,117200.25,3103.04,43227.45,68106.54,1,11,12,1,2,400,20000
419,6DSqVXg9WLTWgz6LACqxN757QdHe1sCqkUfojWmxWtok-So11111111111111111111111111111111111111112,CORN-WSOL,CORN,6DSqVXg9WLTWgz6LACqxN757QdHe1sCqkUfojWmxWtok,WSOL,So11111111111111111111111111111111111111112,93779.55,3100.29,21270.52,82544.78,1,5,6,1,2,400,20000
420,So11111111111111111111111111111111111111112-8PVFdKx7fX1FmmoASfTu5CUPEWuD1WY73Z24UTgCpump,WSOL-MPUP,WSOL,So11111111111111111111111111111111111111112,MPUP,8PVFdKx7fX1FmmoASfTu5CUPEWuD1WY73Z24UTgCpump,79141.23,3083.01,42208.23,92210.61,1,3,4,1,2,400,20000
421,So11111111111111111111111111111111111111112-5Kh2xc7X2qfRig2DZyGkuEXw7jeXUXoei7U6GBjfpump,WSOL-SEDUX,WSOL,So11111111111111111111111111111111111111112,SEDUX,5Kh2xc7X2qfRig2DZyGkuEXw7jeXUXoei7U6GBjfpump,34772.99,3078.42,11250.07,27146.89,1,3,4,1,2,400,20000
422,So11111111111111111111111111111111111111112-9UNqoPEXXxEnEphmyYsZYdL5dnmAUtdiKRUchpnUF5Ph,WSOL-$WHISKEY,WSOL,So11111111111111111111111111111111111111112,$WHISKEY,9UNqoPEXXxEnEphmyYsZYdL5dnmAUtdiKRUchpnUF5Ph,314207.4,3030.06,47099.18,197315.85,2,0,2,1,2,400,20000
423,So11111111111111111111111111111111111111112-6bn6rKWbTRAQwizwqEfcmpAtoAMnqzfG7F8DYMK5reYn,WSOL-WOJAK,WSOL,So11111111111111111111111111111111111111112,WOJAK,6bn6rKWbTRAQwizwqEfcmpAtoAMnqzfG7F8DYMK5reYn,25124.93,2995.36,42722.06,157797.89,2,0,2,1,2,400,20000
424,So11111111111111111111111111111111111111112-HKKagAnZBoJPWS4z5AZ5bErB7Uj6u2mkLo4ysD7mpump,WSOL-ANCHOVY,WSOL,So11111111111111111111111111111111111111112,ANCHOVY,HKKagAnZBoJPWS4z5AZ5bErB7Uj6u2mkLo4ysD7mpump,25513.96,2919.69,10255.68,39262.02,2,0,2,1,2,400,20000
425,So11111111111111111111111111111111111111112-ES1KLhatf4uiDs4Gt5MJkNMCKdYzcwaJnKWt5fTn1ca2,WSOL-BBC,WSOL,So11111111111111111111111111111111111111112,BBC,ES1KLhatf4uiDs4Gt5MJkNMCKdYzcwaJnKWt5fTn1ca2,51939.68,2712.46,26927.23,101637.49,1,2,3,1,2,400,20000
426,So11111111111111111111111111111111111111112-2aWos2YsA6YjN5DHX77diRUx7SKMg7H1U8hqL2N1iy5o,WSOL-GRFT,WSOL,So11111111111111111111111111111111111111112,GRFT,2aWos2YsA6YjN5DHX77diRUx7SKMg7H1U8hqL2N1iy5o,73942.81,2665.26,28128.98,91106.14,2,2,4,1,2,400,20000
427,Comai3YgiVY2p5ep635Pk4P6jNQHNhigvzeTcB6V7dyj-So11111111111111111111111111111111111111112,wCOMAI-WSOL,wCOMAI,Comai3YgiVY2p5ep635Pk4P6jNQHNhigvzeTcB6V7dyj,WSOL,So11111111111111111111111111111111111111112,32604.2,2595.93,30134.61,97891.65,2,0,2,1,2,400,20000
428,So11111111111111111111111111111111111111112-361pUXTPohPEgcnCVm7DUvNziizK37gVxLN3cw9Vpump,WSOL-CHORUZ,WSOL,So11111111111111111111111111111111111111112,CHORUZ,361pUXTPohPEgcnCVm7DUvNziizK37gVxLN3cw9Vpump,80005.85,2580.17,29112.7,170060.27,1,4,5,1,2,400,20000
429,So11111111111111111111111111111111111111112-zi87E9xtFPRQ2o9qqerFxUDQLZgEkHrhpHDxxZhYi9a,WSOL-SUPA,WSOL,So11111111111111111111111111111111111111112,SUPA,zi87E9xtFPRQ2o9qqerFxUDQLZgEkHrhpHDxxZhYi9a,45944.22,2395.37,30971.69,157585.57,1,8,9,1,2,400,20000
430,So11111111111111111111111111111111111111112-CbUPTbC4K7zdAEWxfa1nad4468xpX3LpWPhZVnzybhfN,WSOL-WAIT,WSOL,So11111111111111111111111111111111111111112,WAIT,CbUPTbC4K7zdAEWxfa1nad4468xpX3LpWPhZVnzybhfN,57060.08,2373.05,145178.02,149749.5,1,6,7,1,2,400,20000
431,So11111111111111111111111111111111111111112-7Yg9Lzgsvjy49mf3LdGyfmn2tT2rGBDUc77267SUpump,WSOL-300BAUD,WSOL,So11111111111111111111111111111111111111112,300BAUD,7Yg9Lzgsvjy49mf3LdGyfmn2tT2rGBDUc77267SUpump,76296.99,2316.71,34113.08,98631.33,1,11,12,1,2,400,20000
432,2YxixFk9sdoB9BPXpkeyW53fE3Kqo9U1mQ46S3z2bEYE-EPjFWdd5AufqSSqeM2qN1xzybapC8G4wEGGkZwyTDt1v,EYE-USDC,EYE,2YxixFk9sdoB9BPXpkeyW53fE3Kqo9U1mQ46S3z2bEYE,USDC,EPjFWdd5AufqSSqeM2qN1xzybapC8G4wEGGkZwyTDt1v,185311.72,2270.05,96352.94,284879.16,2,0,2,1,2,400,20000
433,orairHM3Yw2PbTfCty1PXy7tEUx3uBMfjouNbm4KnRJ-So11111111111111111111111111111111111111112,JPOW-WSOL,JPOW,orairHM3Yw2PbTfCty1PXy7tEUx3uBMfjouNbm4KnRJ,WSOL,So11111111111111111111111111111111111111112,44553.1,2184.36,41052.14,138229.88,2,0,2,1,2,400,20000
434,So11111111111111111111111111111111111111112-76PsEyML7UV9uiBDWMdG3itRRuupDuRs6nNpjNBpump,WSOL-PPCOIN,WSOL,So11111111111111111111111111111111111111112,PPCOIN,76PsEyML7UV9uiBDWMdG3itRRuupDuRs6nNpjNBpump,92124.57,2160.17,95230.65,191806.57,1,6,7,1,2,400,20000
435,So11111111111111111111111111111111111111112-CPcf58MNikQw2G23kTVWQevRDeFDpdxMH7KkR7Lhpump,WSOL-DOBBY,WSOL,So11111111111111111111111111111111111111112,DOBBY,CPcf58MNikQw2G23kTVWQevRDeFDpdxMH7KkR7Lhpump,50210.86,2068.84,19800.06,104019.63,3,0,3,1,2,400,20000
436,So11111111111111111111111111111111111111112-ByXTsen3ftsd7SsqgXpSZqrEeoMV8Smhz1vox9j6pump,WSOL-SUCHIR,WSOL,So11111111111111111111111111111111111111112,SUCHIR,ByXTsen3ftsd7SsqgXpSZqrEeoMV8Smhz1vox9j6pump,86017.82,2043.51,16688.59,236899.18,1,15,16,1,2,400,20000
437,So11111111111111111111111111111111111111112-3u4XvCjmTmQmcvjoxo1z8y3wnRdtnCuv6N9WkiE6FJvH,WSOL-FUNGI,WSOL,So11111111111111111111111111111111111111112,FUNGI,3u4XvCjmTmQmcvjoxo1z8y3wnRdtnCuv6N9WkiE6FJvH,130658.19,2035.71,19224.02,149067.12,1,1,2,1,2,400,20000
438,3FoUAsGDbvTD6YZ4wVKJgTB76onJUKz7GPEBNiR5b8wc-EPjFWdd5AufqSSqeM2qN1xzybapC8G4wEGGkZwyTDt1v,CHEEMS-USDC,CHEEMS,3FoUAsGDbvTD6YZ4wVKJgTB76onJUKz7GPEBNiR5b8wc,USDC,EPjFWdd5AufqSSqeM2qN1xzybapC8G4wEGGkZwyTDt1v,68964.03,1948.83,33509.86,378747.04,2,0,2,1,2,400,20000
439,So11111111111111111111111111111111111111112-7KuFdcfzbc3LLoRHNRWfW1dhbPNzuCv41hyYbfSUpump,WSOL-TDS,WSOL,So11111111111111111111111111111111111111112,TDS,7KuFdcfzbc3LLoRHNRWfW1dhbPNzuCv41hyYbfSUpump,67613.25,1872.52,19408.66,244772.43,2,7,9,1,2,400,20000
440,DFL1zNkaGPWm1BqAVqRjCZvHmwTFrEaJtbzJWgseoNJh-EPjFWdd5AufqSSqeM2qN1xzybapC8G4wEGGkZwyTDt1v,DFL-USDC,DFL,DFL1zNkaGPWm1BqAVqRjCZvHmwTFrEaJtbzJWgseoNJh,USDC,EPjFWdd5AufqSSqeM2qN1xzybapC8G4wEGGkZwyTDt1v,59346.55,1866.8,8340.11,26273.21,2,4,6,1,2,400,20000
441,MM8o3Sk58NufoS8Zds7MYTC1LcStfCaqinN5T2pdNtp-So11111111111111111111111111111111111111112,ETFS-WSOL,ETFS,MM8o3Sk58NufoS8Zds7MYTC1LcStfCaqinN5T2pdNtp,WSOL,So11111111111111111111111111111111111111112,150996.24,1844.48,12848.78,231444.21,5,0,5,1,2,400,20000
442,8CuPzHKuZQUyYbear8fi3u6iuTY652WVZT2cHZ2yeNbE-So11111111111111111111111111111111111111112,EARN-WSOL,EARN,8CuPzHKuZQUyYbear8fi3u6iuTY652WVZT2cHZ2yeNbE,WSOL,So11111111111111111111111111111111111111112,161741.31,1826.42,23307.7,47934.14,3,0,3,1,2,400,20000
443,So11111111111111111111111111111111111111112-M5MFPbS4X6eYek21xhFU38DTavMLuGY9eyC5p8Tpump,WSOL-ZACHXBT,WSOL,So11111111111111111111111111111111111111112,ZACHXBT,M5MFPbS4X6eYek21xhFU38DTavMLuGY9eyC5p8Tpump,96891.04,1774.62,5500.71,14073.3,2,0,2,1,2,400,20000
444,So11111111111111111111111111111111111111112-9XS6ayT8aCaoH7tDmTgNyEXRLeVpgyHKtZk5xTXpump,WSOL-Mizuki,WSOL,So11111111111111111111111111111111111111112,Mizuki,9XS6ayT8aCaoH7tDmTgNyEXRLeVpgyHKtZk5xTXpump,97362.92,1773.98,37667.71,138816.95,1,11,12,1,2,400,20000
445,So11111111111111111111111111111111111111112-HdzMjvQvFP9nxp1X2NbHFptZK1G6ASsyRcxNdn65ABxi,WSOL-BULLIEVE,WSOL,So11111111111111111111111111111111111111112,BULLIEVE,HdzMjvQvFP9nxp1X2NbHFptZK1G6ASsyRcxNdn65ABxi,85952.32,1761.72,16919.9,27637.73,1,4,5,1,2,400,20000
446,So11111111111111111111111111111111111111112-Bx74hpFiaiBbSonrjyqxjGfAA7gRxM2CeKiy31uN6biR,WSOL-gomu,WSOL,So11111111111111111111111111111111111111112,gomu,Bx74hpFiaiBbSonrjyqxjGfAA7gRxM2CeKiy31uN6biR,113876.06,1721.95,65283.76,153191.76,1,9,10,1,2,400,20000
447,So11111111111111111111111111111111111111112-9pnDLVWmWyccy6HhZKcCiwrQEBX1UHQ5ikKPo5xrpump,WSOL-THURSTON,WSOL,So11111111111111111111111111111111111111112,THURSTON,9pnDLVWmWyccy6HhZKcCiwrQEBX1UHQ5ikKPo5xrpump,41192.71,1712.38,10221.71,84263.57,2,0,2,1,2,400,20000
448,So11111111111111111111111111111111111111112-DAMqxQRG5FKsnMNXEdBQMdTSiz86b5BziH4p6FS6pump,WSOL-brokie,WSOL,So11111111111111111111111111111111111111112,brokie,DAMqxQRG5FKsnMNXEdBQMdTSiz86b5BziH4p6FS6pump,67492.14,1654.53,29835.18,40402.74,2,0,2,1,2,400,20000
449,So11111111111111111111111111111111111111112-3DyT1fDosT42GT7srFmv5m2VuzU9AB68QknwWY6Kpump,WSOL-unl,WSOL,So11111111111111111111111111111111111111112,unl,3DyT1fDosT42GT7srFmv5m2VuzU9AB68QknwWY6Kpump,24478.54,1654.11,6331.01,15062.46,2,0,2,1,2,400,20000
450,So11111111111111111111111111111111111111112-4xieJTWvYfWGTdZYjxZNePjqGu74NexmcjLUpfFLVAPx,WSOL-CYB,WSOL,So11111111111111111111111111111111111111112,CYB,4xieJTWvYfWGTdZYjxZNePjqGu74NexmcjLUpfFLVAPx,28410.91,1629.07,17996.25,93304.57,2,3,5,1,2,400,20000
451,So11111111111111111111111111111111111111112-FR382Gv7RxrEb2q1MZkP9athyJC9rUBt8M2jKfyKpump,WSOL-Jarvis,WSOL,So11111111111111111111111111111111111111112,Jarvis,FR382Gv7RxrEb2q1MZkP9athyJC9rUBt8M2jKfyKpump,44112.02,1589.33,12637.18,65272.02,1,4,5,1,2,400,20000
452,So11111111111111111111111111111111111111112-tqrRt3AsuGa3aYYSvABMDrPJEWVzpAnh3p6LxXGpump,WSOL-ponzi,WSOL,So11111111111111111111111111111111111111112,ponzi,tqrRt3AsuGa3aYYSvABMDrPJEWVzpAnh3p6LxXGpump,49918.79,1582.29,23583.88,231133.62,1,7,8,1,2,400,20000
453,So11111111111111111111111111111111111111112-27T4BetBEXjxfqeUb7WWcCz8rKPUJuxNu2CGzApPpump,WSOL-CUBA,WSOL,So11111111111111111111111111111111111111112,CUBA,27T4BetBEXjxfqeUb7WWcCz8rKPUJuxNu2CGzApPpump,93671.41,1569.78,4753.12,8639.18,2,9,11,1,2,400,20000
454,So11111111111111111111111111111111111111112-J5tzd1ww1V1qrgDUQHVCGqpmpbnEnjzGs9LAqJxwkNde,WSOL-FRN,WSOL,So11111111111111111111111111111111111111112,FRN,J5tzd1ww1V1qrgDUQHVCGqpmpbnEnjzGs9LAqJxwkNde,28003.54,1536.07,3220.5,10424.51,2,0,2,1,2,400,20000
455,So11111111111111111111111111111111111111112-5qsZAnWuR7vMJbiznrJEY2ddVqZXjNYmFvR3eXSxpump,WSOL-Focai,WSOL,So11111111111111111111111111111111111111112,Focai,5qsZAnWuR7vMJbiznrJEY2ddVqZXjNYmFvR3eXSxpump,50929.8,1511.51,19495.08,197748.39,2,0,2,1,2,400,20000
456,So11111111111111111111111111111111111111112-8Cd7wXoPb5Yt9cUGtmHNqAEmpMDrhfcVqnGbLC48b8Qm,WSOL-LEO,WSOL,So11111111111111111111111111111111111111112,LEO,8Cd7wXoPb5Yt9cUGtmHNqAEmpMDrhfcVqnGbLC48b8Qm,68875.32,1503.22,48481.4,80467.04,2,0,2,1,2,400,20000
457,So11111111111111111111111111111111111111112-B8hCuoikV9gLeuwmTyhNdLbPnb5k3P77Q7WTtEM7pump,WSOL-HOLO,WSOL,So11111111111111111111111111111111111111112,HOLO,B8hCuoikV9gLeuwmTyhNdLbPnb5k3P77Q7WTtEM7pump,72825.72,1445.54,13648.14,131709.76,1,17,18,1,2,400,20000
458,AD27ov5fVU2XzwsbvnFvb1JpCBaCB5dRXrczV9CqSVGb-EPjFWdd5AufqSSqeM2qN1xzybapC8G4wEGGkZwyTDt1v,REAL-USDC,REAL,AD27ov5fVU2XzwsbvnFvb1JpCBaCB5dRXrczV9CqSVGb,USDC,EPjFWdd5AufqSSqeM2qN1xzybapC8G4wEGGkZwyTDt1v,73638.28,1378.31,10031.21,148377.9,2,0,2,1,2,400,20000
459,So11111111111111111111111111111111111111112-FqvtZ2UFR9we82Ni4LeacC1zyTiQ77usDo31DUokpump,WSOL-$slop,WSOL,So11111111111111111111111111111111111111112,$slop,FqvtZ2UFR9we82Ni4LeacC1zyTiQ77usDo31DUokpump,112121.18,1377.41,11212.99,29022.52,1,13,14,1,2,400,20000
460,So11111111111111111111111111111111111111112-CwdjgD54hgTQChspxHhirWLQWqy3EsxtndrcpLBqpump,WSOL-GOBI,WSOL,So11111111111111111111111111111111111111112,GOBI,CwdjgD54hgTQChspxHhirWLQWqy3EsxtndrcpLBqpump,45494.96,1339.78,49954.83,99666.07,1,12,13,1,2,400,20000
461,So11111111111111111111111111111111111111112-2iygm3ZBu3YRDiJREMrZTLayffBJBShTrhEe9iyYpump,WSOL-UP,WSOL,So11111111111111111111111111111111111111112,UP,2iygm3ZBu3YRDiJREMrZTLayffBJBShTrhEe9iyYpump,33984.3,1274.64,33485.79,80031.79,2,0,2,1,2,400,20000
462,F23fFqpRNsmWjuUrFpfM1pvoVvMSpLuN6hY978Y1JXLt-So11111111111111111111111111111111111111112,USDCAT-WSOL,USDCAT,F23fFqpRNsmWjuUrFpfM1pvoVvMSpLuN6hY978Y1JXLt,WSOL,So11111111111111111111111111111111111111112,50902.25,1255.03,13263.45,21792.56,1,3,4,1,2,400,20000
463,So11111111111111111111111111111111111111112-89nnWMkWeF9LSJvAWcN2JFQfeWdDk6diKEckeToEU1hE,WSOL-sora,WSOL,So11111111111111111111111111111111111111112,sora,89nnWMkWeF9LSJvAWcN2JFQfeWdDk6diKEckeToEU1hE,84223.57,1209.88,19927.91,133731.27,2,13,15,1,2,400,20000
464,So11111111111111111111111111111111111111112-FViZQJymuQ9FaxmpudCQS7ffJUt4udHzwJKPBiy7pump,WSOL-PanterAI,WSOL,So11111111111111111111111111111111111111112,PanterAI,FViZQJymuQ9FaxmpudCQS7ffJUt4udHzwJKPBiy7pump,22890.22,1173.74,10683.36,21249.5,1,1,2,1,2,400,20000
465,piinKrjeiUVwhnXzsgNCV2aVGsBc4GwHQ9eCtkAgcTw-So11111111111111111111111111111111111111112,piin-WSOL,piin,piinKrjeiUVwhnXzsgNCV2aVGsBc4GwHQ9eCtkAgcTw,WSOL,So11111111111111111111111111111111111111112,72914.27,1172.7,24344.1,95395.92,3,0,3,1,2,400,20000
466,So11111111111111111111111111111111111111112-97RggLo3zV5kFGYW4yoQTxr4Xkz4Vg2WPHzNYXXWpump,WSOL-MTM,WSOL,So11111111111111111111111111111111111111112,MTM,97RggLo3zV5kFGYW4yoQTxr4Xkz4Vg2WPHzNYXXWpump,47802.54,1141.77,2244.04,8063.01,1,5,6,1,2,400,20000
467,So11111111111111111111111111111111111111112-DwDtUqBZJtbRpdjsFw3N7YKB5epocSru25BGcVhfcYtg,WSOL-WORM,WSOL,So11111111111111111111111111111111111111112,WORM,DwDtUqBZJtbRpdjsFw3N7YKB5epocSru25BGcVhfcYtg,124618.26,1139.18,66518.9,117143.74,2,16,18,1,2,400,20000
468,So11111111111111111111111111111111111111112-jUpa2aDCzvdR9EF4fqDXmuyMUkonPTohphABLmRkRFj,WSOL-RIFT,WSOL,So11111111111111111111111111111111111111112,RIFT,jUpa2aDCzvdR9EF4fqDXmuyMUkonPTohphABLmRkRFj,374536.58,1133.99,49303.23,115584.4,3,12,15,1,2,400,20000
469,JDwzFSxcUvLubUb9xAuuZNvh4bbcEJcuM9TezpmRHVWF-So11111111111111111111111111111111111111112,doodoo-WSOL,doodoo,JDwzFSxcUvLubUb9xAuuZNvh4bbcEJcuM9TezpmRHVWF,WSOL,So11111111111111111111111111111111111111112,537661.86,1072.37,24698.12,63137.21,2,0,2,1,2,400,20000
470,So11111111111111111111111111111111111111112-Agentfk87X48g37uPprEZaQtizDvnSQVeTqVjAtmbhd3,WSOL-$SOULS,WSOL,So11111111111111111111111111111111111111112,$SOULS,Agentfk87X48g37uPprEZaQtizDvnSQVeTqVjAtmbhd3,51504.56,1011.39,8392.62,26182.41,1,8,9,1,2,400,20000
471,oraiJP7H3LAt57DkFXNLDbLdBFNRRPvS8jg2j5AZkd9-So11111111111111111111111111111111111111112,GNRT-WSOL,GNRT,oraiJP7H3LAt57DkFXNLDbLdBFNRRPvS8jg2j5AZkd9,WSOL,So11111111111111111111111111111111111111112,54540.37,978.11,18544.19,46995.38,2,7,9,1,2,400,20000
472,So11111111111111111111111111111111111111112-BYMCXiiA4om347ChR4t6bYHzkKJwnULLAg72BeDdpump,WSOL-LORE,WSOL,So11111111111111111111111111111111111111112,LORE,BYMCXiiA4om347ChR4t6bYHzkKJwnULLAg72BeDdpump,41961.6,965.01,10474.53,323503.26,2,0,2,1,2,400,20000
473,So11111111111111111111111111111111111111112-DqrcZRHM9JuCUhnLyaWF7rLLjxE5h3MbiG7iferUpump,WSOL-CATG,WSOL,So11111111111111111111111111111111111111112,CATG,DqrcZRHM9JuCUhnLyaWF7rLLjxE5h3MbiG7iferUpump,46715.29,916.47,66752.84,392140.63,2,17,19,1,2,400,20000
474,So11111111111111111111111111111111111111112-GVxCVNbMrnRFztSXMDFAheoN7JJdSTr1dTawrmwXPh2n,WSOL-MSTASH,WSOL,So11111111111111111111111111111111111111112,MSTASH,GVxCVNbMrnRFztSXMDFAheoN7JJdSTr1dTawrmwXPh2n,28221.95,846.62,7881.45,37523.45,2,0,2,1,2,400,20000
475,So11111111111111111111111111111111111111112-2wUGjvMqXusgfzYP3Vj149bSM9MwTPLS4maxkdGfpump,WSOL-SOLENG,WSOL,So11111111111111111111111111111111111111112,SOLENG,2wUGjvMqXusgfzYP3Vj149bSM9MwTPLS4maxkdGfpump,56724.64,815.14,5182.01,128392.42,1,5,6,1,2,400,20000
476,HfYFjMKNZygfMC8LsQ8LtpPsPxEJoXJx4M6tqi75Hajo-EPjFWdd5AufqSSqeM2qN1xzybapC8G4wEGGkZwyTDt1v,CWAR-USDC,CWAR,HfYFjMKNZygfMC8LsQ8LtpPsPxEJoXJx4M6tqi75Hajo,USDC,EPjFWdd5AufqSSqeM2qN1xzybapC8G4wEGGkZwyTDt1v,65605.55,755.53,9058.31,38557.22,2,0,2,1,2,400,20000
477,So11111111111111111111111111111111111111112-6mZ76DjmTYhtEGLcVSEyeS5VcByHauxpw6oYQL4spump,WSOL-0x0x,WSOL,So11111111111111111111111111111111111111112,0x0x,6mZ76DjmTYhtEGLcVSEyeS5VcByHauxpw6oYQL4spump,49989.94,748.2,21325.17,55876.0,1,3,4,1,2,400,20000
478,So11111111111111111111111111111111111111112-28YzheH23A58kUGPpEvwyE4kh5iU4FQAHnsUxYY4SNtQ,WSOL-Idiot,WSOL,So11111111111111111111111111111111111111112,Idiot,28YzheH23A58kUGPpEvwyE4kh5iU4FQAHnsUxYY4SNtQ,24210.13,738.36,19365.42,120502.91,2,0,2,1,2,400,20000
479,So11111111111111111111111111111111111111112-CwsQd329uL1ccxT3my2EJCEsciT1CUfk2BUmPF8Ppump,WSOL-DATAWITCH,WSOL,So11111111111111111111111111111111111111112,DATAWITCH,CwsQd329uL1ccxT3my2EJCEsciT1CUfk2BUmPF8Ppump,42572.44,721.59,18550.46,94403.21,1,6,7,1,2,400,20000
480,So11111111111111111111111111111111111111112-HmAgiwjjP9CXqK5wQNsHKtjAt2CH3Kv8Q7xH5kGL2nqZ,WSOL-Barron,WSOL,So11111111111111111111111111111111111111112,Barron,HmAgiwjjP9CXqK5wQNsHKtjAt2CH3Kv8Q7xH5kGL2nqZ,151258.23,690.61,29239.2,186128.84,2,0,2,1,2,400,20000
481,SCSuPPNUSypLBsV4darsrYNg4ANPgaGhKhsA3GmMyjz-So11111111111111111111111111111111111111112,SCS-WSOL,SCS,SCSuPPNUSypLBsV4darsrYNg4ANPgaGhKhsA3GmMyjz,WSOL,So11111111111111111111111111111111111111112,29625.51,685.77,10781.03,39752.4,1,9,10,1,2,400,20000
482,So11111111111111111111111111111111111111112-6xbPNG5m1PPJh8ts9B9zxeqgjkjkgdbxxJp8gJqpsEFK,WSOL-$BTC25,WSOL,So11111111111111111111111111111111111111112,$BTC25,6xbPNG5m1PPJh8ts9B9zxeqgjkjkgdbxxJp8gJqpsEFK,96062.73,682.92,3300.46,7626.01,2,0,2,1,2,400,20000
483,E1R4RF89GcKxz62DVfojxDJteLFFs8rtiXcGcrx5HbTj-EPjFWdd5AufqSSqeM2qN1xzybapC8G4wEGGkZwyTDt1v,$MATRIX-USDC,$MATRIX,E1R4RF89GcKxz62DVfojxDJteLFFs8rtiXcGcrx5HbTj,USDC,EPjFWdd5AufqSSqeM2qN1xzybapC8G4wEGGkZwyTDt1v,129214.97,663.31,4809.43,26195.02,2,0,2,1,2,400,20000
484,So11111111111111111111111111111111111111112-HaL8cPcEZgwLaCbwyf6aAPh7rhw7iHck22zFXSNjpump,WSOL-Claude,WSOL,So11111111111111111111111111111111111111112,Claude,HaL8cPcEZgwLaCbwyf6aAPh7rhw7iHck22zFXSNjpump,61257.49,643.56,14630.51,490983.88,2,3,5,1,2,400,20000
485,So11111111111111111111111111111111111111112-FCzioYCxRXWbFAoG1pBmAsWXnEFdLLs5znH2azwjJ2fY,WSOL-🧛,WSOL,So11111111111111111111111111111111111111112,🧛,FCzioYCxRXWbFAoG1pBmAsWXnEFdLLs5znH2azwjJ2fY,32699.92,613.98,7699.43,19574.81,3,1,4,1,2,400,20000
486,2idBzH45gfXFEhivcQVTXVgQGUDhX8scXoZwAiTQUT6L-So11111111111111111111111111111111111111112,PINGU-WSOL,PINGU,2idBzH45gfXFEhivcQVTXVgQGUDhX8scXoZwAiTQUT6L,WSOL,So11111111111111111111111111111111111111112,78878.73,588.75,927.39,2252.6,2,0,2,1,2,400,20000
487,4f9Nc1vPWvcbGP9Zfi6TWD9tApyMgBrqmXexNZnR4Wmo-So11111111111111111111111111111111111111112,GOATSE-WSOL,GOATSE,4f9Nc1vPWvcbGP9Zfi6TWD9tApyMgBrqmXexNZnR4Wmo,WSOL,So11111111111111111111111111111111111111112,21458.35,571.17,4743.25,13461.37,2,0,2,1,2,400,20000
488,So11111111111111111111111111111111111111112-8EHC2gfTLDb2eGQfjm17mVNLWPGRc9YVD75bepZ2nZJa,WSOL-$dicki,WSOL,So11111111111111111111111111111111111111112,$dicki,8EHC2gfTLDb2eGQfjm17mVNLWPGRc9YVD75bepZ2nZJa,28682.05,560.13,4760.39,18148.02,1,9,10,1,2,400,20000
489,So11111111111111111111111111111111111111112-J7Q9gHS3FoXideE6Yk43gQPk7YMbr3wi15FGChVzpump,WSOL-HYPER,WSOL,So11111111111111111111111111111111111111112,HYPER,J7Q9gHS3FoXideE6Yk43gQPk7YMbr3wi15FGChVzpump,36156.95,552.98,825.71,3288.53,2,0,2,1,2,400,20000
490,So11111111111111111111111111111111111111112-92crE7qiX5T7VtiXhCeagfo1E81UtyguiXM7qCi7pump,WSOL-create,WSOL,So11111111111111111111111111111111111111112,create,92crE7qiX5T7VtiXhCeagfo1E81UtyguiXM7qCi7pump,60415.1,514.04,19847.16,106112.28,2,5,7,1,2,400,20000
491,So11111111111111111111111111111111111111112-7uJrMsDN2Wxdc3VAq1iK9N5AHaTA7wUpbm1wqRonpump,WSOL-BETH,WSOL,So11111111111111111111111111111111111111112,BETH,7uJrMsDN2Wxdc3VAq1iK9N5AHaTA7wUpbm1wqRonpump,72069.55,509.35,63002.5,259312.32,3,0,3,1,2,400,20000
492,So11111111111111111111111111111111111111112-HCq9orwso55TowciCZkD3Yb7c74iHYRGvQrubz4ppump,WSOL-SSEC,WSOL,So11111111111111111111111111111111111111112,SSEC,HCq9orwso55TowciCZkD3Yb7c74iHYRGvQrubz4ppump,49350.25,491.29,21972.58,32907.4,2,0,2,1,2,400,20000
493,A6qrLQUcnWE8ZHgScmxhiTpMs4EmAkZd2PErHFwCq1ML-So11111111111111111111111111111111111111112,Deal-WSOL,Deal,A6qrLQUcnWE8ZHgScmxhiTpMs4EmAkZd2PErHFwCq1ML,WSOL,So11111111111111111111111111111111111111112,37524.61,467.57,55490.56,55490.56,3,0,3,1,2,400,20000
494,So11111111111111111111111111111111111111112-5bs3kHmjo1F3ZL42scfYyx9re3hhnayZYF8NkUr5D8HE,WSOL-SOAP,WSOL,So11111111111111111111111111111111111111112,SOAP,5bs3kHmjo1F3ZL42scfYyx9re3hhnayZYF8NkUr5D8HE,89324.39,449.8,14059.82,191889.34,2,0,2,1,2,400,20000
495,So11111111111111111111111111111111111111112-2gEVZRM4Uobtv381Uk5fZ8y1qLqqLVrWndr9e7XF1b1T,WSOL-POT,WSOL,So11111111111111111111111111111111111111112,POT,2gEVZRM4Uobtv381Uk5fZ8y1qLqqLVrWndr9e7XF1b1T,79805.6,444.25,3239.59,15820.24,2,0,2,1,2,400,20000
496,So11111111111111111111111111111111111111112-45ZAM7JK8ZGHuBQiJ8kvhdiVdiQGsTQGgt3gRAEQpump,WSOL-Asha,WSOL,So11111111111111111111111111111111111111112,Asha,45ZAM7JK8ZGHuBQiJ8kvhdiVdiQGsTQGgt3gRAEQpump,67974.06,438.99,11456.1,36574.06,1,8,9,1,2,400,20000
497,So11111111111111111111111111111111111111112-HmfNGq7kxE6ppMDGW87xPuMU6wnKbeYBZf76K7t33w3s,WSOL-KOHLER,WSOL,So11111111111111111111111111111111111111112,KOHLER,HmfNGq7kxE6ppMDGW87xPuMU6wnKbeYBZf76K7t33w3s,79017.82,425.65,20698.77,56240.22,1,3,4,1,2,400,20000
498,So11111111111111111111111111111111111111112-FwzpNxnabjZvc8QCnV6qPEBKxqLxSyjobc5Etdgxpump,WSOL-ALR,WSOL,So11111111111111111111111111111111111111112,ALR,FwzpNxnabjZvc8QCnV6qPEBKxqLxSyjobc5Etdgxpump,50495.55,415.42,12267.53,57644.38,2,8,10,1,2,400,20000
499,So11111111111111111111111111111111111111112-BivtZFQ5mVdjMM3DQ8vxzvhKKiVs27fz1YUF8bRFdKKc,WSOL-FLAME,WSOL,So11111111111111111111111111111111111111112,FLAME,BivtZFQ5mVdjMM3DQ8vxzvhKKiVs27fz1YUF8bRFdKKc,34691.59,413.38,1292.57,11175.77,1,6,7,1,2,400,20000
500,So11111111111111111111111111111111111111112-5G7xzLhXSrLaw8utPNAada8WPdQPZ4Dm6sddhuUckibr,WSOL-IBR,WSOL,So11111111111111111111111111111111111111112,IBR,5G7xzLhXSrLaw8utPNAada8WPdQPZ4Dm6sddhuUckibr,23375.9,406.03,2977.82,9120.65,2,0,2,1,2,400,20000
