No.,pair_name,display_pair_name,token_1_name,token_1_address,token_2_name,token_2_address,total_tvl,total_day_volume,total_week_volume,total_month_volume,raydium_pool_count,meteora_pool_count,sum_of_raydium_and_meteora_pool_count,required_raydium_pool_count,required_sum_of_raydium_and_meteora_pool_count,required_total_day_trade_volume,required_minimum_total_tvl
1,So11111111111111111111111111111111111111112-Ey59PH7Z4BFU4HjyKnyMdWt5GGN76KazTAwQihoUXRnk,WSOL-PASTERNAK,WSOL,So11111111111111111111111111111111111111112,PASTERNAK,Ey59PH7Z4BFU4HjyKnyMdWt5GGN76KazTAwQihoUXRnk,1957772.05,76260187.94,95765137.13,130677756.03,4,8,12,1,2,400,20000
2,ukHH6c7mMyiWCf1b9pnWe25TSpkDDt3H5pQZgZ74J82-So11111111111111111111111111111111111111112,BOME-WSOL,BOME,ukHH6c7mMyiWCf1b9pnWe25TSpkDDt3H5pQZgZ74J82,WSOL,So11111111111111111111111111111111111111112,35461761.97,26583976.91,78804545.62,116947853.14,3,6,9,1,2,400,20000
3,So11111111111111111111111111111111111111112-Dz9mQ9NzkBcCsuGPFJ3r1bS4wgqKMHBPiVuniW8Mbonk,WSOL-USELESS,WSOL,So11111111111111111111111111111111111111112,USELESS,Dz9mQ9NzkBcCsuGPFJ3r1bS4wgqKMHBPiVuniW8Mbonk,677997.38,21877567.0,81296386.83,81296386.83,2,12,14,1,2,400,20000
4,So11111111111111111111111111111111111111112-AtortPA9SVbkKmdzu5zg4jxgkR4howvPshorA9jYbonk,WSOL-IKUN,WSOL,So11111111111111111111111111111111111111112,IKUN,AtortPA9SVbkKmdzu5zg4jxgkR4howvPshorA9jYbonk,401779.75,20734880.21,56351264.85,56351264.85,2,12,14,1,2,400,20000
5,So11111111111111111111111111111111111111112-FeR8VBqNRSUD5NtXAj2n3j1dAHkZHfyDktKuLXD4pump,WSOL-jellyjelly,WSOL,So11111111111111111111111111111111111111112,jellyjelly,FeR8VBqNRSUD5NtXAj2n3j1dAHkZHfyDktKuLXD4pump,4225750.82,15806694.4,38581948.36,100991102.61,3,41,44,1,2,400,20000
6,So11111111111111111111111111111111111111112-FtUEW73K6vEYHfbkfpdBZfWpxgQar2HipGdbutEhpump,WSOL-titcoin,WSOL,So11111111111111111111111111111111111111112,titcoin,FtUEW73K6vEYHfbkfpdBZfWpxgQar2HipGdbutEhpump,3217431.28,13152223.32,68035565.93,156211825.18,1,17,18,1,2,400,20000
7,So11111111111111111111111111111111111111112-7tPPYTBKrFLKKnoCwijrsfjAYadyp7GpAmSPUbVwbonk,WSOL-Petunia,WSOL,So11111111111111111111111111111111111111112,Petunia,7tPPYTBKrFLKKnoCwijrsfjAYadyp7GpAmSPUbVwbonk,353154.14,11457478.87,19856516.84,19856516.84,1,5,6,1,2,400,20000
8,So11111111111111111111111111111111111111112-dpfZvKKTu2CEJ9zJz28Cu733m1zGbuQk9FS7T8wpump,WSOL-ICM,WSOL,So11111111111111111111111111111111111111112,ICM,dpfZvKKTu2CEJ9zJz28Cu733m1zGbuQk9FS7T8wpump,565041.5,10896601.88,14553241.59,14857168.38,2,9,11,1,2,400,20000
9,9wK8yN6iz1ie5kEJkvZCTxyN1x5sTdNfx8yeMY8Ebonk-So11111111111111111111111111111111111111112,Hosico-WSOL,Hosico,9wK8yN6iz1ie5kEJkvZCTxyN1x5sTdNfx8yeMY8Ebonk,WSOL,So11111111111111111111111111111111111111112,1404377.04,10308714.56,52419802.12,177929910.57,3,13,16,1,2,400,20000
10,7BgBvyjrZX1YKz4oh9mjb8ZScatkkwb8DzFx7LoiVkM3-So11111111111111111111111111111111111111112,SLERF-WSOL,SLERF,7BgBvyjrZX1YKz4oh9mjb8ZScatkkwb8DzFx7LoiVkM3,WSOL,So11111111111111111111111111111111111111112,54899275.19,8651813.56,38287254.7,62803187.66,2,12,14,1,2,400,20000
11,So11111111111111111111111111111111111111112-Dfh5DzRgSvvCFDoYc2ciTkMrbDfRKybA4SoFbPmApump,WSOL-pippin,WSOL,So11111111111111111111111111111111111111112,pippin,Dfh5DzRgSvvCFDoYc2ciTkMrbDfRKybA4SoFbPmApump,3425923.53,6413090.58,30792328.88,57658464.98,2,26,28,1,2,400,20000
12,So11111111111111111111111111111111111111112-8x5VqbHA8D7NkD52uNuS5nnt3PwA8pLD34ymskeSo2Wn,WSOL-ZEREBRO,WSOL,So11111111111111111111111111111111111111112,ZEREBRO,8x5VqbHA8D7NkD52uNuS5nnt3PwA8pLD34ymskeSo2Wn,7008794.29,6191340.28,32203173.53,138813815.21,3,30,33,1,2,400,20000
13,So11111111111111111111111111111111111111112-8w2PY5u2C53tcoSPN4KCjjuZRDEqhyddBNpsyBBLbonk,WSOL-Bonkify,WSOL,So11111111111111111111111111111111111111112,Bonkify,8w2PY5u2C53tcoSPN4KCjjuZRDEqhyddBNpsyBBLbonk,63654.85,5135714.15,12869595.79,12869595.79,1,4,5,1,2,400,20000
14,So11111111111111111111111111111111111111112-5mbK36SZ7J19An8jFochhQS4of8g6BwUjbeCSxBSoWdp,WSOL-$michi,WSOL,So11111111111111111111111111111111111111112,$michi,5mbK36SZ7J19An8jFochhQS4of8g6BwUjbeCSxBSoWdp,4641045.7,4522973.32,24078015.73,49634696.13,3,17,20,1,2,400,20000
15,So11111111111111111111111111111111111111112-CniPCE4b3s8gSUPhUiyMjXnytrEqUrMfSsnbBjLCpump,WSOL-pwease,WSOL,So11111111111111111111111111111111111111112,pwease,CniPCE4b3s8gSUPhUiyMjXnytrEqUrMfSsnbBjLCpump,1386479.98,4072410.15,19926996.13,64957824.63,3,22,25,1,2,400,20000
16,CDBdbNqmrLu1PcgjrFG52yxg71QnFhBZcUE6PSFdbonk-So11111111111111111111111111111111111111112,LetsBONK-WSOL,LetsBONK,CDBdbNqmrLu1PcgjrFG52yxg71QnFhBZcUE6PSFdbonk,WSOL,So11111111111111111111111111111111111111112,532696.92,4012754.52,19841335.09,154060392.84,3,12,15,1,2,400,20000
17,So11111111111111111111111111111111111111112-AUSD1jCcCyPLybk1YnvPWsHQSrZ46dxwoMniN4N2UEB9,WSOL-AUSD,WSOL,So11111111111111111111111111111111111111112,AUSD,AUSD1jCcCyPLybk1YnvPWsHQSrZ46dxwoMniN4N2UEB9,5542909.34,3583604.99,20690784.98,50529459.3,2,0,2,1,2,400,20000
18,So11111111111111111111111111111111111111112-Hg8bKz4mvs8KNj9zew1cEF9tDw1x2GViB4RFZjVEmfrD,WSOL-,WSOL,So11111111111111111111111111111111111111112,,Hg8bKz4mvs8KNj9zew1cEF9tDw1x2GViB4RFZjVEmfrD,9991236.75,3552417.12,123766385.61,244929722.0,3,0,3,1,2,400,20000
19,So11111111111111111111111111111111111111112-9McvH6w97oewLmPxqQEoHUAv3u5iYMyQ9AeZZhguYf1T,WSOL-Anon,WSOL,So11111111111111111111111111111111111111112,Anon,9McvH6w97oewLmPxqQEoHUAv3u5iYMyQ9AeZZhguYf1T,1463127.55,3455073.9,15046914.11,45512378.8,3,25,28,1,2,400,20000
20,boopkpWqe68MSxLqBGogs8ZbUDN4GXaLhFwNP7mpP1i-EPjFWdd5AufqSSqeM2qN1xzybapC8G4wEGGkZwyTDt1v,BOOP-USDC,BOOP,boopkpWqe68MSxLqBGogs8ZbUDN4GXaLhFwNP7mpP1i,USDC,EPjFWdd5AufqSSqeM2qN1xzybapC8G4wEGGkZwyTDt1v,1382384.51,3322129.85,23864222.51,109826683.37,3,8,11,1,2,400,20000
21,So11111111111111111111111111111111111111112-GekTNfm84QfyP2GdAHZ5AgACBRd69aNmgA5FDhZupump,WSOL-GRIFT,WSOL,So11111111111111111111111111111111111111112,GRIFT,GekTNfm84QfyP2GdAHZ5AgACBRd69aNmgA5FDhZupump,1863374.5,3196762.31,15461935.97,30764715.01,2,17,19,1,2,400,20000
22,So11111111111111111111111111111111111111112-BQX1cjcRHXmrqNtoFWwmE5bZj7RPneTmqXB979b2pump,WSOL-Italianrot,WSOL,So11111111111111111111111111111111111111112,Italianrot,BQX1cjcRHXmrqNtoFWwmE5bZj7RPneTmqXB979b2pump,688106.41,3138985.55,14200497.55,78355139.98,2,6,8,1,2,400,20000
23,So11111111111111111111111111111111111111112-CNvitvFnSM5ed6K28RUNSaAjqqz5tX1rA5HgaBN9pump,WSOL-FRED,WSOL,So11111111111111111111111111111111111111112,FRED,CNvitvFnSM5ed6K28RUNSaAjqqz5tX1rA5HgaBN9pump,1793893.12,2868731.48,16613588.26,20298542.28,2,15,17,1,2,400,20000
24,So11111111111111111111111111111111111111112-eL5fUxj2J4CiQsmW85k5FG9DvuQjjUoBHoQBi2Kpump,WSOL-UFD,WSOL,So11111111111111111111111111111111111111112,UFD,eL5fUxj2J4CiQsmW85k5FG9DvuQjjUoBHoQBi2Kpump,3893365.39,2767118.18,19851564.46,44074801.31,2,35,37,1,2,400,20000
25,So11111111111111111111111111111111111111112-zBTCug3er3tLyffELcvDNrKkCymbPWysGcWihESYfLg,WSOL-zBTC,WSOL,So11111111111111111111111111111111111111112,zBTC,zBTCug3er3tLyffELcvDNrKkCymbPWysGcWihESYfLg,416907.94,2766286.43,15326700.84,55004592.86,1,6,7,1,2,400,20000
26,So11111111111111111111111111111111111111112-86t88w3MKT38HChTBKBwEeb1RW1MeTceaW68qY2Vpump,WSOL-LMT,WSOL,So11111111111111111111111111111111111111112,LMT,86t88w3MKT38HChTBKBwEeb1RW1MeTceaW68qY2Vpump,2108638.58,2336676.14,9305788.14,14484200.12,2,12,14,1,2,400,20000
27,So11111111111111111111111111111111111111112-Cy1GS2FqefgaMbi45UunrUzin1rfEmTUYnomddzBpump,WSOL-MOBY,WSOL,So11111111111111111111111111111111111111112,MOBY,Cy1GS2FqefgaMbi45UunrUzin1rfEmTUYnomddzBpump,1359614.36,2222115.19,9234383.27,19829976.58,2,40,42,1,2,400,20000
28,7XJiwLDrjzxDYdZipnJXzpr1iDTmK55XixSFAa7JgNEL-So11111111111111111111111111111111111111112,MLG-WSOL,MLG,7XJiwLDrjzxDYdZipnJXzpr1iDTmK55XixSFAa7JgNEL,WSOL,So11111111111111111111111111111111111111112,1713589.57,2198928.0,6402583.85,14003894.6,2,25,27,1,2,400,20000
29,So11111111111111111111111111111111111111112-H4phNbsqjV5rqk8u6FUACTLB6rNZRTAPGnBb8KXJpump,WSOL-SSE,WSOL,So11111111111111111111111111111111111111112,SSE,H4phNbsqjV5rqk8u6FUACTLB6rNZRTAPGnBb8KXJpump,1202478.61,2147854.16,6554884.69,22102363.95,3,22,25,1,2,400,20000
30,So11111111111111111111111111111111111111112-6NcdiK8B5KK2DzKvzvCfqi8EHaEqu48fyEzC8Mm9pump,WSOL-STONKS,WSOL,So11111111111111111111111111111111111111112,STONKS,6NcdiK8B5KK2DzKvzvCfqi8EHaEqu48fyEzC8Mm9pump,2790873.73,2054880.0,10955620.13,38699238.28,3,21,24,1,2,400,20000
31,So11111111111111111111111111111111111111112-4HuSTfcJruukNbhrF9sc5iKrMeGxNBs6XpQ1L2hUpump,WSOL-OPAIUM,WSOL,So11111111111111111111111111111111111111112,OPAIUM,4HuSTfcJruukNbhrF9sc5iKrMeGxNBs6XpQ1L2hUpump,865997.34,2010102.01,3201655.96,23526090.55,2,8,10,1,2,400,20000
32,Hax9LTgsQkze1YFychnBLtFH8gYbQKtKfWKKg2SP6gdD-So11111111111111111111111111111111111111112,TAI-WSOL,TAI,Hax9LTgsQkze1YFychnBLtFH8gYbQKtKfWKKg2SP6gdD,WSOL,So11111111111111111111111111111111111111112,1717806.17,2003806.04,16644336.42,69455367.14,2,17,19,1,2,400,20000
33,So11111111111111111111111111111111111111112-Hjw6bEcHtbHGpQr8onG3izfJY5DJiWdt7uk2BfdSpump,WSOL-SNAI,WSOL,So11111111111111111111111111111111111111112,SNAI,Hjw6bEcHtbHGpQr8onG3izfJY5DJiWdt7uk2BfdSpump,2369393.3,1852820.02,10523655.61,28943135.63,2,21,23,1,2,400,20000
34,So11111111111111111111111111111111111111112-rndrizKT3MK1iimdxRdWabcF7Zg7AR5T4nud4EkHBof,WSOL-RENDER,WSOL,So11111111111111111111111111111111111111112,RENDER,rndrizKT3MK1iimdxRdWabcF7Zg7AR5T4nud4EkHBof,2096790.13,1843871.25,13307084.48,39784889.8,3,9,12,1,2,400,20000
35,So11111111111111111111111111111111111111112-C7heQqfNzdMbUFQwcHkL9FvdwsFsDRBnfwZDDyWYCLTZ,WSOL-$COLLAT,WSOL,So11111111111111111111111111111111111111112,$COLLAT,C7heQqfNzdMbUFQwcHkL9FvdwsFsDRBnfwZDDyWYCLTZ,1395326.09,1836271.18,7298043.92,19509855.8,2,17,19,1,2,400,20000
36,So11111111111111111111111111111111111111112-9DHe3pycTuymFk4H4bbPoAJ4hQrr2kaLDF6J6aAKpump,WSOL-BUZZ,WSOL,So11111111111111111111111111111111111111112,BUZZ,9DHe3pycTuymFk4H4bbPoAJ4hQrr2kaLDF6J6aAKpump,1461115.61,1808014.64,9455849.68,35027145.65,3,24,27,1,2,400,20000
37,4CoTCzobYt38zVbSieZxcmz2CCs8kmZJ6wnbj8HWocto-So11111111111111111111111111111111111111112,OCTO-WSOL,OCTO,4CoTCzobYt38zVbSieZxcmz2CCs8kmZJ6wnbj8HWocto,WSOL,So11111111111111111111111111111111111111112,748664.5,1800112.66,3141505.24,4570254.5,1,4,5,1,2,400,20000
38,So11111111111111111111111111111111111111112-FWAr6oWa6CHg6WUcXu8CqkmsdbhtEqL8t31QTonppump,WSOL-PVS,WSOL,So11111111111111111111111111111111111111112,PVS,FWAr6oWa6CHg6WUcXu8CqkmsdbhtEqL8t31QTonppump,926257.21,1761000.63,6005023.48,29661103.25,2,11,13,1,2,400,20000
39,So11111111111111111111111111111111111111112-9Wkcek2EZFmJf5L2XmC5rfnNVBrdndbMe6yW8fbfbonk,WSOL-CHACHA,WSOL,So11111111111111111111111111111111111111112,CHACHA,9Wkcek2EZFmJf5L2XmC5rfnNVBrdndbMe6yW8fbfbonk,210468.3,1760294.59,9431482.84,33891309.0,1,7,8,1,2,400,20000
40,EPjFWdd5AufqSSqeM2qN1xzybapC8G4wEGGkZwyTDt1v-HzwqbKZw8HxMN6bF2yFZNrht3c2iXXzpKcFu7uBEDKtr,USDC-EURC,USDC,EPjFWdd5AufqSSqeM2qN1xzybapC8G4wEGGkZwyTDt1v,EURC,HzwqbKZw8HxMN6bF2yFZNrht3c2iXXzpKcFu7uBEDKtr,807446.79,1749887.95,36845223.52,299924577.12,1,7,8,1,2,400,20000
41,6ogzHhzdrQr9Pgv6hZ2MNze7UrzBMAFyBBWUYp1Fhitx-So11111111111111111111111111111111111111112,RETARDIO-WSOL,RETARDIO,6ogzHhzdrQr9Pgv6hZ2MNze7UrzBMAFyBBWUYp1Fhitx,WSOL,So11111111111111111111111111111111111111112,1991425.41,1739903.87,7103620.9,15415672.85,3,21,24,1,2,400,20000
42,So11111111111111111111111111111111111111112-9tsUburWeWCCyt6yYWXYdykwPwSK6tYZsr2pjX7vNRWZ,WSOL-GYAT,WSOL,So11111111111111111111111111111111111111112,GYAT,9tsUburWeWCCyt6yYWXYdykwPwSK6tYZsr2pjX7vNRWZ,174310.53,1712838.13,6306158.76,6311299.18,1,2,3,1,2,400,20000
43,So11111111111111111111111111111111111111112-3HfLqhtF5hR5dyBXh6BMtRaTm9qzStvEGuMa8Gx6pump,WSOL-buidl,WSOL,So11111111111111111111111111111111111111112,buidl,3HfLqhtF5hR5dyBXh6BMtRaTm9qzStvEGuMa8Gx6pump,369340.01,1670752.15,2041731.85,4198206.92,1,3,4,1,2,400,20000
44,JosjEXh69RckgSs2AWsN1xN8zmiSHxBuJjHLURJnHhg-So11111111111111111111111111111111111111112,JOS-WSOL,JOS,JosjEXh69RckgSs2AWsN1xN8zmiSHxBuJjHLURJnHhg,WSOL,So11111111111111111111111111111111111111112,682630.86,1502176.82,8465367.33,47842455.8,3,10,13,1,2,400,20000
45,So11111111111111111111111111111111111111112-E1jCTXdkMRoawoWoqfbhiNkkLbxcSHPssMo36U84pump,WSOL-GFM,WSOL,So11111111111111111111111111111111111111112,GFM,E1jCTXdkMRoawoWoqfbhiNkkLbxcSHPssMo36U84pump,726281.62,1499373.55,3439652.46,12402910.07,3,17,20,1,2,400,20000
46,So11111111111111111111111111111111111111112-FasH397CeZLNYWkd3wWK9vrmjd1z93n3b59DssRXpump,WSOL-BUTTCOIN,WSOL,So11111111111111111111111111111111111111112,BUTTCOIN,FasH397CeZLNYWkd3wWK9vrmjd1z93n3b59DssRXpump,1171250.27,1494545.46,9663925.87,49994530.51,2,13,15,1,2,400,20000
47,So11111111111111111111111111111111111111112-HgBRWfYxEfvPhtqkaeymCQtHCrKE46qQ43pKe8HCpump,WSOL-Bert,WSOL,So11111111111111111111111111111111111111112,Bert,HgBRWfYxEfvPhtqkaeymCQtHCrKE46qQ43pKe8HCpump,1742611.24,1438613.7,7648212.53,14636319.7,4,9,13,1,2,400,20000
48,So11111111111111111111111111111111111111112-hqYtLoxviwGENvogcJ5324YTbYqW5H9LHtmQu5Jbonk,WSOL-BONKAI,WSOL,So11111111111111111111111111111111111111112,BONKAI,hqYtLoxviwGENvogcJ5324YTbYqW5H9LHtmQu5Jbonk,231171.29,1349576.64,5885326.11,14699630.32,1,3,4,1,2,400,20000
49,HUdqc5MR5h3FssESabPnQ1GTgTcPvnNudAuLj5J6a9sU-So11111111111111111111111111111111111111112,BONGO-WSOL,BONGO,HUdqc5MR5h3FssESabPnQ1GTgTcPvnNudAuLj5J6a9sU,WSOL,So11111111111111111111111111111111111111112,990962.4,1326073.64,9506403.43,19735501.01,1,9,10,1,2,400,20000
50,So11111111111111111111111111111111111111112-3B5wuUrMEi5yATD7on46hKfej3pfmd7t1RKgrsN3pump,WSOL-BILLY,WSOL,So11111111111111111111111111111111111111112,BILLY,3B5wuUrMEi5yATD7on46hKfej3pfmd7t1RKgrsN3pump,1737601.54,1297600.5,7481251.14,11879371.93,3,32,35,1,2,400,20000
51,EPjFWdd5AufqSSqeM2qN1xzybapC8G4wEGGkZwyTDt1v-HhJpBhRRn4g56VsyLuT8DL5Bv31HkXqsrahTTUCZeZg4,USDC-$MYRO,USDC,EPjFWdd5AufqSSqeM2qN1xzybapC8G4wEGGkZwyTDt1v,$MYRO,HhJpBhRRn4g56VsyLuT8DL5Bv31HkXqsrahTTUCZeZg4,2172825.46,1294399.25,9427889.1,27770460.17,2,0,2,1,2,400,20000
52,BYZ9CcZGKAXmN2uDsKcQMM9UnZacija4vWcns9Th69xb-So11111111111111111111111111111111111111112,BOTIFY-WSOL,BOTIFY,BYZ9CcZGKAXmN2uDsKcQMM9UnZacija4vWcns9Th69xb,WSOL,So11111111111111111111111111111111111111112,861749.24,1204483.03,8038033.59,20416428.19,2,6,8,1,2,400,20000
53,25hAyBQfoDhfWx9ay6rarbgvWGwDdNqcHsXS3jQ3mTDJ-So11111111111111111111111111111111111111112,MANEKI-WSOL,MANEKI,25hAyBQfoDhfWx9ay6rarbgvWGwDdNqcHsXS3jQ3mTDJ,WSOL,So11111111111111111111111111111111111111112,9696347.88,1202596.22,6751132.47,90593115.43,2,14,16,1,2,400,20000
54,So11111111111111111111111111111111111111112-ZEUS1aR7aX8DFFJf5QjWj2ftDDdNTroMNGo8YoQm3Gq,WSOL-ZEUS,WSOL,So11111111111111111111111111111111111111112,ZEUS,ZEUS1aR7aX8DFFJf5QjWj2ftDDdNTroMNGo8YoQm3Gq,470483.33,1199884.46,9257413.29,23452621.13,1,18,19,1,2,400,20000
55,So11111111111111111111111111111111111111112-Grass7B4RdKfBCjTKgSqnXkqjwiGvQyFbuSCUJr3XXjs,WSOL-GRASS,WSOL,So11111111111111111111111111111111111111112,GRASS,Grass7B4RdKfBCjTKgSqnXkqjwiGvQyFbuSCUJr3XXjs,1685236.52,1186568.33,6383426.22,32479899.53,5,30,35,1,2,400,20000
56,So11111111111111111111111111111111111111112-HBoNJ5v8g71s2boRivrHnfSB5MVPLDHHyVjruPfhGkvL,WSOL-PURPE,WSOL,So11111111111111111111111111111111111111112,PURPE,HBoNJ5v8g71s2boRivrHnfSB5MVPLDHHyVjruPfhGkvL,1510432.33,1136490.38,8532862.02,10832878.61,3,6,9,1,2,400,20000
57,So11111111111111111111111111111111111111112-9doRRAik5gvhbEwjbZDbZR6GxXSAfdoomyJR57xKpump,WSOL-GRPH,WSOL,So11111111111111111111111111111111111111112,GRPH,9doRRAik5gvhbEwjbZDbZR6GxXSAfdoomyJR57xKpump,750757.13,1114845.05,3743102.12,15412802.48,2,14,16,1,2,400,20000
58,JmMRbLcKgNCu17yHZDAn4strE5NjmWJ4pCeJ7s7boop-So11111111111111111111111111111111111111112,Boopa-WSOL,Boopa,JmMRbLcKgNCu17yHZDAn4strE5NjmWJ4pCeJ7s7boop,WSOL,So11111111111111111111111111111111111111112,236567.1,1112531.3,9044410.13,41363224.02,2,9,11,1,2,400,20000
59,So11111111111111111111111111111111111111112-CBdCxKo9QavR9hfShgpEBG3zekorAeD7W1jfq2o3pump,WSOL-LUCE,WSOL,So11111111111111111111111111111111111111112,LUCE,CBdCxKo9QavR9hfShgpEBG3zekorAeD7W1jfq2o3pump,1833183.42,1043527.57,11187216.42,94080560.71,2,28,30,1,2,400,20000
60,DvjbEsdca43oQcw2h3HW1CT7N3x5vRcr3QrvTUHnXvgV-EPjFWdd5AufqSSqeM2qN1xzybapC8G4wEGGkZwyTDt1v,DOOD-USDC,DOOD,DvjbEsdca43oQcw2h3HW1CT7N3x5vRcr3QrvTUHnXvgV,USDC,EPjFWdd5AufqSSqeM2qN1xzybapC8G4wEGGkZwyTDt1v,808038.33,1028113.54,14740793.93,14740793.93,2,14,16,1,2,400,20000
61,So11111111111111111111111111111111111111112-AdwCEWQGzt3vuFMEPMf97AJMiq1eYL2sR7gk2x42pump,WSOL-LENS,WSOL,So11111111111111111111111111111111111111112,LENS,AdwCEWQGzt3vuFMEPMf97AJMiq1eYL2sR7gk2x42pump,271572.28,995435.71,1743384.24,7482085.15,2,0,2,1,2,400,20000
62,So11111111111111111111111111111111111111112-4FkNq8RcCYg4ZGDWh14scJ7ej3m5vMjYTcWoJVkupump,WSOL-LUMO,WSOL,So11111111111111111111111111111111111111112,LUMO,4FkNq8RcCYg4ZGDWh14scJ7ej3m5vMjYTcWoJVkupump,931950.32,990608.14,5714780.53,42574245.3,3,15,18,1,2,400,20000
63,So11111111111111111111111111111111111111112-Bz4MhmVRQENiCou7ZpJ575wpjNFjBjVBSiVhuNg1pump,WSOL-Project89,WSOL,So11111111111111111111111111111111111111112,Project89,Bz4MhmVRQENiCou7ZpJ575wpjNFjBjVBSiVhuNg1pump,965965.96,945525.18,5121219.64,9245751.34,2,13,15,1,2,400,20000
64,So11111111111111111111111111111111111111112-BZLbGTNCSFfoth2GYDtwr7e4imWzpR5jqcUuGEwr646K,WSOL-IO,WSOL,So11111111111111111111111111111111111111112,IO,BZLbGTNCSFfoth2GYDtwr7e4imWzpR5jqcUuGEwr646K,3127541.43,924434.13,9823067.93,15895088.93,4,24,28,1,2,400,20000
65,8Ki8DpuWNxu9VsS3kQbarsCWMcFGWkzzA8pUPto9zBd5-So11111111111111111111111111111111111111112,LOCKIN-WSOL,LOCKIN,8Ki8DpuWNxu9VsS3kQbarsCWMcFGWkzzA8pUPto9zBd5,WSOL,So11111111111111111111111111111111111111112,1130317.4,921394.91,5044471.94,10735656.16,2,19,21,1,2,400,20000
66,So11111111111111111111111111111111111111112-5SVG3T9CNQsm2kEwzbRq6hASqh1oGfjqTtLXYUibpump,WSOL-SIGMA,WSOL,So11111111111111111111111111111111111111112,SIGMA,5SVG3T9CNQsm2kEwzbRq6hASqh1oGfjqTtLXYUibpump,1909387.92,900224.95,6058586.05,16992739.33,3,16,19,1,2,400,20000
67,So11111111111111111111111111111111111111112-GiG7Hr61RVm4CSUxJmgiCoySFQtdiwxtqf64MsRppump,WSOL-SCF,WSOL,So11111111111111111111111111111111111111112,SCF,GiG7Hr61RVm4CSUxJmgiCoySFQtdiwxtqf64MsRppump,1592447.37,820833.26,4437254.71,6748711.17,2,21,23,1,2,400,20000
68,So11111111111111111111111111111111111111112-GkeUTuaFB4oZADaqiCo3yauHNx9SxUNn8euHptEEbonk,WSOL-Grassito,WSOL,So11111111111111111111111111111111111111112,Grassito,GkeUTuaFB4oZADaqiCo3yauHNx9SxUNn8euHptEEbonk,138905.35,819084.94,3873380.78,65810805.08,2,12,14,1,2,400,20000
69,So11111111111111111111111111111111111111112-6d5zHW5B8RkGKd51Lpb9RqFQSqDudr9GJgZ1SgQZpump,WSOL-AVB,WSOL,So11111111111111111111111111111111111111112,AVB,6d5zHW5B8RkGKd51Lpb9RqFQSqDudr9GJgZ1SgQZpump,851293.61,770601.48,2891240.63,5882175.74,2,12,14,1,2,400,20000
70,69kdRLyP5DTRkpHraaSZAQbWmAwzF9guKjZfzMXzcbAs-So11111111111111111111111111111111111111112,USA-WSOL,USA,69kdRLyP5DTRkpHraaSZAQbWmAwzF9guKjZfzMXzcbAs,WSOL,So11111111111111111111111111111111111111112,1998044.77,763756.26,4760379.16,10238288.49,2,22,24,1,2,400,20000
71,6dKCoWjpj5MFU5gWDEFdpUUeBasBLK3wLEwhUzQPAa1e-So11111111111111111111111111111111111111112,CHEX-WSOL,CHEX,6dKCoWjpj5MFU5gWDEFdpUUeBasBLK3wLEwhUzQPAa1e,WSOL,So11111111111111111111111111111111111111112,2098522.94,744118.23,4282053.73,9959357.64,4,9,13,1,2,400,20000
72,So11111111111111111111111111111111111111112-98mb39tPFKQJ4Bif8iVg9mYb9wsfPZgpgN1sxoVTpump,WSOL-LLM,WSOL,So11111111111111111111111111111111111111112,LLM,98mb39tPFKQJ4Bif8iVg9mYb9wsfPZgpgN1sxoVTpump,758235.89,722318.76,3564314.15,10039506.78,2,25,27,1,2,400,20000
73,HAPPYwgFcjEJDzRtfWE6tiHE9zGdzpNky2FvjPHsvvGZ-So11111111111111111111111111111111111111112,HAPPY-WSOL,HAPPY,HAPPYwgFcjEJDzRtfWE6tiHE9zGdzpNky2FvjPHsvvGZ,WSOL,So11111111111111111111111111111111111111112,595543.79,690126.04,3717777.87,7476959.48,2,16,18,1,2,400,20000
74,So11111111111111111111111111111111111111112-whispF7G9DHaojYHe2cdhRX5EMJzGBdqq7R57kL6inL,WSOL-WHISP,WSOL,So11111111111111111111111111111111111111112,WHISP,whispF7G9DHaojYHe2cdhRX5EMJzGBdqq7R57kL6inL,436364.83,642796.33,3250027.55,5798728.46,3,11,14,1,2,400,20000
75,So11111111111111111111111111111111111111112-8NNXWrWVctNw1UFeaBypffimTdcLCcD8XJzHvYsmgwpF,WSOL-BRAINLET,WSOL,So11111111111111111111111111111111111111112,BRAINLET,8NNXWrWVctNw1UFeaBypffimTdcLCcD8XJzHvYsmgwpF,501553.71,624949.87,2351139.81,4427229.67,4,0,4,1,2,400,20000
76,So11111111111111111111111111111111111111112-2z1p8xCEjRzpBHjXWrx4tJnz7BFL6z7NnvbCxH7bpump,WSOL-San,WSOL,So11111111111111111111111111111111111111112,San,2z1p8xCEjRzpBHjXWrx4tJnz7BFL6z7NnvbCxH7bpump,708039.35,613652.16,5720916.92,14783518.51,2,13,15,1,2,400,20000
77,So11111111111111111111111111111111111111112-5LJMJyR8MtAkbtpf8kFUV7S9oFG3xaGDdcnFxYt9pump,WSOL-FAT,WSOL,So11111111111111111111111111111111111111112,FAT,5LJMJyR8MtAkbtpf8kFUV7S9oFG3xaGDdcnFxYt9pump,661574.73,606814.86,4422673.61,27533340.6,2,11,13,1,2,400,20000
78,So11111111111111111111111111111111111111112-GHichsGq8aPnqJyz6Jp1ASTK4PNLpB5KrD6XrfDjpump,WSOL-$1,WSOL,So11111111111111111111111111111111111111112,$1,GHichsGq8aPnqJyz6Jp1ASTK4PNLpB5KrD6XrfDjpump,1374259.71,579960.25,3170358.9,9108602.96,4,12,16,1,2,400,20000
79,So11111111111111111111111111111111111111112-HzwqbKZw8HxMN6bF2yFZNrht3c2iXXzpKcFu7uBEDKtr,WSOL-EURC,WSOL,So11111111111111111111111111111111111111112,EURC,HzwqbKZw8HxMN6bF2yFZNrht3c2iXXzpKcFu7uBEDKtr,129840.33,571712.79,4237261.44,147869771.14,2,3,5,1,2,400,20000
80,So11111111111111111111111111111111111111112-GJtJuWD9qYcCkrwMBmtY1tpapV1sKfB2zUv9Q4aqpump,WSOL-$RIF,WSOL,So11111111111111111111111111111111111111112,$RIF,GJtJuWD9qYcCkrwMBmtY1tpapV1sKfB2zUv9Q4aqpump,879862.68,561999.11,3872836.52,10363477.81,2,18,20,1,2,400,20000
81,So11111111111111111111111111111111111111112-9PR7nCP9DpcUotnDPVLUBUZKu5WAYkwrCUx9wDnSpump,WSOL-Ban,WSOL,So11111111111111111111111111111111111111112,Ban,9PR7nCP9DpcUotnDPVLUBUZKu5WAYkwrCUx9wDnSpump,3248342.5,551559.89,9037133.26,20695452.61,3,16,19,1,2,400,20000
82,8wXtPeU6557ETkp9WHFY1n1EcU6NxDvbAggHGsMYiHsB-So11111111111111111111111111111111111111112,GME-WSOL,GME,8wXtPeU6557ETkp9WHFY1n1EcU6NxDvbAggHGsMYiHsB,WSOL,So11111111111111111111111111111111111111112,3286560.43,546871.19,2264800.11,7130539.77,2,32,34,1,2,400,20000
83,GtDZKAqvMZMnti46ZewMiXCa4oXF4bZxwQPoKzXPFxZn-So11111111111111111111111111111111111111112,nub-WSOL,nub,GtDZKAqvMZMnti46ZewMiXCa4oXF4bZxwQPoKzXPFxZn,WSOL,So11111111111111111111111111111111111111112,1430387.46,534900.89,4399031.48,10322064.1,2,16,18,1,2,400,20000
84,So11111111111111111111111111111111111111112-3N2ETvNpPNAxhcaXgkhKoY1yDnQfs41Wnxsx5qNJpump,WSOL-NEUR,WSOL,So11111111111111111111111111111111111111112,NEUR,3N2ETvNpPNAxhcaXgkhKoY1yDnQfs41Wnxsx5qNJpump,641846.77,521638.9,2625602.87,6466098.74,3,14,17,1,2,400,20000
85,So11111111111111111111111111111111111111112-4MeqZ8v3XbNVVX6B69XxXaymoTX6DbK8iZgaGngCbonk,WSOL-lola,WSOL,So11111111111111111111111111111111111111112,lola,4MeqZ8v3XbNVVX6B69XxXaymoTX6DbK8iZgaGngCbonk,100879.58,515665.71,2310527.31,6523696.28,1,4,5,1,2,400,20000
86,So11111111111111111111111111111111111111112-HZ1JovNiVvGrGNiiYvEozEVgZ58xaU3RKwX8eACQBCt3,WSOL-PYTH,WSOL,So11111111111111111111111111111111111111112,PYTH,HZ1JovNiVvGrGNiiYvEozEVgZ58xaU3RKwX8eACQBCt3,321950.26,503905.76,3310555.28,9723631.26,3,14,17,1,2,400,20000
87,So11111111111111111111111111111111111111112-G5e2XonmccmdKc98g3eNQe5oBYGw9m8xdMUvVtcZpump,WSOL-MAIAR,WSOL,So11111111111111111111111111111111111111112,MAIAR,G5e2XonmccmdKc98g3eNQe5oBYGw9m8xdMUvVtcZpump,407221.45,503347.14,2159521.37,13258627.68,2,9,11,1,2,400,20000
88,y1AZt42vceCmStjW4zetK3VoNarC1VxJ5iDjpiupump-So11111111111111111111111111111111111111112,FARTBOY-WSOL,FARTBOY,y1AZt42vceCmStjW4zetK3VoNarC1VxJ5iDjpiupump,WSOL,So11111111111111111111111111111111111111112,1077594.68,492378.2,3466193.4,12213453.39,1,5,6,1,2,400,20000
89,So11111111111111111111111111111111111111112-3joMReCCSESngJEpFLoKR2dNcChjSRCDtybQet5uSpse,WSOL-CAT,WSOL,So11111111111111111111111111111111111111112,CAT,3joMReCCSESngJEpFLoKR2dNcChjSRCDtybQet5uSpse,588922.75,480513.69,2791473.59,3913245.68,1,6,7,1,2,400,20000
90,So11111111111111111111111111111111111111112-CboMcTUYUcy9E6B3yGdFn6aEsGUnYV6yWeoeukw6pump,WSOL-Butthole,WSOL,So11111111111111111111111111111111111111112,Butthole,CboMcTUYUcy9E6B3yGdFn6aEsGUnYV6yWeoeukw6pump,1284356.52,477136.77,4969291.63,15652545.74,2,12,14,1,2,400,20000
91,So11111111111111111111111111111111111111112-7oBYdEhV4GkXC19ZfgAvXpJWp2Rn9pm1Bx2cVNxFpump,WSOL-CAR,WSOL,So11111111111111111111111111111111111111112,CAR,7oBYdEhV4GkXC19ZfgAvXpJWp2Rn9pm1Bx2cVNxFpump,985315.46,471230.3,597604.24,1989392.53,3,25,28,1,2,400,20000
92,So11111111111111111111111111111111111111112-F9TgEJLLRUKDRF16HgjUCdJfJ5BK6ucyiW8uJxVPpump,WSOL-AGiXT,WSOL,So11111111111111111111111111111111111111112,AGiXT,F9TgEJLLRUKDRF16HgjUCdJfJ5BK6ucyiW8uJxVPpump,784518.13,469286.97,2970474.94,11844795.16,2,18,20,1,2,400,20000
93,So11111111111111111111111111111111111111112-6D7NaB2xsLd7cauWu1wKk6KBsJohJmP2qZH9GEfVi5Ui,WSOL-SC,WSOL,So11111111111111111111111111111111111111112,SC,6D7NaB2xsLd7cauWu1wKk6KBsJohJmP2qZH9GEfVi5Ui,800121.22,469256.91,2208522.19,4130449.15,1,13,14,1,2,400,20000
94,So11111111111111111111111111111111111111112-8vBMibwpn8wpfYKbQ9xqzodymg3LjmYec2tSNGRy23K8,WSOL-HYPER,WSOL,So11111111111111111111111111111111111111112,HYPER,8vBMibwpn8wpfYKbQ9xqzodymg3LjmYec2tSNGRy23K8,376583.43,460692.7,1394984.19,2924221.92,2,17,19,1,2,400,20000
95,So11111111111111111111111111111111111111112-H2c31USxu35MDkBrGph8pUDUnmzo2e4Rf4hnvL2Upump,WSOL-Shoggoth,WSOL,So11111111111111111111111111111111111111112,Shoggoth,H2c31USxu35MDkBrGph8pUDUnmzo2e4Rf4hnvL2Upump,1117406.4,456103.27,2327430.53,7792342.98,2,24,26,1,2,400,20000
96,7ekB2w3Rsxmg2YSL6axUHLmHEveJUbxBHRxmDSfX6ray-So11111111111111111111111111111111111111112,WTR-WSOL,WTR,7ekB2w3Rsxmg2YSL6axUHLmHEveJUbxBHRxmDSfX6ray,WSOL,So11111111111111111111111111111111111111112,236250.72,455322.93,1432297.02,1600784.04,1,3,4,1,2,400,20000
97,So11111111111111111111111111111111111111112-8XtRWb4uAAJFMP4QQhoYYCWR6XXb7ybcCdiqPwz9s5WS,WSOL-ALON,WSOL,So11111111111111111111111111111111111111112,ALON,8XtRWb4uAAJFMP4QQhoYYCWR6XXb7ybcCdiqPwz9s5WS,960288.57,453662.41,3595516.33,7882424.48,3,19,22,1,2,400,20000
98,C3Tqmrgp7oKE6x5TmZaig5nVV4EPnQcw2BZyVRXboop-So11111111111111111111111111111111111111112,SLUB-WSOL,SLUB,C3Tqmrgp7oKE6x5TmZaig5nVV4EPnQcw2BZyVRXboop,WSOL,So11111111111111111111111111111111111111112,62259.18,449639.29,17312351.67,17312351.67,1,6,7,1,2,400,20000
99,So11111111111111111111111111111111111111112-79yTpy8uwmAkrdgZdq6ZSBTvxKsgPrNqTLvYQBh1pump,WSOL-BULLY,WSOL,So11111111111111111111111111111111111111112,BULLY,79yTpy8uwmAkrdgZdq6ZSBTvxKsgPrNqTLvYQBh1pump,672593.4,445977.69,1590087.15,3054119.66,1,19,20,1,2,400,20000
100,So11111111111111111111111111111111111111112-AxGAbdFtdbj2oNXa4dKqFvwHzgFtW9mFHWmd7vQfpump,WSOL-HAT,WSOL,So11111111111111111111111111111111111111112,HAT,AxGAbdFtdbj2oNXa4dKqFvwHzgFtW9mFHWmd7vQfpump,699419.81,441616.89,3545700.94,13224102.81,2,7,9,1,2,400,20000
101,So11111111111111111111111111111111111111112-7D1iYWfhw2cr9yBZBFE6nZaaSUvXHqG5FizFFEZwpump,WSOL-YNE,WSOL,So11111111111111111111111111111111111111112,YNE,7D1iYWfhw2cr9yBZBFE6nZaaSUvXHqG5FizFFEZwpump,1083483.8,435541.2,4652247.77,12499071.53,2,21,23,1,2,400,20000
102,So11111111111111111111111111111111111111112-VaxZxmFXV8tmsd72hUn22ex6GFzZ5uq9DVJ5wA5pump,WSOL-OIIAOIIA,WSOL,So11111111111111111111111111111111111111112,OIIAOIIA,VaxZxmFXV8tmsd72hUn22ex6GFzZ5uq9DVJ5wA5pump,729160.2,435366.89,3243261.86,11077159.0,1,9,10,1,2,400,20000
103,So11111111111111111111111111111111111111112-3S8qX1MsMqRbiwKg2cQyx7nis1oHMgaCuc9c4VfvVdPN,WSOL-MOTHER,WSOL,So11111111111111111111111111111111111111112,MOTHER,3S8qX1MsMqRbiwKg2cQyx7nis1oHMgaCuc9c4VfvVdPN,2062587.51,395327.41,3496685.09,11754869.44,2,42,44,1,2,400,20000
104,So11111111111111111111111111111111111111112-Cn5Ne1vmR9ctMGY9z5NC71A3NYFvopjXNyxYtfVYpump,WSOL-listen,WSOL,So11111111111111111111111111111111111111112,listen,Cn5Ne1vmR9ctMGY9z5NC71A3NYFvopjXNyxYtfVYpump,526628.8,391555.41,1923615.53,7037261.85,2,14,16,1,2,400,20000
105,Fch1oixTPri8zxBnmdCEADoJW2toyFHxqDZacQkwdvSP-So11111111111111111111111111111111111111112,HARAMBE-WSOL,HARAMBE,Fch1oixTPri8zxBnmdCEADoJW2toyFHxqDZacQkwdvSP,WSOL,So11111111111111111111111111111111111111112,1384867.87,388046.39,2104786.2,4318326.53,2,12,14,1,2,400,20000
106,So11111111111111111111111111111111111111112-275FUEyp5o7TWo1dCDYJyprb4o2WBcxEQsvmt816pump,WSOL-AAA,WSOL,So11111111111111111111111111111111111111112,AAA,275FUEyp5o7TWo1dCDYJyprb4o2WBcxEQsvmt816pump,259486.27,382725.28,1472731.69,2090387.83,2,0,2,1,2,400,20000
107,So11111111111111111111111111111111111111112-FvgqHMfL9yn39V79huDPy3YUNDoYJpuLWng2JfmQpump,WSOL-$URO,WSOL,So11111111111111111111111111111111111111112,$URO,FvgqHMfL9yn39V79huDPy3YUNDoYJpuLWng2JfmQpump,784412.95,374635.38,2139950.0,5248465.97,2,15,17,1,2,400,20000
108,So11111111111111111111111111111111111111112-oraim8c9d1nkfuQk9EzGYEUGxqL3MHQYndRw1huVo5h,WSOL-MAX,WSOL,So11111111111111111111111111111111111111112,MAX,oraim8c9d1nkfuQk9EzGYEUGxqL3MHQYndRw1huVo5h,678293.83,364475.21,2411517.8,6229339.63,2,15,17,1,2,400,20000
109,KMNo3nJsBXfcpJTVhZcXLW7RmTwTt4GVFE7suUBo9sS-So11111111111111111111111111111111111111112,KMNO-WSOL,KMNO,KMNo3nJsBXfcpJTVhZcXLW7RmTwTt4GVFE7suUBo9sS,WSOL,So11111111111111111111111111111111111111112,450449.25,345960.82,4133538.26,9465390.77,2,19,21,1,2,400,20000
110,So11111111111111111111111111111111111111112-7ZqzGzTNg5tjK1CHTBdGFHyKjBtXdfvAobuGgdt4pump,WSOL-BARSIK,WSOL,So11111111111111111111111111111111111111112,BARSIK,7ZqzGzTNg5tjK1CHTBdGFHyKjBtXdfvAobuGgdt4pump,460368.92,342253.07,1695596.36,4733067.83,2,10,12,1,2,400,20000
111,So11111111111111111111111111111111111111112-5voS9evDjxF589WuEub5i4ti7FWQmZCsAsyD5ucbuRqM,WSOL-ELIZA,WSOL,So11111111111111111111111111111111111111112,ELIZA,5voS9evDjxF589WuEub5i4ti7FWQmZCsAsyD5ucbuRqM,975580.2,340115.77,1830011.84,5886255.54,2,24,26,1,2,400,20000
112,So11111111111111111111111111111111111111112-9UYAYvVS2cZ3BndbsoG1ScJbjfwyEPGxjE79hh5ipump,WSOL-DOGEAI,WSOL,So11111111111111111111111111111111111111112,DOGEAI,9UYAYvVS2cZ3BndbsoG1ScJbjfwyEPGxjE79hh5ipump,1651726.09,336804.16,2101028.36,7129290.97,2,17,19,1,2,400,20000
113,So11111111111111111111111111111111111111112-FVdo7CDJarhYoH6McyTFqx71EtzCPViinvdd1v86Qmy5,WSOL-Aimonica,WSOL,So11111111111111111111111111111111111111112,Aimonica,FVdo7CDJarhYoH6McyTFqx71EtzCPViinvdd1v86Qmy5,464186.15,336186.13,2713501.97,9545868.91,1,7,8,1,2,400,20000
114,So11111111111111111111111111111111111111112-FQ1tyso61AH1tzodyJfSwmzsD3GToybbRNoZxUBz21p8,WSOL-vvaifu,WSOL,So11111111111111111111111111111111111111112,vvaifu,FQ1tyso61AH1tzodyJfSwmzsD3GToybbRNoZxUBz21p8,993830.68,326486.15,2020293.68,5438054.7,2,13,15,1,2,400,20000
115,MEFNBXixkEbait3xn9bkm8WsJzXtVsaJEn4c8Sam21u-EPjFWdd5AufqSSqeM2qN1xzybapC8G4wEGGkZwyTDt1v,ME-USDC,ME,MEFNBXixkEbait3xn9bkm8WsJzXtVsaJEn4c8Sam21u,USDC,EPjFWdd5AufqSSqeM2qN1xzybapC8G4wEGGkZwyTDt1v,2148447.64,324812.15,2195455.99,12633085.78,4,27,31,1,2,400,20000
116,mtnc7NNSpAJuvYNmayXU63WhWZGgFzwQ2yeYWqemeta-EPjFWdd5AufqSSqeM2qN1xzybapC8G4wEGGkZwyTDt1v,MTN-USDC,MTN,mtnc7NNSpAJuvYNmayXU63WhWZGgFzwQ2yeYWqemeta,USDC,EPjFWdd5AufqSSqeM2qN1xzybapC8G4wEGGkZwyTDt1v,1068799.57,324811.69,1993257.36,29479922.79,2,4,6,1,2,400,20000
117,So11111111111111111111111111111111111111112-DitHyRMQiSDhn5cnKMJV2CDDt6sVct96YrECiM49pump,WSOL-House,WSOL,So11111111111111111111111111111111111111112,House,DitHyRMQiSDhn5cnKMJV2CDDt6sVct96YrECiM49pump,100894.42,321903.87,1629426.27,11018720.63,2,19,21,1,2,400,20000
118,14zP2ToQ79XWvc7FQpm4bRnp9d6Mp1rFfsUW3gpLcRX-So11111111111111111111111111111111111111112,AIXBT-WSOL,AIXBT,14zP2ToQ79XWvc7FQpm4bRnp9d6Mp1rFfsUW3gpLcRX,WSOL,So11111111111111111111111111111111111111112,869230.77,315389.06,3487545.4,10356176.35,2,10,12,1,2,400,20000
119,So11111111111111111111111111111111111111112-9JhFqCA21MoAXs2PTaeqNQp2XngPn1PgYr2rsEVCpump,WSOL-OPUS,WSOL,So11111111111111111111111111111111111111112,OPUS,9JhFqCA21MoAXs2PTaeqNQp2XngPn1PgYr2rsEVCpump,898861.72,305047.25,1504331.36,8264066.65,2,12,14,1,2,400,20000
120,So11111111111111111111111111111111111111112-JB699bKuBEUJiiXSgtaFQUkAwFmUuz5WAWbKoLLQbonk,WSOL-vpos,WSOL,So11111111111111111111111111111111111111112,vpos,JB699bKuBEUJiiXSgtaFQUkAwFmUuz5WAWbKoLLQbonk,146439.94,305004.12,625336.67,3271333.02,1,2,3,1,2,400,20000
121,So11111111111111111111111111111111111111112-9WPTUkh8fKuCnepRWoPYLH3aK9gSjPHFDenBq2X1Czdp,WSOL-SELFIE,WSOL,So11111111111111111111111111111111111111112,SELFIE,9WPTUkh8fKuCnepRWoPYLH3aK9gSjPHFDenBq2X1Czdp,739030.51,297490.28,2297280.17,5210060.43,1,19,20,1,2,400,20000
122,So11111111111111111111111111111111111111112-EsP4kJfKUDLfX274WoBSiiEy74Sh4tZKUCDjfULHpump,WSOL-FRIC,WSOL,So11111111111111111111111111111111111111112,FRIC,EsP4kJfKUDLfX274WoBSiiEy74Sh4tZKUCDjfULHpump,691927.63,293776.22,1594546.78,4713781.55,2,17,19,1,2,400,20000
123,AujTJJ7aMS8LDo3bFzoyXDwT3jBALUbu4VZhzZdTZLmG-So11111111111111111111111111111111111111112,$BEER-WSOL,$BEER,AujTJJ7aMS8LDo3bFzoyXDwT3jBALUbu4VZhzZdTZLmG,WSOL,So11111111111111111111111111111111111111112,2545291.3,291381.52,482351.23,1319971.01,2,0,2,1,2,400,20000
124,So11111111111111111111111111111111111111112-UbCSotjZpnDYrFk8vydbJWxYEuoJiSptyujPojApump,WSOL-asscoin,WSOL,So11111111111111111111111111111111111111112,asscoin,UbCSotjZpnDYrFk8vydbJWxYEuoJiSptyujPojApump,190736.14,283117.53,2760211.73,5902546.91,2,0,2,1,2,400,20000
125,7JA5eZdCzztSfQbJvS8aVVxMFfd81Rs9VvwnocV1mKHu-EPjFWdd5AufqSSqeM2qN1xzybapC8G4wEGGkZwyTDt1v,GEOD-USDC,GEOD,7JA5eZdCzztSfQbJvS8aVVxMFfd81Rs9VvwnocV1mKHu,USDC,EPjFWdd5AufqSSqeM2qN1xzybapC8G4wEGGkZwyTDt1v,1436714.26,282841.59,836225.1,2165453.24,2,0,2,1,2,400,20000
126,So11111111111111111111111111111111111111112-GPrg1CgbBvAJS2SCuf9gF7NmQYsWudfyfWy5SUzypump,WSOL-EDWIN,WSOL,So11111111111111111111111111111111111111112,EDWIN,GPrg1CgbBvAJS2SCuf9gF7NmQYsWudfyfWy5SUzypump,409898.55,278222.43,1589811.17,9278205.29,2,9,11,1,2,400,20000
127,So11111111111111111111111111111111111111112-AxriehR6Xw3adzHopnvMn7GcpRFcD41ddpiTWMg6pump,WSOL-jailstool,WSOL,So11111111111111111111111111111111111111112,jailstool,AxriehR6Xw3adzHopnvMn7GcpRFcD41ddpiTWMg6pump,1404313.36,271322.64,1838323.45,6222295.19,3,36,39,1,2,400,20000
128,So11111111111111111111111111111111111111112-GMzuntWYJLpNuCizrSR7ZXggiMdDzTNiEmSNHHunpump,WSOL-dreams,WSOL,So11111111111111111111111111111111111111112,dreams,GMzuntWYJLpNuCizrSR7ZXggiMdDzTNiEmSNHHunpump,516176.23,270905.48,701677.37,1911535.89,2,6,8,1,2,400,20000
129,So11111111111111111111111111111111111111112-DtR4D9FtVoTX2569gaL837ZgrB6wNjj6tkmnX9Rdk9B2,WSOL-aura,WSOL,So11111111111111111111111111111111111111112,aura,DtR4D9FtVoTX2569gaL837ZgrB6wNjj6tkmnX9Rdk9B2,666033.2,269044.23,1640277.57,2560972.67,2,18,20,1,2,400,20000
130,3WPep4ufaToK1aS5s8BL9inzeUrt4DYaQCiic6ZkkC1U-So11111111111111111111111111111111111111112,GIKO-WSOL,GIKO,3WPep4ufaToK1aS5s8BL9inzeUrt4DYaQCiic6ZkkC1U,WSOL,So11111111111111111111111111111111111111112,470913.33,268666.07,1792978.19,4757023.3,2,15,17,1,2,400,20000
131,So11111111111111111111111111111111111111112-CTJf74cTo3cw8acFP1YXF3QpsQUUBGBjh2k2e8xsZ6UL,WSOL-Neiro,WSOL,So11111111111111111111111111111111111111112,Neiro,CTJf74cTo3cw8acFP1YXF3QpsQUUBGBjh2k2e8xsZ6UL,1056000.08,263895.79,2216552.81,3396083.68,2,22,24,1,2,400,20000
132,madHpjRn6bd8t78Rsy7NuSuNwWa2HU8ByPobZprHbHv-So11111111111111111111111111111111111111112,MAD-WSOL,MAD,madHpjRn6bd8t78Rsy7NuSuNwWa2HU8ByPobZprHbHv,WSOL,So11111111111111111111111111111111111111112,672173.05,263671.38,1289141.72,2025220.21,2,0,2,1,2,400,20000
133,hntyVP6YFm1Hg25TN9WGLqM12b8TQmcknKrdu1oxWux-So11111111111111111111111111111111111111112,HNT-WSOL,HNT,hntyVP6YFm1Hg25TN9WGLqM12b8TQmcknKrdu1oxWux,WSOL,So11111111111111111111111111111111111111112,2721564.87,259807.38,1370257.31,6086510.34,2,6,8,1,2,400,20000
134,So11111111111111111111111111111111111111112-HeJUFDxfJSzYFUuHLxkMqCgytU31G6mjP4wKviwqpump,WSOL-GNON,WSOL,So11111111111111111111111111111111111111112,GNON,HeJUFDxfJSzYFUuHLxkMqCgytU31G6mjP4wKviwqpump,823600.04,257149.76,1444935.83,4135127.74,3,17,20,1,2,400,20000
135,So11111111111111111111111111111111111111112-8i51XNNpGaKaj4G4nDdmQh95v4FKAxw8mhtaRoKd9tE8,WSOL-TETSUO,WSOL,So11111111111111111111111111111111111111112,TETSUO,8i51XNNpGaKaj4G4nDdmQh95v4FKAxw8mhtaRoKd9tE8,535429.62,253609.3,1193031.32,4220075.44,2,8,10,1,2,400,20000
136,So11111111111111111111111111111111111111112-Gu3LDkn7Vx3bmCzLafYNKcDxv2mH7YN44NJZFXnypump,WSOL-degenai,WSOL,So11111111111111111111111111111111111111112,degenai,Gu3LDkn7Vx3bmCzLafYNKcDxv2mH7YN44NJZFXnypump,873283.19,243467.05,1520089.06,9280028.31,3,15,18,1,2,400,20000
137,So11111111111111111111111111111111111111112-GAMwtMB6onAvBNBQJCJFuxoaqfPH8uCQ2dewNMVVpump,WSOL-TANK,WSOL,So11111111111111111111111111111111111111112,TANK,GAMwtMB6onAvBNBQJCJFuxoaqfPH8uCQ2dewNMVVpump,518317.77,239424.28,1300905.49,7116141.63,1,11,12,1,2,400,20000
138,So11111111111111111111111111111111111111112-3zJ7RxtzPahndBTEn5PGUyo9xBMv6MJP9J4TPqdFpump,WSOL-ESIM,WSOL,So11111111111111111111111111111111111111112,ESIM,3zJ7RxtzPahndBTEn5PGUyo9xBMv6MJP9J4TPqdFpump,166713.59,239249.54,748687.49,20968079.71,1,9,10,1,2,400,20000
139,So11111111111111111111111111111111111111112-2eXamy7t3kvKhfV6aJ6Uwe3eh8cuREFcTKs1mFKZpump,WSOL-nuit,WSOL,So11111111111111111111111111111111111111112,nuit,2eXamy7t3kvKhfV6aJ6Uwe3eh8cuREFcTKs1mFKZpump,525187.55,237347.25,2180483.53,9863924.94,2,19,21,1,2,400,20000
140,So11111111111111111111111111111111111111112-AgDNMAi8r2QS1FQEeTHLsZSmkQKCK7xXP2bR7jQ2pump,WSOL-WTF,WSOL,So11111111111111111111111111111111111111112,WTF,AgDNMAi8r2QS1FQEeTHLsZSmkQKCK7xXP2bR7jQ2pump,195602.18,229881.37,2056867.37,2966172.96,1,2,3,1,2,400,20000
141,So11111111111111111111111111111111111111112-FLJYGHpCCcfYUdzhcfHSeSd2peb5SMajNWaCsRnhpump,WSOL-STORE,WSOL,So11111111111111111111111111111111111111112,STORE,FLJYGHpCCcfYUdzhcfHSeSd2peb5SMajNWaCsRnhpump,293189.4,227785.85,516462.82,1689554.15,1,6,7,1,2,400,20000
142,So11111111111111111111111111111111111111112-43VWkd99HjqkhFTZbWBpMpRhjG469nWa7x7uEsgSH7We,WSOL-STNK,WSOL,So11111111111111111111111111111111111111112,STNK,43VWkd99HjqkhFTZbWBpMpRhjG469nWa7x7uEsgSH7We,1423392.91,223556.49,1926679.04,3134626.88,4,11,15,1,2,400,20000
143,So11111111111111111111111111111111111111112-26VfKb7jjtdEdvfovoBijScoZmJbWWasFZkgfUD5w7cy,WSOL-Mog,WSOL,So11111111111111111111111111111111111111112,Mog,26VfKb7jjtdEdvfovoBijScoZmJbWWasFZkgfUD5w7cy,239906.49,219943.67,1244374.71,1253133.62,2,5,7,1,2,400,20000
144,So11111111111111111111111111111111111111112-6JGSHS9GrE9uG8ix63w3DPMYHrgrJ6J4QyHbBhAepump,WSOL-Crashout,WSOL,So11111111111111111111111111111111111111112,Crashout,6JGSHS9GrE9uG8ix63w3DPMYHrgrJ6J4QyHbBhAepump,283804.67,218450.31,901642.24,3500950.48,2,10,12,1,2,400,20000
145,So11111111111111111111111111111111111111112-HHoXk7WursT9DLBBhHzBWBbuQkfvvoNyHKpJi61mpump,WSOL-TNSR,WSOL,So11111111111111111111111111111111111111112,TNSR,HHoXk7WursT9DLBBhHzBWBbuQkfvvoNyHKpJi61mpump,444155.37,217702.07,878805.4,2082205.58,1,12,13,1,2,400,20000
146,So11111111111111111111111111111111111111112-J1Wpmugrooj1yMyQKrdZ2vwRXG5rhfx3vTnYE39gpump,WSOL-WOULD,WSOL,So11111111111111111111111111111111111111112,WOULD,J1Wpmugrooj1yMyQKrdZ2vwRXG5rhfx3vTnYE39gpump,4882953.2,216415.75,2008371.98,7816478.81,3,0,3,1,2,400,20000
147,So11111111111111111111111111111111111111112-dog1viwbb2vWDpER5FrJ4YFG6gq6XuyFohUe9TXN65u,WSOL-DOG,WSOL,So11111111111111111111111111111111111111112,DOG,dog1viwbb2vWDpER5FrJ4YFG6gq6XuyFohUe9TXN65u,37054.62,205697.43,1747717.26,6390761.46,2,9,11,1,2,400,20000
148,So11111111111111111111111111111111111111112-EfgEGG9PxLhyk1wqtqgGnwgfVC7JYic3vC9BCWLvpump,WSOL-GYAT,WSOL,So11111111111111111111111111111111111111112,GYAT,EfgEGG9PxLhyk1wqtqgGnwgfVC7JYic3vC9BCWLvpump,311168.21,205501.32,583166.99,2241240.45,2,17,19,1,2,400,20000
149,So11111111111111111111111111111111111111112-FHKiJEg2zmhv9DEeaXMSZa7R4P8BPFX5VTRrzrtJpump,WSOL-HIBER,WSOL,So11111111111111111111111111111111111111112,HIBER,FHKiJEg2zmhv9DEeaXMSZa7R4P8BPFX5VTRrzrtJpump,231058.69,205095.56,620403.9,12527398.81,1,5,6,1,2,400,20000
150,So11111111111111111111111111111111111111112-38PgzpJYu2HkiYvV8qePFakB8tuobPdGm2FFEn7Dpump,WSOL-gork,WSOL,So11111111111111111111111111111111111111112,gork,38PgzpJYu2HkiYvV8qePFakB8tuobPdGm2FFEn7Dpump,88717.68,204857.67,1213532.34,8983955.19,3,23,26,1,2,400,20000
151,So11111111111111111111111111111111111111112-CreiuhfwdWCN5mJbMJtA9bBpYQrQF2tCBuZwSPWfpump,WSOL-PYTHIA,WSOL,So11111111111111111111111111111111111111112,PYTHIA,CreiuhfwdWCN5mJbMJtA9bBpYQrQF2tCBuZwSPWfpump,1326451.31,204054.17,1338455.46,10399916.54,2,13,15,1,2,400,20000
152,So11111111111111111111111111111111111111112-92cRC6kV5D7TiHX1j56AbkPbffo9jwcXxSDQZ8Mopump,WSOL-fxn,WSOL,So11111111111111111111111111111111111111112,fxn,92cRC6kV5D7TiHX1j56AbkPbffo9jwcXxSDQZ8Mopump,420713.18,203758.21,683302.87,1928579.6,2,5,7,1,2,400,20000
153,SENDdRQtYMWaQrBroBrJ2Q53fgVuq95CV9UPGEvpCxa-So11111111111111111111111111111111111111112,SEND-WSOL,SEND,SENDdRQtYMWaQrBroBrJ2Q53fgVuq95CV9UPGEvpCxa,WSOL,So11111111111111111111111111111111111111112,240240.31,198030.84,650220.83,1875316.75,1,28,29,1,2,400,20000
154,So11111111111111111111111111111111111111112-BmXfbamFqrBzrqihr9hbSmEsfQUXMVaqshAjgvZupump,WSOL-LUX,WSOL,So11111111111111111111111111111111111111112,LUX,BmXfbamFqrBzrqihr9hbSmEsfQUXMVaqshAjgvZupump,513696.84,194449.81,1073395.87,4147485.0,3,21,24,1,2,400,20000
155,So11111111111111111111111111111111111111112-AsyfR3e5JcPqWot4H5MMhQUm7DZ4zwQrcp2zbB7vpump,WSOL-IQ,WSOL,So11111111111111111111111111111111111111112,IQ,AsyfR3e5JcPqWot4H5MMhQUm7DZ4zwQrcp2zbB7vpump,459060.14,193976.57,1214741.8,3325100.59,1,16,17,1,2,400,20000
156,So11111111111111111111111111111111111111112-E7NgL19JbN8BhUDgWjkH8MtnbhJoaGaWJqosxZZepump,WSOL-PAYAI,WSOL,So11111111111111111111111111111111111111112,PAYAI,E7NgL19JbN8BhUDgWjkH8MtnbhJoaGaWJqosxZZepump,135680.82,192735.48,812427.53,6928305.98,2,0,2,1,2,400,20000
157,So11111111111111111111111111111111111111112-2RBko3xoz56aH69isQMUpzZd9NYHahhwC23A5F3Spkin,WSOL-PKIN,WSOL,So11111111111111111111111111111111111111112,PKIN,2RBko3xoz56aH69isQMUpzZd9NYHahhwC23A5F3Spkin,721479.75,192379.91,1002929.18,3313843.03,2,23,25,1,2,400,20000
158,So11111111111111111111111111111111111111112-J7tYmq2JnQPvxyhcXpCDrvJnc9R5ts8rv7tgVHDPsw7U,WSOL-FLOYDAI,WSOL,So11111111111111111111111111111111111111112,FLOYDAI,J7tYmq2JnQPvxyhcXpCDrvJnc9R5ts8rv7tgVHDPsw7U,546914.01,192349.14,1574318.78,4534916.68,2,8,10,1,2,400,20000
159,So11111111111111111111111111111111111111112-UCYaUNhgB2344N8Qpg4t712V9RHahcpTCejwXKspump,WSOL-mxyz,WSOL,So11111111111111111111111111111111111111112,mxyz,UCYaUNhgB2344N8Qpg4t712V9RHahcpTCejwXKspump,209799.85,188571.37,497730.95,2711140.96,1,8,9,1,2,400,20000
160,So11111111111111111111111111111111111111112-9qriMjPPAJTMCtfQnz7Mo9BsV2jAWTr2ff7yc3JWpump,WSOL-　,WSOL,So11111111111111111111111111111111111111112,　,9qriMjPPAJTMCtfQnz7Mo9BsV2jAWTr2ff7yc3JWpump,793969.95,188488.4,1296303.18,6090353.8,2,16,18,1,2,400,20000
161,So11111111111111111111111111111111111111112-7ZCm8WBN9aLa3o47SoYctU6iLdj7wkGG5SV2hE5CgtD5,WSOL-ELON,WSOL,So11111111111111111111111111111111111111112,ELON,7ZCm8WBN9aLa3o47SoYctU6iLdj7wkGG5SV2hE5CgtD5,213433.61,187439.19,328953.69,576813.73,2,0,2,1,2,400,20000
162,So11111111111111111111111111111111111111112-8CzPPqenpfRXvjE5DHfE3kMDgJhHwWZ1WXRzs44KsamW,WSOL-YAPSTER,WSOL,So11111111111111111111111111111111111111112,YAPSTER,8CzPPqenpfRXvjE5DHfE3kMDgJhHwWZ1WXRzs44KsamW,553069.83,178430.03,295235.99,1420611.68,2,6,8,1,2,400,20000
163,So11111111111111111111111111111111111111112-7h5AzpYTAnh4Gyux8Gqko5Fvx4AYQBZdkzHZ2CsBudvJ,WSOL-Citadail,WSOL,So11111111111111111111111111111111111111112,Citadail,7h5AzpYTAnh4Gyux8Gqko5Fvx4AYQBZdkzHZ2CsBudvJ,421624.65,177584.42,923755.2,3102710.91,2,11,13,1,2,400,20000
164,So11111111111111111111111111111111111111112-4TwC4AiF1uUSHES2eBftGqemp6TqjEnKghqiH6dFpump,WSOL-AKA,WSOL,So11111111111111111111111111111111111111112,AKA,4TwC4AiF1uUSHES2eBftGqemp6TqjEnKghqiH6dFpump,408779.67,175489.31,614598.1,1190229.45,2,13,15,1,2,400,20000
165,A3eME5CetyZPBoWbRUwY3tSe25S6tb18ba9ZPbWk9eFJ-So11111111111111111111111111111111111111112,PENG-WSOL,PENG,A3eME5CetyZPBoWbRUwY3tSe25S6tb18ba9ZPbWk9eFJ,WSOL,So11111111111111111111111111111111111111112,627793.48,174249.7,1003980.68,2132131.76,2,0,2,1,2,400,20000
166,ATRLuHph8dxnPny4WSNW7fxkhbeivBrtWbY6BfB4xpLj-EPjFWdd5AufqSSqeM2qN1xzybapC8G4wEGGkZwyTDt1v,ATR-USDC,ATR,ATRLuHph8dxnPny4WSNW7fxkhbeivBrtWbY6BfB4xpLj,USDC,EPjFWdd5AufqSSqeM2qN1xzybapC8G4wEGGkZwyTDt1v,660257.79,172012.2,1729279.77,6657424.67,2,0,2,1,2,400,20000
167,4YK1njyeCkBuXG6phNtidJWKCbBhB659iwGkUJx98P5Z-So11111111111111111111111111111111111111112,DOLAN-WSOL,DOLAN,4YK1njyeCkBuXG6phNtidJWKCbBhB659iwGkUJx98P5Z,WSOL,So11111111111111111111111111111111111111112,841398.73,171281.45,1451375.69,5085389.1,2,9,11,1,2,400,20000
168,So11111111111111111111111111111111111111112-EBGaJP7srpUUN8eRdta1MsojrNtweuHYsdP3P1TRpump,WSOL-REALIS,WSOL,So11111111111111111111111111111111111111112,REALIS,EBGaJP7srpUUN8eRdta1MsojrNtweuHYsdP3P1TRpump,557657.17,170956.55,797683.05,2699681.89,2,8,10,1,2,400,20000
169,So11111111111111111111111111111111111111112-Aq8Gocyvyyi8xk5EYxd6viUfVmVvs9T9R6mZFzZFpump,WSOL-HYPER,WSOL,So11111111111111111111111111111111111111112,HYPER,Aq8Gocyvyyi8xk5EYxd6viUfVmVvs9T9R6mZFzZFpump,600835.32,170750.92,2074061.19,5623228.34,2,7,9,1,2,400,20000
170,So11111111111111111111111111111111111111112-3an8rhdepsLCya22af7qDBKPbdomw8K4iCHXaA2Gpump,WSOL-Quant,WSOL,So11111111111111111111111111111111111111112,Quant,3an8rhdepsLCya22af7qDBKPbdomw8K4iCHXaA2Gpump,469855.6,165608.71,289251.05,850552.72,2,13,15,1,2,400,20000
171,So11111111111111111111111111111111111111112-Ai4CL1SAxVRigxQFwBH8S2JkuL7EqrdiGwTC7JpCpump,WSOL-AWR,WSOL,So11111111111111111111111111111111111111112,AWR,Ai4CL1SAxVRigxQFwBH8S2JkuL7EqrdiGwTC7JpCpump,492617.94,158421.23,1681840.39,7729317.92,1,6,7,1,2,400,20000
172,So11111111111111111111111111111111111111112-GorvUUSkJGSzJUebM5W6berUkZ5pG8nmnn7tmk74pump,WSOL-ZAILGO,WSOL,So11111111111111111111111111111111111111112,ZAILGO,GorvUUSkJGSzJUebM5W6berUkZ5pG8nmnn7tmk74pump,407446.95,158187.11,1141554.53,1743268.51,2,12,14,1,2,400,20000
173,So11111111111111111111111111111111111111112-SonicxvLud67EceaEzCLRnMTBqzYUUYNr93DBkBdDES,WSOL-SONIC,WSOL,So11111111111111111111111111111111111111112,SONIC,SonicxvLud67EceaEzCLRnMTBqzYUUYNr93DBkBdDES,401868.45,153065.85,778459.2,2088434.3,3,33,36,1,2,400,20000
174,So11111111111111111111111111111111111111112-DPaQfq5sFnoqw2Sh9WMmmASFL9LNu6RdtDqwE1tab2tB,WSOL-SKBDI,WSOL,So11111111111111111111111111111111111111112,SKBDI,DPaQfq5sFnoqw2Sh9WMmmASFL9LNu6RdtDqwE1tab2tB,520275.9,152942.23,945527.47,2134942.76,2,4,6,1,2,400,20000
175,So11111111111111111111111111111111111111112-3JgFwoYV74f6LwWjQWnr3YDPFnmBdwQfNyubv99jqUoq,WSOL-wPOND,WSOL,So11111111111111111111111111111111111111112,wPOND,3JgFwoYV74f6LwWjQWnr3YDPFnmBdwQfNyubv99jqUoq,134367.98,152918.18,1272061.71,4435197.79,2,26,28,1,2,400,20000
176,So11111111111111111111111111111111111111112-F7Hwf8ib5DVCoiuyGr618Y3gon429Rnd1r5F9R5upump,WSOL-WORK,WSOL,So11111111111111111111111111111111111111112,WORK,F7Hwf8ib5DVCoiuyGr618Y3gon429Rnd1r5F9R5upump,161440.65,151417.28,197855.77,433797.4,1,12,13,1,2,400,20000
177,So11111111111111111111111111111111111111112-BLDiYcvm3CLcgZ7XUBPgz6idSAkNmWY6MBbm8Xpjpump,WSOL-TRISIG,WSOL,So11111111111111111111111111111111111111112,TRISIG,BLDiYcvm3CLcgZ7XUBPgz6idSAkNmWY6MBbm8Xpjpump,539325.5,141625.37,1129929.95,4578230.24,2,10,12,1,2,400,20000
178,So11111111111111111111111111111111111111112-5LGyBHMMPwzMunxhcBMn6ZWAuqoHUQmcFiboTJidFURP,WSOL-DeFAI,WSOL,So11111111111111111111111111111111111111112,DeFAI,5LGyBHMMPwzMunxhcBMn6ZWAuqoHUQmcFiboTJidFURP,210470.89,139439.91,554985.55,637388.25,1,5,6,1,2,400,20000
179,BUhS5coXEt9hcxN3JSpGYUWSKbNo96RsKu52LcMo12rf-So11111111111111111111111111111111111111112,meow-WSOL,meow,BUhS5coXEt9hcxN3JSpGYUWSKbNo96RsKu52LcMo12rf,WSOL,So11111111111111111111111111111111111111112,2037950.95,138406.81,1539159.58,6468674.08,2,0,2,1,2,400,20000
180,So11111111111111111111111111111111111111112-AshG5mHt4y4etsjhKFb2wA2rq1XZxKks1EPzcuXwpump,WSOL-Fullsend,WSOL,So11111111111111111111111111111111111111112,Fullsend,AshG5mHt4y4etsjhKFb2wA2rq1XZxKks1EPzcuXwpump,380341.61,136844.44,322028.97,691855.97,1,16,17,1,2,400,20000
181,So11111111111111111111111111111111111111112-5UUH9RTDiSpq6HKS6bp4NdU9PNJpXRXuiw6ShBTBhgH2,WSOL-TROLL,WSOL,So11111111111111111111111111111111111111112,TROLL,5UUH9RTDiSpq6HKS6bp4NdU9PNJpXRXuiw6ShBTBhgH2,25936.1,134994.5,727725.04,5111679.6,2,12,14,1,2,400,20000
182,So11111111111111111111111111111111111111112-8YiB8B43EwDeSx5Jp91VQjgBU4mfCgVvyNahadtzpump,WSOL-Y2K,WSOL,So11111111111111111111111111111111111111112,Y2K,8YiB8B43EwDeSx5Jp91VQjgBU4mfCgVvyNahadtzpump,427597.71,130509.79,686175.36,2307712.71,1,5,6,1,2,400,20000
183,So11111111111111111111111111111111111111112-6yjNqPzTSanBWSa6dxVEgTjePXBrZ2FoHLDQwYwEsyM6,WSOL-Chud,WSOL,So11111111111111111111111111111111111111112,Chud,6yjNqPzTSanBWSa6dxVEgTjePXBrZ2FoHLDQwYwEsyM6,536311.43,129166.93,559848.41,2383228.97,2,9,11,1,2,400,20000
184,So11111111111111111111111111111111111111112-CWY3XDTbN91sSmg4XR3ZgxAVgrhiFv4Ue8gUwwJLbonk,WSOL-BAM,WSOL,So11111111111111111111111111111111111111112,BAM,CWY3XDTbN91sSmg4XR3ZgxAVgrhiFv4Ue8gUwwJLbonk,54251.08,128699.98,885458.18,13457274.87,1,5,6,1,2,400,20000
185,So11111111111111111111111111111111111111112-HFw81sUUPBkNF5tKDanV8VCYTfVY4XbrEEPiwzyypump,WSOL-DUCKAI,WSOL,So11111111111111111111111111111111111111112,DUCKAI,HFw81sUUPBkNF5tKDanV8VCYTfVY4XbrEEPiwzyypump,178094.78,125857.56,607184.64,4717752.29,2,0,2,1,2,400,20000
186,So11111111111111111111111111111111111111112-6tVZVjcppH2BZ9Xj5yFU1Zt34m2rYcyDqqpSeMDZpump,WSOL-miharu,WSOL,So11111111111111111111111111111111111111112,miharu,6tVZVjcppH2BZ9Xj5yFU1Zt34m2rYcyDqqpSeMDZpump,173617.46,122449.12,822451.45,897064.76,2,13,15,1,2,400,20000
187,So11111111111111111111111111111111111111112-GYKmdfcUmZVrqfcH1g579BGjuzSRijj3LBuwv79rpump,WSOL-wDOG,WSOL,So11111111111111111111111111111111111111112,wDOG,GYKmdfcUmZVrqfcH1g579BGjuzSRijj3LBuwv79rpump,382983.39,120973.42,309265.96,499436.79,2,18,20,1,2,400,20000
188,85cQsFgbi8mBZxiPppbpPXuV7j1hA8tBwhjF4gKW6mHg-So11111111111111111111111111111111111111112,Rizzmas-WSOL,Rizzmas,85cQsFgbi8mBZxiPppbpPXuV7j1hA8tBwhjF4gKW6mHg,WSOL,So11111111111111111111111111111111111111112,551290.41,120027.85,541872.59,2510814.79,2,13,15,1,2,400,20000
189,So11111111111111111111111111111111111111112-CRAMvzDsSpXYsFpcoDr6vFLJMBeftez1E7277xwPpump,WSOL-PEPECAT,WSOL,So11111111111111111111111111111111111111112,PEPECAT,CRAMvzDsSpXYsFpcoDr6vFLJMBeftez1E7277xwPpump,462798.11,114034.19,894144.6,4254181.62,2,0,2,1,2,400,20000
190,So11111111111111111111111111111111111111112-4q3Z58YxrZEAVMLtMwnm7eHtodSD3LSpSNt3pDnqpump,WSOL-KOLIN,WSOL,So11111111111111111111111111111111111111112,KOLIN,4q3Z58YxrZEAVMLtMwnm7eHtodSD3LSpSNt3pDnqpump,459653.33,112531.77,742404.57,2816362.51,2,5,7,1,2,400,20000
191,So11111111111111111111111111111111111111112-7RDvypx3p9EWq4nZZKux1ZQAc7DUWXpHTVKxCCnupump,WSOL-KNOT,WSOL,So11111111111111111111111111111111111111112,KNOT,7RDvypx3p9EWq4nZZKux1ZQAc7DUWXpHTVKxCCnupump,216905.8,110685.12,332988.81,517741.73,2,0,2,1,2,400,20000
192,So11111111111111111111111111111111111111112-2TK6MgLTmHDhmdh4EtdnBkYKZPkcjMp6cj3gcWhqpump,WSOL-MMC,WSOL,So11111111111111111111111111111111111111112,MMC,2TK6MgLTmHDhmdh4EtdnBkYKZPkcjMp6cj3gcWhqpump,149299.37,109635.82,1973122.78,2019564.86,2,0,2,1,2,400,20000
193,So11111111111111111111111111111111111111112-BoAQaykj3LtkM2Brevc7cQcRAzpqcsP47nJ2rkyopump,WSOL-FOREST,WSOL,So11111111111111111111111111111111111111112,FOREST,BoAQaykj3LtkM2Brevc7cQcRAzpqcsP47nJ2rkyopump,516344.4,106676.77,706374.97,1219971.5,2,10,12,1,2,400,20000
194,So11111111111111111111111111111111111111112-ts3foLrNUMvwdVeit1oNeLWjYk7e4qsn8PqSsqRpump,WSOL-ANTIRUG,WSOL,So11111111111111111111111111111111111111112,ANTIRUG,ts3foLrNUMvwdVeit1oNeLWjYk7e4qsn8PqSsqRpump,237956.24,106571.41,1388561.53,2710544.53,2,10,12,1,2,400,20000
195,So11111111111111111111111111111111111111112-FVvd3s9dZYzsgitkJyWbmycSc8MkYZjyF7oqAEvmSxTZ,WSOL-WILD,WSOL,So11111111111111111111111111111111111111112,WILD,FVvd3s9dZYzsgitkJyWbmycSc8MkYZjyF7oqAEvmSxTZ,261733.1,104590.9,642445.63,643087.99,2,0,2,1,2,400,20000
196,So11111111111111111111111111111111111111112-Fxm6tJ2khHbLVcSgnYUqg9FiBduVRLEvdQR67dvQ3eGp,WSOL-NAI,WSOL,So11111111111111111111111111111111111111112,NAI,Fxm6tJ2khHbLVcSgnYUqg9FiBduVRLEvdQR67dvQ3eGp,131921.09,103779.09,367354.46,505536.09,2,7,9,1,2,400,20000
197,So11111111111111111111111111111111111111112-7M3gDRgozcumFsiTeXwjB8cYxpg7Q9R7rH7rkw2Fpump,WSOL-CRIME,WSOL,So11111111111111111111111111111111111111112,CRIME,7M3gDRgozcumFsiTeXwjB8cYxpg7Q9R7rH7rkw2Fpump,280056.32,103599.83,834583.56,972158.69,1,4,5,1,2,400,20000
198,So11111111111111111111111111111111111111112-GmbC2HgWpHpq9SHnmEXZNT5e1zgcU9oASDqbAkGTpump,WSOL-CATANA,WSOL,So11111111111111111111111111111111111111112,CATANA,GmbC2HgWpHpq9SHnmEXZNT5e1zgcU9oASDqbAkGTpump,340422.05,102472.24,640273.76,1853510.92,2,13,15,1,2,400,20000
199,So11111111111111111111111111111111111111112-2G8LH53fcr3aCrEsmAo73eunbZRbyjKrGH5qmur6pump,WSOL-supercycle,WSOL,So11111111111111111111111111111111111111112,supercycle,2G8LH53fcr3aCrEsmAo73eunbZRbyjKrGH5qmur6pump,246242.7,100287.84,908867.76,1573461.71,2,0,2,1,2,400,20000
200,6dKCoWjpj5MFU5gWDEFdpUUeBasBLK3wLEwhUzQPAa1e-EPjFWdd5AufqSSqeM2qN1xzybapC8G4wEGGkZwyTDt1v,CHEX-USDC,CHEX,6dKCoWjpj5MFU5gWDEFdpUUeBasBLK3wLEwhUzQPAa1e,USDC,EPjFWdd5AufqSSqeM2qN1xzybapC8G4wEGGkZwyTDt1v,672012.87,98927.47,992405.61,3219379.09,1,8,9,1,2,400,20000
201,So11111111111111111111111111111111111111112-8SpPaFLycx897D6sowPZkEkcNdDahzRZb5itr6D8pump,WSOL-LEA,WSOL,So11111111111111111111111111111111111111112,LEA,8SpPaFLycx897D6sowPZkEkcNdDahzRZb5itr6D8pump,490570.18,96319.32,650759.96,3183306.37,3,6,9,1,2,400,20000
202,So11111111111111111111111111111111111111112-5QS7RcHfGUa2ZtrovPvEJMB9coqroiT7H48dPSwFpump,WSOL-AIOS,WSOL,So11111111111111111111111111111111111111112,AIOS,5QS7RcHfGUa2ZtrovPvEJMB9coqroiT7H48dPSwFpump,482858.51,95842.98,568333.18,5569465.55,2,16,18,1,2,400,20000
203,So11111111111111111111111111111111111111112-DNMTk67urDBxEEVRx9HjVzCVu8en4Kgg5HfZy3E6pump,WSOL-ASYM,WSOL,So11111111111111111111111111111111111111112,ASYM,DNMTk67urDBxEEVRx9HjVzCVu8en4Kgg5HfZy3E6pump,242455.76,95421.25,297122.68,1454361.36,1,7,8,1,2,400,20000
204,So11111111111111111111111111111111111111112-CX9YDTED9TWgVXVoFy8JL9gSSAEWcTv4mzjLSv17LQsj,WSOL-DRUGS,WSOL,So11111111111111111111111111111111111111112,DRUGS,CX9YDTED9TWgVXVoFy8JL9gSSAEWcTv4mzjLSv17LQsj,87898.08,95231.95,255921.54,323923.91,3,0,3,1,2,400,20000
205,So11111111111111111111111111111111111111112-8bdhP1UQMevciC9oJ7NrvgDfoW8XPXPfbkkm6vKtMS7N,WSOL-SPORE,WSOL,So11111111111111111111111111111111111111112,SPORE,8bdhP1UQMevciC9oJ7NrvgDfoW8XPXPfbkkm6vKtMS7N,231828.99,94179.72,182104.09,529586.77,2,13,15,1,2,400,20000
206,26KMQVgDUoB6rEfnJ51yAABWWJND8uMtpnQgsHQ64Udr-So11111111111111111111111111111111111111112,HAMMY-WSOL,HAMMY,26KMQVgDUoB6rEfnJ51yAABWWJND8uMtpnQgsHQ64Udr,WSOL,So11111111111111111111111111111111111111112,393096.02,93677.24,481223.64,816329.09,1,18,19,1,2,400,20000
207,So11111111111111111111111111111111111111112-9hfKxLSnwh4LhpRgmxBYDRgrKeYUgszMePKxuidPpump,WSOL-KIT,WSOL,So11111111111111111111111111111111111111112,KIT,9hfKxLSnwh4LhpRgmxBYDRgrKeYUgszMePKxuidPpump,227744.47,92135.9,437581.03,2147133.1,1,11,12,1,2,400,20000
208,So11111111111111111111111111111111111111112-6UxB5HCuuNm2HoHCp4TFVkPPE38L5zktESYKZ7Q5RC3f,WSOL-INTERN,WSOL,So11111111111111111111111111111111111111112,INTERN,6UxB5HCuuNm2HoHCp4TFVkPPE38L5zktESYKZ7Q5RC3f,117645.23,91798.22,122692.38,181133.45,1,5,6,1,2,400,20000
209,So11111111111111111111111111111111111111112-BeGY8KqKxboEwRbJd1q9H2K829jS4Rc5dEyNMYXCbV5p,WSOL-NPC,WSOL,So11111111111111111111111111111111111111112,NPC,BeGY8KqKxboEwRbJd1q9H2K829jS4Rc5dEyNMYXCbV5p,999907.64,91696.48,963990.32,2831726.9,2,0,2,1,2,400,20000
210,So11111111111111111111111111111111111111112-FqnqT1GKi8S4Gyk5wnSKvJjXW48HqGtKJt9WS4o2pump,WSOL-Bakso,WSOL,So11111111111111111111111111111111111111112,Bakso,FqnqT1GKi8S4Gyk5wnSKvJjXW48HqGtKJt9WS4o2pump,100908.04,91354.41,267603.5,292796.09,1,5,6,1,2,400,20000
211,So11111111111111111111111111111111111111112-EQs4DEeaSyrhRPM6JPsf2ptLf4EHkcGXB7ybeufxpump,WSOL-saint,WSOL,So11111111111111111111111111111111111111112,saint,EQs4DEeaSyrhRPM6JPsf2ptLf4EHkcGXB7ybeufxpump,176884.44,91114.38,591707.14,4123632.99,2,0,2,1,2,400,20000
212,So11111111111111111111111111111111111111112-3iQL8BFS2vE7mww4ehAqQHAsbmRNCrPxizWAT2Zfyr9y,WSOL-VIRTUAL,WSOL,So11111111111111111111111111111111111111112,VIRTUAL,3iQL8BFS2vE7mww4ehAqQHAsbmRNCrPxizWAT2Zfyr9y,103853.7,90012.81,445184.58,820264.48,1,23,24,1,2,400,20000
213,So11111111111111111111111111111111111111112-WEmjxPMGXEW1Nvc4rCgRKiWHj1H1tvhPsKMw2yvpump,WSOL-DIGIMON,WSOL,So11111111111111111111111111111111111111112,DIGIMON,WEmjxPMGXEW1Nvc4rCgRKiWHj1H1tvhPsKMw2yvpump,237775.16,89928.76,707729.71,7259347.67,1,9,10,1,2,400,20000
214,So11111111111111111111111111111111111111112-zGh48JtNHVBb5evgoZLXwgPD2Qu4MhkWdJLGDAupump,WSOL-retire,WSOL,So11111111111111111111111111111111111111112,retire,zGh48JtNHVBb5evgoZLXwgPD2Qu4MhkWdJLGDAupump,363581.07,89027.84,788214.89,3765583.56,2,5,7,1,2,400,20000
215,So11111111111111111111111111111111111111112-EmhVWGUa2Q9PN4QjzFjvuVyzFKg4s3ERwjKR9dQDpump,WSOL-DTF,WSOL,So11111111111111111111111111111111111111112,DTF,EmhVWGUa2Q9PN4QjzFjvuVyzFKg4s3ERwjKR9dQDpump,255590.06,87591.73,168702.51,853457.46,2,6,8,1,2,400,20000
216,Faf89929Ni9fbg4gmVZTca7eW6NFg877Jqn6MizT3Gvw-So11111111111111111111111111111111111111112,WOLF-WSOL,WOLF,Faf89929Ni9fbg4gmVZTca7eW6NFg877Jqn6MizT3Gvw,WSOL,So11111111111111111111111111111111111111112,639303.43,85121.45,422668.41,891653.67,2,0,2,1,2,400,20000
217,So11111111111111111111111111111111111111112-B89Hd5Juz7JP2dxCZXFJWk4tMTcbw7feDhuWGb3kq5qE,WSOL-NC,WSOL,So11111111111111111111111111111111111111112,NC,B89Hd5Juz7JP2dxCZXFJWk4tMTcbw7feDhuWGb3kq5qE,299119.5,84291.71,1044445.81,2042924.78,2,23,25,1,2,400,20000
218,5d3kw2KR7hfaja214tL9hqYSxFSoq9uDF9GB7GKboop-So11111111111111111111111111111111111111112,FARM-WSOL,FARM,5d3kw2KR7hfaja214tL9hqYSxFSoq9uDF9GB7GKboop,WSOL,So11111111111111111111111111111111111111112,75641.87,84085.85,1610629.26,4937655.6,2,0,2,1,2,400,20000
219,So11111111111111111111111111111111111111112-6TcoT3vcexjsMuuLvS9DhBUrVVcoqBMHEppQGQLMpump,WSOL-BNTY,WSOL,So11111111111111111111111111111111111111112,BNTY,6TcoT3vcexjsMuuLvS9DhBUrVVcoqBMHEppQGQLMpump,259455.49,83786.29,245718.54,987774.95,1,8,9,1,2,400,20000
220,So11111111111111111111111111111111111111112-CS7LmjtuugEUWtFgfyto79nrksKigv7Fdcp9qPuigdLs,WSOL-Manyu,WSOL,So11111111111111111111111111111111111111112,Manyu,CS7LmjtuugEUWtFgfyto79nrksKigv7Fdcp9qPuigdLs,270759.87,83482.62,507061.64,665324.11,2,0,2,1,2,400,20000
221,65nTNuJGHme4PQvKQyJykKp1bJAkK4A8Q66sd2yBWugf-So11111111111111111111111111111111111111112,RBT-WSOL,RBT,65nTNuJGHme4PQvKQyJykKp1bJAkK4A8Q66sd2yBWugf,WSOL,So11111111111111111111111111111111111111112,440036.27,82771.68,280184.71,1100164.16,2,0,2,1,2,400,20000
222,So11111111111111111111111111111111111111112-GwkEDwePTa6aFosh9xzAniGK1zvLrQ5yPJfLnqwmuyhG,WSOL-HYPERSKIDS,WSOL,So11111111111111111111111111111111111111112,HYPERSKIDS,GwkEDwePTa6aFosh9xzAniGK1zvLrQ5yPJfLnqwmuyhG,28636.31,80358.31,348698.54,1157693.07,1,12,13,1,2,400,20000
223,So11111111111111111111111111111111111111112-DEf93bSt8dx58gDFCcz4CwbjYZzjwaRBYAciJYLfdCA9,WSOL-KWEEN,WSOL,So11111111111111111111111111111111111111112,KWEEN,DEf93bSt8dx58gDFCcz4CwbjYZzjwaRBYAciJYLfdCA9,458756.69,80254.63,348193.72,971006.3,2,0,2,1,2,400,20000
224,So11111111111111111111111111111111111111112-FLqmVrv6cp7icjobpRMQJMEyjF3kF84QmC4HXpySpump,WSOL-BUCK,WSOL,So11111111111111111111111111111111111111112,BUCK,FLqmVrv6cp7icjobpRMQJMEyjF3kF84QmC4HXpySpump,428647.0,79310.61,203092.79,781034.74,2,0,2,1,2,400,20000
225,So11111111111111111111111111111111111111112-4NBTf8PfLH4oLFnwf3knv46FY9i5oXjDxffCetXRpump,WSOL-YzY,WSOL,So11111111111111111111111111111111111111112,YzY,4NBTf8PfLH4oLFnwf3knv46FY9i5oXjDxffCetXRpump,532538.93,78036.24,524870.67,3609101.74,2,0,2,1,2,400,20000
226,So11111111111111111111111111111111111111112-FViMp5phQH2bX81S7Yyn1yXjj3BRddFBNcMCbTH8FCze,WSOL-$TOAD,WSOL,So11111111111111111111111111111111111111112,$TOAD,FViMp5phQH2bX81S7Yyn1yXjj3BRddFBNcMCbTH8FCze,354749.63,77438.25,334868.46,1028067.77,3,0,3,1,2,400,20000
227,85VBFQZC9TZkfaptBWjvUw7YbZjy52A6mjtPGjstQAmQ-EPjFWdd5AufqSSqeM2qN1xzybapC8G4wEGGkZwyTDt1v,W-USDC,W,85VBFQZC9TZkfaptBWjvUw7YbZjy52A6mjtPGjstQAmQ,USDC,EPjFWdd5AufqSSqeM2qN1xzybapC8G4wEGGkZwyTDt1v,238249.45,76486.04,322316.91,983718.78,2,16,18,1,2,400,20000
228,So11111111111111111111111111111111111111112-FrkF4GNdqKZLuzWXTk1imqMJRGK9uxCRE3PaBKZbpump,WSOL-DRIP,WSOL,So11111111111111111111111111111111111111112,DRIP,FrkF4GNdqKZLuzWXTk1imqMJRGK9uxCRE3PaBKZbpump,120423.05,76433.33,362516.26,3452592.37,2,0,2,1,2,400,20000
229,So11111111111111111111111111111111111111112-7iagMTDPfNSR5zVcERT1To7A9eaQoz58dJAh42EMHcCC,WSOL-YAKUB,WSOL,So11111111111111111111111111111111111111112,YAKUB,7iagMTDPfNSR5zVcERT1To7A9eaQoz58dJAh42EMHcCC,252399.98,75154.96,299844.31,521177.04,2,0,2,1,2,400,20000
230,So11111111111111111111111111111111111111112-9bNUjxEvygayUE2ZRN5zh9Hhjh6cN6GPK4zoHzXXpump,WSOL-MOSS,WSOL,So11111111111111111111111111111111111111112,MOSS,9bNUjxEvygayUE2ZRN5zh9Hhjh6cN6GPK4zoHzXXpump,203142.58,73800.21,321868.01,1025420.13,2,7,9,1,2,400,20000
231,So11111111111111111111111111111111111111112-KMnDBXcPXoz6oMJW5XG4tXdwSWpmWEP2RQM1Uujpump,WSOL-FIGHT,WSOL,So11111111111111111111111111111111111111112,FIGHT,KMnDBXcPXoz6oMJW5XG4tXdwSWpmWEP2RQM1Uujpump,393291.99,72674.4,458151.19,2654756.51,2,16,18,1,2,400,20000
232,So11111111111111111111111111111111111111112-89S9RdgynPq5odSRmcCDAzg26iYuRw4wqUmzMbjUpump,WSOL-EKKO,WSOL,So11111111111111111111111111111111111111112,EKKO,89S9RdgynPq5odSRmcCDAzg26iYuRw4wqUmzMbjUpump,145263.07,72515.11,301569.38,1140080.71,1,5,6,1,2,400,20000
233,BEyp5W9oQosUDD2hPt2Qeg6fuAkNUbnvR6ZJhD8Ybonk-So11111111111111111111111111111111111111112,BONKBOY-WSOL,BONKBOY,BEyp5W9oQosUDD2hPt2Qeg6fuAkNUbnvR6ZJhD8Ybonk,WSOL,So11111111111111111111111111111111111111112,38872.29,72492.26,339793.79,1946967.46,2,0,2,1,2,400,20000
234,So11111111111111111111111111111111111111112-5XyKkFaJpAmsH4Tf2EFj3S61W3hC5cJhxNZQQ5h1pump,WSOL-Luigi,WSOL,So11111111111111111111111111111111111111112,Luigi,5XyKkFaJpAmsH4Tf2EFj3S61W3hC5cJhxNZQQ5h1pump,620315.57,70940.03,322751.72,2402553.0,3,19,22,1,2,400,20000
235,So11111111111111111111111111111111111111112-B5WTLaRwaUQpKk7ir1wniNB6m5o8GgMrimhKMYan2R6B,WSOL-Pepe,WSOL,So11111111111111111111111111111111111111112,Pepe,B5WTLaRwaUQpKk7ir1wniNB6m5o8GgMrimhKMYan2R6B,457842.3,66913.93,556423.47,4250644.67,3,0,3,1,2,400,20000
236,So11111111111111111111111111111111111111112-8AS9yeGsAwvTs9gCDKMmB2MgX8NiSvv4uppH61yqpump,WSOL-$horny,WSOL,So11111111111111111111111111111111111111112,$horny,8AS9yeGsAwvTs9gCDKMmB2MgX8NiSvv4uppH61yqpump,213338.75,66285.18,404408.04,2212680.14,1,7,8,1,2,400,20000
237,So11111111111111111111111111111111111111112-62CsquahdQ3J286G9UTqV6whxryfihdV4yg7kSJnpump,WSOL-BGG1,WSOL,So11111111111111111111111111111111111111112,BGG1,62CsquahdQ3J286G9UTqV6whxryfihdV4yg7kSJnpump,285228.82,63944.89,169747.09,467185.46,1,14,15,1,2,400,20000
238,So11111111111111111111111111111111111111112-8tdzC7mFKhmfPg3KdSBafHqH7jgi3CvKomfj3Hhupump,WSOL-TgMetrics,WSOL,So11111111111111111111111111111111111111112,TgMetrics,8tdzC7mFKhmfPg3KdSBafHqH7jgi3CvKomfj3Hhupump,152646.6,63636.34,566878.08,990363.51,2,0,2,1,2,400,20000
239,So11111111111111111111111111111111111111112-H33XL6HHDReCVRgSApZpsXM7Hy7JGyLztRJaGxjapump,WSOL-APPLE,WSOL,So11111111111111111111111111111111111111112,APPLE,H33XL6HHDReCVRgSApZpsXM7Hy7JGyLztRJaGxjapump,226492.86,63567.46,247454.14,643202.2,1,16,17,1,2,400,20000
240,So11111111111111111111111111111111111111112-9psiRdn9cXYVps4F1kFuoNjd2EtmqNJXrCPmRppJpump,WSOL-UBC,WSOL,So11111111111111111111111111111111111111112,UBC,9psiRdn9cXYVps4F1kFuoNjd2EtmqNJXrCPmRppJpump,401104.88,62858.95,366034.27,1423333.75,2,16,18,1,2,400,20000
241,So11111111111111111111111111111111111111112-HhCLbkW6FwhriTkk81W8tYstsRCLUu6Y7Je1SQjVpump,WSOL-KIKI,WSOL,So11111111111111111111111111111111111111112,KIKI,HhCLbkW6FwhriTkk81W8tYstsRCLUu6Y7Je1SQjVpump,342690.57,62573.25,604080.3,1715326.75,2,7,9,1,2,400,20000
242,So11111111111111111111111111111111111111112-9So52ugZh2BLBT3f7p61947q91uQh2DyvbfyMDeRpump,WSOL-MUSKIT,WSOL,So11111111111111111111111111111111111111112,MUSKIT,9So52ugZh2BLBT3f7p61947q91uQh2DyvbfyMDeRpump,258382.69,61555.98,366087.72,4045643.94,2,9,11,1,2,400,20000
243,3psH1Mj1f7yUfaD5gh6Zj7epE8hhrMkMETgv5TshQA4o-So11111111111111111111111111111111111111112,boden-WSOL,boden,3psH1Mj1f7yUfaD5gh6Zj7epE8hhrMkMETgv5TshQA4o,WSOL,So11111111111111111111111111111111111111112,572043.21,60522.32,2302314.74,3178714.29,2,16,18,1,2,400,20000
244,So11111111111111111111111111111111111111112-7JA5eZdCzztSfQbJvS8aVVxMFfd81Rs9VvwnocV1mKHu,WSOL-GEOD,WSOL,So11111111111111111111111111111111111111112,GEOD,7JA5eZdCzztSfQbJvS8aVVxMFfd81Rs9VvwnocV1mKHu,223274.2,59334.83,227052.73,831032.13,1,3,4,1,2,400,20000
245,So11111111111111111111111111111111111111112-UbESBaztbkxJRWxPcfDeK8Fft15igTbrv3sed1bsegM,WSOL-GCATS,WSOL,So11111111111111111111111111111111111111112,GCATS,UbESBaztbkxJRWxPcfDeK8Fft15igTbrv3sed1bsegM,67314.35,58378.73,244776.11,17980982.61,1,8,9,1,2,400,20000
246,HfMbPyDdZH6QMaDDUokjYCkHxzjoGBMpgaUvpLWGbF5p-So11111111111111111111111111111111111111112,PBTC-WSOL,PBTC,HfMbPyDdZH6QMaDDUokjYCkHxzjoGBMpgaUvpLWGbF5p,WSOL,So11111111111111111111111111111111111111112,305437.78,57563.92,251945.4,937372.99,2,11,13,1,2,400,20000
247,So11111111111111111111111111111111111111112-5UAMZkfNmuVcKzr2wo8Jqw4R1k8vfdAVJNN6h3bVpump,WSOL-LIMBO,WSOL,So11111111111111111111111111111111111111112,LIMBO,5UAMZkfNmuVcKzr2wo8Jqw4R1k8vfdAVJNN6h3bVpump,483033.68,57245.41,389894.46,1189287.26,2,8,10,1,2,400,20000
248,So11111111111111111111111111111111111111112-AxDKAyDsC7p8C5MeDFX6FKV2MPCSGwzkRfGY2qZZpump,WSOL-NOVA,WSOL,So11111111111111111111111111111111111111112,NOVA,AxDKAyDsC7p8C5MeDFX6FKV2MPCSGwzkRfGY2qZZpump,158028.78,56895.94,229291.79,773327.45,2,0,2,1,2,400,20000
249,So11111111111111111111111111111111111111112-8tSeXYSXzFvaDX1nbWrEFFaFuPHuWqpzksKYxQPvpump,WSOL-VIBE,WSOL,So11111111111111111111111111111111111111112,VIBE,8tSeXYSXzFvaDX1nbWrEFFaFuPHuWqpzksKYxQPvpump,329057.68,54395.24,530334.14,1137491.25,3,5,8,1,2,400,20000
250,ATLASXmbPQxBUYbxPsV97usA3fPQYEqzQBUHgiFCUsXx-EPjFWdd5AufqSSqeM2qN1xzybapC8G4wEGGkZwyTDt1v,ATLAS-USDC,ATLAS,ATLASXmbPQxBUYbxPsV97usA3fPQYEqzQBUHgiFCUsXx,USDC,EPjFWdd5AufqSSqeM2qN1xzybapC8G4wEGGkZwyTDt1v,142779.9,53341.12,577334.09,1352067.38,3,6,9,1,2,400,20000
251,Jambjx1oJoZNBZiqbiF9TqgatEZPdyfvYa9WVsKNzUh-So11111111111111111111111111111111111111112,J-WSOL,J,Jambjx1oJoZNBZiqbiF9TqgatEZPdyfvYa9WVsKNzUh,WSOL,So11111111111111111111111111111111111111112,906820.91,51471.52,900859.06,2522732.0,1,11,12,1,2,400,20000
252,GJgHsc1HU4ibmzW6oWQr8L2RRT95ATc1BoNuLkp94AwU-So11111111111111111111111111111111111111112,WBS-WSOL,WBS,GJgHsc1HU4ibmzW6oWQr8L2RRT95ATc1BoNuLkp94AwU,WSOL,So11111111111111111111111111111111111111112,316559.57,50851.81,219985.53,1057686.59,2,0,2,1,2,400,20000
253,rndrizKT3MK1iimdxRdWabcF7Zg7AR5T4nud4EkHBof-EPjFWdd5AufqSSqeM2qN1xzybapC8G4wEGGkZwyTDt1v,RENDER-USDC,RENDER,rndrizKT3MK1iimdxRdWabcF7Zg7AR5T4nud4EkHBof,USDC,EPjFWdd5AufqSSqeM2qN1xzybapC8G4wEGGkZwyTDt1v,55146.25,49382.68,339151.39,1366250.87,1,8,9,1,2,400,20000
254,So11111111111111111111111111111111111111112-3MyaQBG7y3SHLQZa282Jh2xtB2TZKHGzNp1CuZ4Cpump,WSOL-Qude,WSOL,So11111111111111111111111111111111111111112,Qude,3MyaQBG7y3SHLQZa282Jh2xtB2TZKHGzNp1CuZ4Cpump,245033.55,49356.13,228741.7,1413490.68,3,12,15,1,2,400,20000
255,3TWgDvYBL2YPET2LxnWAwsMeoA8aL4DutNuwat2pKCjC-So11111111111111111111111111111111111111112,KHAI-WSOL,KHAI,3TWgDvYBL2YPET2LxnWAwsMeoA8aL4DutNuwat2pKCjC,WSOL,So11111111111111111111111111111111111111112,293444.95,49143.08,396841.34,861152.49,3,11,14,1,2,400,20000
256,So11111111111111111111111111111111111111112-Zc4uJVrHC2APe9qKwBD11Gg4BbvQr3naM8f7Wiopump,WSOL-pep ,WSOL,So11111111111111111111111111111111111111112,pep ,Zc4uJVrHC2APe9qKwBD11Gg4BbvQr3naM8f7Wiopump,323637.46,47992.52,705335.32,3001356.11,2,16,18,1,2,400,20000
257,So11111111111111111111111111111111111111112-CTgiaZUK12kCcB8sosn4Nt2NZtzLgtPqDwyQyr2syATC,WSOL-BITCOIN,WSOL,So11111111111111111111111111111111111111112,BITCOIN,CTgiaZUK12kCcB8sosn4Nt2NZtzLgtPqDwyQyr2syATC,317602.17,47290.24,707284.35,1009631.17,1,4,5,1,2,400,20000
258,So11111111111111111111111111111111111111112-69G8CpUVZAxbPMiEBrfCCCH445NwFxH6PzVL693Xpump,WSOL-xavier,WSOL,So11111111111111111111111111111111111111112,xavier,69G8CpUVZAxbPMiEBrfCCCH445NwFxH6PzVL693Xpump,223416.63,47015.33,253503.59,1032484.07,2,4,6,1,2,400,20000
259,Cwe5k2iEy8dt7vCGY93GBrqQS4FWyac6pQjvjLcPD6qp-So11111111111111111111111111111111111111112,AROK-WSOL,AROK,Cwe5k2iEy8dt7vCGY93GBrqQS4FWyac6pQjvjLcPD6qp,WSOL,So11111111111111111111111111111111111111112,266338.78,46965.56,186643.33,213653.96,2,0,2,1,2,400,20000
260,ULwSJmmpxmnRfpu6BjnK6rprKXqD5jXUmPpS1FxHXFy-So11111111111111111111111111111111111111112,HEGE-WSOL,HEGE,ULwSJmmpxmnRfpu6BjnK6rprKXqD5jXUmPpS1FxHXFy,WSOL,So11111111111111111111111111111111111111112,1037144.86,46835.53,560725.51,1706885.4,2,5,7,1,2,400,20000
261,7dHbWXmci3dT8UFYWYZweBLXgycu7Y3iL6trKn1Y7ARj-EPjFWdd5AufqSSqeM2qN1xzybapC8G4wEGGkZwyTDt1v,stSOL-USDC,stSOL,7dHbWXmci3dT8UFYWYZweBLXgycu7Y3iL6trKn1Y7ARj,USDC,EPjFWdd5AufqSSqeM2qN1xzybapC8G4wEGGkZwyTDt1v,474333.04,46679.37,286541.41,828577.08,3,0,3,1,2,400,20000
262,So11111111111111111111111111111111111111112-FABELyo4mGW399dBZJhMeD988o2hEPu3B3LNWtuW4ueN,WSOL-FABEL,WSOL,So11111111111111111111111111111111111111112,FABEL,FABELyo4mGW399dBZJhMeD988o2hEPu3B3LNWtuW4ueN,132724.27,45357.2,227698.86,2953920.35,2,1,3,1,2,400,20000
263,So11111111111111111111111111111111111111112-6HgJHzGpq3fSLmkepsaC8F3VtpUWfXcG4hmUaf4Vpump,WSOL-REGENT,WSOL,So11111111111111111111111111111111111111112,REGENT,6HgJHzGpq3fSLmkepsaC8F3VtpUWfXcG4hmUaf4Vpump,213074.35,45356.58,212049.82,713500.88,1,8,9,1,2,400,20000
264,So11111111111111111111111111111111111111112-FQgtfugBdpFN7PZ6NdPrZpVLDBrPGxXesi4gVu3vErhY,WSOL-BMT,WSOL,So11111111111111111111111111111111111111112,BMT,FQgtfugBdpFN7PZ6NdPrZpVLDBrPGxXesi4gVu3vErhY,940013.25,45257.28,1182458.59,5926233.3,1,7,8,1,2,400,20000
265,GinNabffZL4fUj9Vactxha74GDAW8kDPGaHqMtMzps2f-So11111111111111111111111111111111111111112,GINNAN-WSOL,GINNAN,GinNabffZL4fUj9Vactxha74GDAW8kDPGaHqMtMzps2f,WSOL,So11111111111111111111111111111111111111112,249424.25,45097.98,316758.3,500600.01,2,11,13,1,2,400,20000
266,So11111111111111111111111111111111111111112-BP8RUdhLKBL2vgVXc3n7oTSZKWaQVbD8S6QcPaMVBAPo,WSOL-FAFO,WSOL,So11111111111111111111111111111111111111112,FAFO,BP8RUdhLKBL2vgVXc3n7oTSZKWaQVbD8S6QcPaMVBAPo,345546.86,43701.15,358183.31,1562095.12,2,26,28,1,2,400,20000
267,So11111111111111111111111111111111111111112-on1ymEH2bpWnhkten2jibzDVhaxJ8RpyWYwS61aQ7M4,WSOL-ONLYBLINK,WSOL,So11111111111111111111111111111111111111112,ONLYBLINK,on1ymEH2bpWnhkten2jibzDVhaxJ8RpyWYwS61aQ7M4,111990.48,43000.41,68711.03,132974.02,1,8,9,1,2,400,20000
268,So11111111111111111111111111111111111111112-GangK9z6ebVdonVRAbMwsQzy2ougUAK5x1GQ7Uf7daos,WSOL-BBL,WSOL,So11111111111111111111111111111111111111112,BBL,GangK9z6ebVdonVRAbMwsQzy2ougUAK5x1GQ7Uf7daos,87582.25,42491.55,1026910.0,1026910.0,4,0,4,1,2,400,20000
269,So11111111111111111111111111111111111111112-C3DwDjT17gDvvCYC2nsdGHxDHVmQRdhKfpAdqQ29pump,WSOL-RFC,WSOL,So11111111111111111111111111111111111111112,RFC,C3DwDjT17gDvvCYC2nsdGHxDHVmQRdhKfpAdqQ29pump,21481.69,41833.48,1426236.69,13548448.06,2,22,24,1,2,400,20000
270,So11111111111111111111111111111111111111112-8cNmp9T2CMQRNZhNRoeSvr57LDf1kbZ42SvgsSWfpump,WSOL-JAIL,WSOL,So11111111111111111111111111111111111111112,JAIL,8cNmp9T2CMQRNZhNRoeSvr57LDf1kbZ42SvgsSWfpump,216778.9,41737.98,175898.17,418423.43,2,9,11,1,2,400,20000
271,So11111111111111111111111111111111111111112-4BBjpGwLgGmUxtT82YFK9xMhcvyy3zgf3HpxTRip1YoU,WSOL-Mundi,WSOL,So11111111111111111111111111111111111111112,Mundi,4BBjpGwLgGmUxtT82YFK9xMhcvyy3zgf3HpxTRip1YoU,347477.82,41723.46,143278.19,2010857.65,2,3,5,1,2,400,20000
272,So11111111111111111111111111111111111111112-BfdVHnbt9LSNAFCZU9kvTjbrH3jX78sv2siLKGQ7pump,WSOL-koto,WSOL,So11111111111111111111111111111111111111112,koto,BfdVHnbt9LSNAFCZU9kvTjbrH3jX78sv2siLKGQ7pump,322647.97,40753.33,249692.62,791201.5,2,6,8,1,2,400,20000
273,KQijDbNJ6rPCqhtXrfH6gKa5cH3a39At8vHq34nnPbF-So11111111111111111111111111111111111111112,DOGE-WSOL,DOGE,KQijDbNJ6rPCqhtXrfH6gKa5cH3a39At8vHq34nnPbF,WSOL,So11111111111111111111111111111111111111112,216355.04,40117.76,327463.67,784439.21,2,0,2,1,2,400,20000
274,So11111111111111111111111111111111111111112-5SRer48NRfmhsut1n4ZwSAVUJAErNjdKcXTMVaxdpump,WSOL-GARY,WSOL,So11111111111111111111111111111111111111112,GARY,5SRer48NRfmhsut1n4ZwSAVUJAErNjdKcXTMVaxdpump,175839.95,39870.2,265598.83,1485963.38,1,3,4,1,2,400,20000
275,7fb49Wrtx5xksfzGxsa8Y1zV1CCyeimmysGYKkirzCUm-EPjFWdd5AufqSSqeM2qN1xzybapC8G4wEGGkZwyTDt1v,DAILYBET-USDC,DAILYBET,7fb49Wrtx5xksfzGxsa8Y1zV1CCyeimmysGYKkirzCUm,USDC,EPjFWdd5AufqSSqeM2qN1xzybapC8G4wEGGkZwyTDt1v,231941.79,39421.65,164668.74,1031409.57,2,0,2,1,2,400,20000
276,2Dyzu65QA9zdX1UeE7Gx71k7fiwyUK6sZdrvJ7auq5wm-So11111111111111111111111111111111111111112,TURBO-WSOL,TURBO,2Dyzu65QA9zdX1UeE7Gx71k7fiwyUK6sZdrvJ7auq5wm,WSOL,So11111111111111111111111111111111111111112,66314.06,39108.73,364044.91,1594311.35,2,0,2,1,2,400,20000
277,SAVEaeeqeXNKYb4Lyx28DkUms5gyZ76vGa6fCfdzWfK-EPjFWdd5AufqSSqeM2qN1xzybapC8G4wEGGkZwyTDt1v,SAVE-USDC,SAVE,SAVEaeeqeXNKYb4Lyx28DkUms5gyZ76vGa6fCfdzWfK,USDC,EPjFWdd5AufqSSqeM2qN1xzybapC8G4wEGGkZwyTDt1v,90825.14,39025.47,63426.76,348341.97,2,3,5,1,2,400,20000
278,So11111111111111111111111111111111111111112-71AZt4P5kc5vpfTJR1HjNbMzD84G7vxam4DtL3kJpump,WSOL-blormmy,WSOL,So11111111111111111111111111111111111111112,blormmy,71AZt4P5kc5vpfTJR1HjNbMzD84G7vxam4DtL3kJpump,444063.48,38703.45,176524.94,930631.21,1,8,9,1,2,400,20000
279,So11111111111111111111111111111111111111112-77RBCP95AFT9XRsx4xuGUHjBQsjcatGYCZ2VXx8Epump,WSOL-HUAHUA,WSOL,So11111111111111111111111111111111111111112,HUAHUA,77RBCP95AFT9XRsx4xuGUHjBQsjcatGYCZ2VXx8Epump,104063.06,38533.09,195484.85,242804.32,1,7,8,1,2,400,20000
280,9EYScpiysGnEimnQPzazr7Jn9GVfxFYzgTEj85hV9L6U-So11111111111111111111111111111111111111112,tooker-WSOL,tooker,9EYScpiysGnEimnQPzazr7Jn9GVfxFYzgTEj85hV9L6U,WSOL,So11111111111111111111111111111111111111112,207455.99,38493.04,172828.5,389639.31,3,0,3,1,2,400,20000
281,So11111111111111111111111111111111111111112-7mHCx9iXPJ7EJDbDAUGmej39Kme8cxZfeVi1EAvEpump,WSOL-BIGBALLS,WSOL,So11111111111111111111111111111111111111112,BIGBALLS,7mHCx9iXPJ7EJDbDAUGmej39Kme8cxZfeVi1EAvEpump,218069.02,37791.95,288974.58,5091737.18,2,13,15,1,2,400,20000
282,So11111111111111111111111111111111111111112-EWWDzCwq4UYW3ERTXbdgd6X6sdkKHFMJqRz1ZiFcpump,WSOL-FATHA,WSOL,So11111111111111111111111111111111111111112,FATHA,EWWDzCwq4UYW3ERTXbdgd6X6sdkKHFMJqRz1ZiFcpump,259628.09,36630.6,103048.53,428777.24,3,0,3,1,2,400,20000
283,So11111111111111111111111111111111111111112-7b36cKRYFZsMp3vLByVwfVQxW2ndcYth5rhPnyypump,WSOL-PINO,WSOL,So11111111111111111111111111111111111111112,PINO,7b36cKRYFZsMp3vLByVwfVQxW2ndcYth5rhPnyypump,526451.57,36152.11,338819.74,2589387.0,1,21,22,1,2,400,20000
284,RAPRz9fd87y9qcBGj1VVqUbbUM6DaBggSDA58zc3N2b-EPjFWdd5AufqSSqeM2qN1xzybapC8G4wEGGkZwyTDt1v,RAPR-USDC,RAPR,RAPRz9fd87y9qcBGj1VVqUbbUM6DaBggSDA58zc3N2b,USDC,EPjFWdd5AufqSSqeM2qN1xzybapC8G4wEGGkZwyTDt1v,95623.71,35767.7,232151.17,979196.69,2,0,2,1,2,400,20000
285,So11111111111111111111111111111111111111112-Em8WF6pg9FmKDy1dXkWhXxpgmfhj5Bes3ZCE8PCCJSHt,WSOL-SHRUB,WSOL,So11111111111111111111111111111111111111112,SHRUB,Em8WF6pg9FmKDy1dXkWhXxpgmfhj5Bes3ZCE8PCCJSHt,175365.52,35228.34,120627.66,247482.17,2,0,2,1,2,400,20000
286,So11111111111111111111111111111111111111112-BAezfVmia8UYLt4rst6PCU4dvL2i2qHzqn4wGhytpNJW,WSOL-Ainti,WSOL,So11111111111111111111111111111111111111112,Ainti,BAezfVmia8UYLt4rst6PCU4dvL2i2qHzqn4wGhytpNJW,490232.35,35149.34,223079.06,490557.46,3,10,13,1,2,400,20000
287,So11111111111111111111111111111111111111112-HELn8rSM1rp8vAjNH4NYXzX6FvCbwWMGqLfaMgiBnZFV,WSOL-RIO,WSOL,So11111111111111111111111111111111111111112,RIO,HELn8rSM1rp8vAjNH4NYXzX6FvCbwWMGqLfaMgiBnZFV,209706.28,34213.16,108954.36,424110.82,2,0,2,1,2,400,20000
288,So11111111111111111111111111111111111111112-2q8Y8rubbsaaA3faq8Ytsk382JXgtKdn23qjNXhSpump,WSOL-ROSS,WSOL,So11111111111111111111111111111111111111112,ROSS,2q8Y8rubbsaaA3faq8Ytsk382JXgtKdn23qjNXhSpump,444783.4,33870.28,77156.19,329421.76,4,13,17,1,2,400,20000
289,C2nneybCJP2i6mk6Nu6SfTcxoNXNLjngnzwDgje2eNrr-So11111111111111111111111111111111111111112,JHH-WSOL,JHH,C2nneybCJP2i6mk6Nu6SfTcxoNXNLjngnzwDgje2eNrr,WSOL,So11111111111111111111111111111111111111112,166204.91,32650.64,73547.79,350461.67,1,5,6,1,2,400,20000
290,6N7CrWe6qNt27G4sHXcjQMMy6btKRb7i9n4RYkKboop-So11111111111111111111111111111111111111112,BETTY-WSOL,BETTY,6N7CrWe6qNt27G4sHXcjQMMy6btKRb7i9n4RYkKboop,WSOL,So11111111111111111111111111111111111111112,47558.89,32428.51,409529.75,41807794.16,2,11,13,1,2,400,20000
291,So11111111111111111111111111111111111111112-9sbrLLnk4vxJajnZWXP9h5qk1NDFw7dz2eHjgemcpump,WSOL-Beenz,WSOL,So11111111111111111111111111111111111111112,Beenz,9sbrLLnk4vxJajnZWXP9h5qk1NDFw7dz2eHjgemcpump,222366.53,31776.74,190135.19,1587721.45,2,10,12,1,2,400,20000
292,So11111111111111111111111111111111111111112-7UN8WkBumTUCofVPXCPjNWQ6msQhzrg9tFQRP48Nmw5V,WSOL-xencat,WSOL,So11111111111111111111111111111111111111112,xencat,7UN8WkBumTUCofVPXCPjNWQ6msQhzrg9tFQRP48Nmw5V,242922.86,31711.75,262877.23,516741.23,2,1,3,1,2,400,20000
293,So11111111111111111111111111111111111111112-GqmEdRD3zGUZdYPeuDeXxCc8Cj1DBmGSYK97TCwSpump,WSOL-e/acc,WSOL,So11111111111111111111111111111111111111112,e/acc,GqmEdRD3zGUZdYPeuDeXxCc8Cj1DBmGSYK97TCwSpump,209803.95,31606.12,143555.89,278728.83,1,7,8,1,2,400,20000
294,So11111111111111111111111111111111111111112-AaWVpk6eZbgBfVbq1UfXw3EXBmAvw4QXov1xHuG7pump,WSOL-TrenchAI,WSOL,So11111111111111111111111111111111111111112,TrenchAI,AaWVpk6eZbgBfVbq1UfXw3EXBmAvw4QXov1xHuG7pump,162949.42,30927.08,224695.18,678418.92,2,14,16,1,2,400,20000
295,So11111111111111111111111111111111111111112-BkVeSP2GsXV3AYoRJBSZTpFE8sXmcuGnRQcFgoWspump,WSOL-autism,WSOL,So11111111111111111111111111111111111111112,autism,BkVeSP2GsXV3AYoRJBSZTpFE8sXmcuGnRQcFgoWspump,189253.88,30923.33,125503.61,343224.84,2,8,10,1,2,400,20000
296,So11111111111111111111111111111111111111112-CPBQqugWWCcyehezHf4uSJtET2kmYNqPuhyb57H5pump,WSOL-GREED 3,WSOL,So11111111111111111111111111111111111111112,GREED 3,CPBQqugWWCcyehezHf4uSJtET2kmYNqPuhyb57H5pump,126669.01,30792.14,223429.54,1033982.87,1,10,11,1,2,400,20000
297,CQSPU12VppGZB7LeRkEaKzrRBzvo1LyA9mR2ydiwKHaL-So11111111111111111111111111111111111111112,YE-WSOL,YE,CQSPU12VppGZB7LeRkEaKzrRBzvo1LyA9mR2ydiwKHaL,WSOL,So11111111111111111111111111111111111111112,170003.66,30617.38,277698.44,613423.0,1,6,7,1,2,400,20000
298,So11111111111111111111111111111111111111112-GACpABn18xqiSJbD9ZEyArJDT9RHRMUut5nK9Z9Spump,WSOL-TRENCH,WSOL,So11111111111111111111111111111111111111112,TRENCH,GACpABn18xqiSJbD9ZEyArJDT9RHRMUut5nK9Z9Spump,188282.17,30468.26,226265.94,535459.54,1,3,4,1,2,400,20000
299,So11111111111111111111111111111111111111112-nosXBVoaCTtYdLvKY6Csb4AC8JCdQKKAaWYtx2ZMoo7,WSOL-NOS,WSOL,So11111111111111111111111111111111111111112,NOS,nosXBVoaCTtYdLvKY6Csb4AC8JCdQKKAaWYtx2ZMoo7,30498.3,30041.74,106929.61,126378.24,2,13,15,1,2,400,20000
300,So11111111111111111111111111111111111111112-4HBQm2EhdpUWZkTYxttxNDnsoWi5beRAGWHpjVo8pump,WSOL-CAT,WSOL,So11111111111111111111111111111111111111112,CAT,4HBQm2EhdpUWZkTYxttxNDnsoWi5beRAGWHpjVo8pump,299505.96,30039.73,182151.5,626816.0,2,0,2,1,2,400,20000
301,FU1q8vJpZNUrmqsciSjp8bAKKidGsLmouB8CBdf8TKQv-So11111111111111111111111111111111111111112,tremp-WSOL,tremp,FU1q8vJpZNUrmqsciSjp8bAKKidGsLmouB8CBdf8TKQv,WSOL,So11111111111111111111111111111111111111112,829844.49,29523.12,287561.73,835203.16,2,17,19,1,2,400,20000
302,So11111111111111111111111111111111111111112-DwDtUqBZJtbRpdjsFw3N7YKB5epocSru25BGcVhfcYtg,WSOL-WORM,WSOL,So11111111111111111111111111111111111111112,WORM,DwDtUqBZJtbRpdjsFw3N7YKB5epocSru25BGcVhfcYtg,139185.42,29136.02,60661.26,111616.1,2,21,23,1,2,400,20000
303,So11111111111111111111111111111111111111112-5DQSDg6SGkbsbykq4mQstpcL4d5raEHc6rY7LgBwpump,WSOL-lou,WSOL,So11111111111111111111111111111111111111112,lou,5DQSDg6SGkbsbykq4mQstpcL4d5raEHc6rY7LgBwpump,289769.77,29119.31,157946.66,636750.9,1,15,16,1,2,400,20000
304,So11111111111111111111111111111111111111112-BEgBsVSKJSxreiCE1XmWWq8arnwit7xDqQXSWYgay9xP,WSOL-WYAC,WSOL,So11111111111111111111111111111111111111112,WYAC,BEgBsVSKJSxreiCE1XmWWq8arnwit7xDqQXSWYgay9xP,288514.43,28732.5,213592.95,633081.98,1,11,12,1,2,400,20000
305,CckLtcfEtsYzg8sUrVBBrFKt16iExpvEurc1dhKmmoon-So11111111111111111111111111111111111111112,T3AI-WSOL,T3AI,CckLtcfEtsYzg8sUrVBBrFKt16iExpvEurc1dhKmmoon,WSOL,So11111111111111111111111111111111111111112,168760.12,28622.19,219895.92,756433.08,1,14,15,1,2,400,20000
306,AZsHEMXd36Bj1EMNXhowJajpUXzrKcK57wW4ZGXVa7yR-EPjFWdd5AufqSSqeM2qN1xzybapC8G4wEGGkZwyTDt1v,GUAC-USDC,GUAC,AZsHEMXd36Bj1EMNXhowJajpUXzrKcK57wW4ZGXVa7yR,USDC,EPjFWdd5AufqSSqeM2qN1xzybapC8G4wEGGkZwyTDt1v,336245.71,28583.89,165690.69,667856.37,2,8,10,1,2,400,20000
307,So11111111111111111111111111111111111111112-HsNx7RirehVMy54xnFtcgCBPDMrwNnJKykageqdWpump,WSOL-daige,WSOL,So11111111111111111111111111111111111111112,daige,HsNx7RirehVMy54xnFtcgCBPDMrwNnJKykageqdWpump,201212.68,27732.36,180402.84,1101787.7,2,10,12,1,2,400,20000
308,So11111111111111111111111111111111111111112-AHdVQs56QpEEkRx6m8yiYYEiqM2sKjQxVd6mGH12pump,WSOL-FatCat,WSOL,So11111111111111111111111111111111111111112,FatCat,AHdVQs56QpEEkRx6m8yiYYEiqM2sKjQxVd6mGH12pump,568909.46,27659.19,152218.96,359875.26,3,0,3,1,2,400,20000
309,So11111111111111111111111111111111111111112-CmpuL8k9KY3NrpfDRoJrVmuwd1zRMFRUxX55avyGpump,WSOL-Jarvis,WSOL,So11111111111111111111111111111111111111112,Jarvis,CmpuL8k9KY3NrpfDRoJrVmuwd1zRMFRUxX55avyGpump,88384.8,27590.86,176434.86,271549.38,1,3,4,1,2,400,20000
310,So11111111111111111111111111111111111111112-Foot4fxy8CHxM37W8BeHwK6aLd8VH2yHTFu43KCxbCqc,WSOL-BIG,WSOL,So11111111111111111111111111111111111111112,BIG,Foot4fxy8CHxM37W8BeHwK6aLd8VH2yHTFu43KCxbCqc,271742.91,27470.61,559396.78,2033806.41,3,0,3,1,2,400,20000
311,So11111111111111111111111111111111111111112-CXPLyc3EX8WySgEXLbjhuA7vy8EKQokVJYQuJm2jpump,WSOL-SENTAI,WSOL,So11111111111111111111111111111111111111112,SENTAI,CXPLyc3EX8WySgEXLbjhuA7vy8EKQokVJYQuJm2jpump,152981.88,27404.82,177137.1,398619.5,2,8,10,1,2,400,20000
312,2YxixFk9sdoB9BPXpkeyW53fE3Kqo9U1mQ46S3z2bEYE-EPjFWdd5AufqSSqeM2qN1xzybapC8G4wEGGkZwyTDt1v,EYE-USDC,EYE,2YxixFk9sdoB9BPXpkeyW53fE3Kqo9U1mQ46S3z2bEYE,USDC,EPjFWdd5AufqSSqeM2qN1xzybapC8G4wEGGkZwyTDt1v,182858.83,27386.04,91839.89,303043.77,2,0,2,1,2,400,20000
313,So11111111111111111111111111111111111111112-3MadWqcN9cSrULn8ikDnan9mF3znoQmBPXtVy6BfSTDB,WSOL-GrokCoin,WSOL,So11111111111111111111111111111111111111112,GrokCoin,3MadWqcN9cSrULn8ikDnan9mF3znoQmBPXtVy6BfSTDB,179883.91,26921.25,186165.37,2417551.88,1,16,17,1,2,400,20000
314,So11111111111111111111111111111111111111112-B5UsiUYcTD3PcQa8r2uXcVgRmDL8jUYuXPiYjrY7pump,WSOL-SOLA,WSOL,So11111111111111111111111111111111111111112,SOLA,B5UsiUYcTD3PcQa8r2uXcVgRmDL8jUYuXPiYjrY7pump,185750.27,26487.82,285703.91,1144536.94,2,18,20,1,2,400,20000
315,So11111111111111111111111111111111111111112-4JFcUJ1HfFKz2F8thdu2frk558EjrLvKEmeMq1ZM2xBP,WSOL-VNTR,WSOL,So11111111111111111111111111111111111111112,VNTR,4JFcUJ1HfFKz2F8thdu2frk558EjrLvKEmeMq1ZM2xBP,221989.61,25956.11,475375.43,2101318.1,2,0,2,1,2,400,20000
316,So11111111111111111111111111111111111111112-6n7Janary9fqzxKaJVrhL9TG2F61VbAtwUMu1YZscaQS,WSOL-Hobbes,WSOL,So11111111111111111111111111111111111111112,Hobbes,6n7Janary9fqzxKaJVrhL9TG2F61VbAtwUMu1YZscaQS,195516.14,25688.51,473534.25,782941.07,1,10,11,1,2,400,20000
317,So11111111111111111111111111111111111111112-yLUD35WTiPLEY6DUqEj5W2JVXF2DfKB5arPkKJXpump,WSOL-APY,WSOL,So11111111111111111111111111111111111111112,APY,yLUD35WTiPLEY6DUqEj5W2JVXF2DfKB5arPkKJXpump,245199.5,25529.59,195475.86,1369465.95,1,11,12,1,2,400,20000
318,So11111111111111111111111111111111111111112-8FqXr6dw5NHA2TtwFeDz6q9p7y9uWyoEdZmpXqqUpump,WSOL-Seek,WSOL,So11111111111111111111111111111111111111112,Seek,8FqXr6dw5NHA2TtwFeDz6q9p7y9uWyoEdZmpXqqUpump,134867.64,25301.39,97385.96,470322.6,2,14,16,1,2,400,20000
319,9gwTegFJJErDpWJKjPfLr2g2zrE3nL1v5zpwbtsk3c6P-So11111111111111111111111111111111111111112,USEDCAR-WSOL,USEDCAR,9gwTegFJJErDpWJKjPfLr2g2zrE3nL1v5zpwbtsk3c6P,WSOL,So11111111111111111111111111111111111111112,269543.35,25170.47,232846.43,520424.34,2,4,6,1,2,400,20000
320,So11111111111111111111111111111111111111112-FkBF9u1upwEMUPxnXjcydxxVSxgr8f3k1YXbz7G7bmtA,WSOL-glorp,WSOL,So11111111111111111111111111111111111111112,glorp,FkBF9u1upwEMUPxnXjcydxxVSxgr8f3k1YXbz7G7bmtA,232475.98,24534.67,211447.25,490390.35,2,0,2,1,2,400,20000
321,So11111111111111111111111111111111111111112-J2bUGZDxRDpsVfjZqKwn6yYCUKFmqzHgt8UajhGtpump,WSOL-∅,WSOL,So11111111111111111111111111111111111111112,∅,J2bUGZDxRDpsVfjZqKwn6yYCUKFmqzHgt8UajhGtpump,84145.96,24432.93,132877.53,711452.84,1,7,8,1,2,400,20000
322,So11111111111111111111111111111111111111112-8Sk2EJ9oo25b7Mmf4qd5gJw6z3738AXvAbkuSSpQpump,WSOL-WAWA,WSOL,So11111111111111111111111111111111111111112,WAWA,8Sk2EJ9oo25b7Mmf4qd5gJw6z3738AXvAbkuSSpQpump,84611.56,24427.48,99629.9,169936.96,2,5,7,1,2,400,20000
323,hntyVP6YFm1Hg25TN9WGLqM12b8TQmcknKrdu1oxWux-EPjFWdd5AufqSSqeM2qN1xzybapC8G4wEGGkZwyTDt1v,HNT-USDC,HNT,hntyVP6YFm1Hg25TN9WGLqM12b8TQmcknKrdu1oxWux,USDC,EPjFWdd5AufqSSqeM2qN1xzybapC8G4wEGGkZwyTDt1v,48280.14,24058.22,136545.65,617349.58,1,4,5,1,2,400,20000
324,So11111111111111111111111111111111111111112-BkYAUVMar1gLwuFLv2n5cmB6HhcNtvd86kU3gqAypump,WSOL-Elon4AfD,WSOL,So11111111111111111111111111111111111111112,Elon4AfD,BkYAUVMar1gLwuFLv2n5cmB6HhcNtvd86kU3gqAypump,641081.51,24036.22,274910.07,1809802.46,2,0,2,1,2,400,20000
325,So11111111111111111111111111111111111111112-FAFxVxnkzZHMCodkWyoccgUNgVScqMw2mhhQBYDFjFAF,WSOL-FAF,WSOL,So11111111111111111111111111111111111111112,FAF,FAFxVxnkzZHMCodkWyoccgUNgVScqMw2mhhQBYDFjFAF,216195.12,23755.24,122709.15,1502498.66,1,4,5,1,2,400,20000
326,So11111111111111111111111111111111111111112-GhBPHgnNF99EThYxt4bxUfPX1hCPyAS72RCBgLjLpump,WSOL-ARIA,WSOL,So11111111111111111111111111111111111111112,ARIA,GhBPHgnNF99EThYxt4bxUfPX1hCPyAS72RCBgLjLpump,194092.39,23425.7,200794.67,908696.59,1,2,3,1,2,400,20000
327,So11111111111111111111111111111111111111112-DWDnYfhVMnNBbWz4uEVvLVZLdYQoSuBosSU2vmHSpump,WSOL-BIOS,WSOL,So11111111111111111111111111111111111111112,BIOS,DWDnYfhVMnNBbWz4uEVvLVZLdYQoSuBosSU2vmHSpump,154212.23,23107.09,134924.8,855202.1,3,8,11,1,2,400,20000
328,So11111111111111111111111111111111111111112-2HHgCLfKA5Rd1Fn9xAxfYzS3XoR5NnuxKDYz2EmWpump,WSOL-SBR,WSOL,So11111111111111111111111111111111111111112,SBR,2HHgCLfKA5Rd1Fn9xAxfYzS3XoR5NnuxKDYz2EmWpump,170356.25,23105.78,146877.76,558684.33,1,10,11,1,2,400,20000
329,So11111111111111111111111111111111111111112-GFUgXbMeDnLkhZaJS3nYFqunqkFNMRo9ukhyajeXpump,WSOL-EVAN,WSOL,So11111111111111111111111111111111111111112,EVAN,GFUgXbMeDnLkhZaJS3nYFqunqkFNMRo9ukhyajeXpump,275986.2,22921.95,67121.76,638252.45,2,0,2,1,2,400,20000
330,So11111111111111111111111111111111111111112-HW7D5MyYG4Dz2C98axfjVBeLWpsEnofrqy6ZUwqwpump,WSOL-VIRAL,WSOL,So11111111111111111111111111111111111111112,VIRAL,HW7D5MyYG4Dz2C98axfjVBeLWpsEnofrqy6ZUwqwpump,90768.23,22634.33,1193278.1,7397244.71,2,8,10,1,2,400,20000
331,So11111111111111111111111111111111111111112-Bx74hpFiaiBbSonrjyqxjGfAA7gRxM2CeKiy31uN6biR,WSOL-gomu,WSOL,So11111111111111111111111111111111111111112,gomu,Bx74hpFiaiBbSonrjyqxjGfAA7gRxM2CeKiy31uN6biR,130391.58,22508.27,64455.49,147012.42,1,9,10,1,2,400,20000
332,So11111111111111111111111111111111111111112-BDW8YHasD3NSDjSHU9Xy6KXtshGayMGQfj5bJpLcpump,WSOL-HTERM,WSOL,So11111111111111111111111111111111111111112,HTERM,BDW8YHasD3NSDjSHU9Xy6KXtshGayMGQfj5bJpLcpump,97313.38,22441.28,113939.22,434552.29,1,9,10,1,2,400,20000
333,8WzDFPNjUSV7ZPpNiqKY8NcWH9J4tDSgSeifp6Kboop-So11111111111111111111111111111111111111112,Toshi-WSOL,Toshi,8WzDFPNjUSV7ZPpNiqKY8NcWH9J4tDSgSeifp6Kboop,WSOL,So11111111111111111111111111111111111111112,62929.11,22079.97,535890.27,5311173.12,3,0,3,1,2,400,20000
334,So11111111111111111111111111111111111111112-7M9KJcPNC65ShLDmJmTNhVFcuY95Y1VMeYngKgt67D1t,WSOL-r/snoofi,WSOL,So11111111111111111111111111111111111111112,r/snoofi,7M9KJcPNC65ShLDmJmTNhVFcuY95Y1VMeYngKgt67D1t,215143.0,21435.11,148262.11,275805.31,2,17,19,1,2,400,20000
335,So11111111111111111111111111111111111111112-2KgAN8nLAU74wjiyKi85m4ZT6Z9MtqrUTGfse8Xapump,WSOL-SHEGEN,WSOL,So11111111111111111111111111111111111111112,SHEGEN,2KgAN8nLAU74wjiyKi85m4ZT6Z9MtqrUTGfse8Xapump,252083.5,21199.61,125520.53,365360.78,3,9,12,1,2,400,20000
336,FYa25XnBsXQXAdTnsyKBKd5gZ1VZhChBRF57CqfRxJZX-So11111111111111111111111111111111111111112,monk-WSOL,monk,FYa25XnBsXQXAdTnsyKBKd5gZ1VZhChBRF57CqfRxJZX,WSOL,So11111111111111111111111111111111111111112,244171.76,21143.32,236470.26,373436.53,2,8,10,1,2,400,20000
337,So11111111111111111111111111111111111111112-Bhu2wBWxfWkRJ6pFn5NodnEvMCqj9DLfCU5qMvt7pump,WSOL-CHATOSHI,WSOL,So11111111111111111111111111111111111111112,CHATOSHI,Bhu2wBWxfWkRJ6pFn5NodnEvMCqj9DLfCU5qMvt7pump,632911.9,20867.78,54016.59,508466.43,2,0,2,1,2,400,20000
338,So11111111111111111111111111111111111111112-7AJ1KjzjstMnQGzZk1HAKx2atmvvRqWvmRbdYmnviryq,WSOL-XWH,WSOL,So11111111111111111111111111111111111111112,XWH,7AJ1KjzjstMnQGzZk1HAKx2atmvvRqWvmRbdYmnviryq,143383.79,20530.86,66577.0,356704.86,1,7,8,1,2,400,20000
339,So11111111111111111111111111111111111111112-KFTSxPQxDV1wGjEvzKHWD7mG6e9TsMVq4eF4mQppump,WSOL-Duo,WSOL,So11111111111111111111111111111111111111112,Duo,KFTSxPQxDV1wGjEvzKHWD7mG6e9TsMVq4eF4mQppump,157827.07,20388.24,121116.79,370774.9,2,14,16,1,2,400,20000
340,So11111111111111111111111111111111111111112-T1oYbAejEESrZLtSAjumAXhzFqZGNxQ4kVN9vPUoxMv,WSOL-$daumen,WSOL,So11111111111111111111111111111111111111112,$daumen,T1oYbAejEESrZLtSAjumAXhzFqZGNxQ4kVN9vPUoxMv,74012.97,20304.82,71023.48,94998.67,1,1,2,1,2,400,20000
341,So11111111111111111111111111111111111111112-229vWzBTiUNdraYpVtSH9usTwwVxcyPDbBWf1zEPpump,WSOL-CALVIN,WSOL,So11111111111111111111111111111111111111112,CALVIN,229vWzBTiUNdraYpVtSH9usTwwVxcyPDbBWf1zEPpump,150020.1,20291.42,53666.5,110810.84,2,1,3,1,2,400,20000
342,So11111111111111111111111111111111111111112-8vSwZHKP5WJ8ov6awAntB31Kuyh6NYVwi3qmyZsiivRE,WSOL-SNP500,WSOL,So11111111111111111111111111111111111111112,SNP500,8vSwZHKP5WJ8ov6awAntB31Kuyh6NYVwi3qmyZsiivRE,85222.24,20191.89,62188.14,852043.77,2,0,2,1,2,400,20000
343,Av6qVigkb7USQyPXJkUvAEm4f599WTRvd75PUWBA9eNm-So11111111111111111111111111111111111111112,COST-WSOL,COST,Av6qVigkb7USQyPXJkUvAEm4f599WTRvd75PUWBA9eNm,WSOL,So11111111111111111111111111111111111111112,244329.6,19585.83,251653.31,463935.42,2,0,2,1,2,400,20000
344,So11111111111111111111111111111111111111112-4AdDFsG1xzz1L7zKGo2fbiqv256Z92u8uCcJCgYuTBLo,WSOL-TJRM,WSOL,So11111111111111111111111111111111111111112,TJRM,4AdDFsG1xzz1L7zKGo2fbiqv256Z92u8uCcJCgYuTBLo,163240.47,19234.31,212795.87,672779.52,4,0,4,1,2,400,20000
345,So11111111111111111111111111111111111111112-8fZL148nnC168RAVCZh4PkjvMZmxMEfMLDhoziWVPnqf,WSOL-NiggaButt,WSOL,So11111111111111111111111111111111111111112,NiggaButt,8fZL148nnC168RAVCZh4PkjvMZmxMEfMLDhoziWVPnqf,243538.74,19046.47,160419.57,401124.45,2,0,2,1,2,400,20000
346,So11111111111111111111111111111111111111112-6mZ76DjmTYhtEGLcVSEyeS5VcByHauxpw6oYQL4spump,WSOL-0x0x,WSOL,So11111111111111111111111111111111111111112,0x0x,6mZ76DjmTYhtEGLcVSEyeS5VcByHauxpw6oYQL4spump,55316.89,18746.91,20086.83,57026.53,1,4,5,1,2,400,20000
347,DeaKMzAeZja3Mh5okZE6WUvygLP3Lfuvm6Rg78HqXTz9-So11111111111111111111111111111111111111112,SOLNIC-WSOL,SOLNIC,DeaKMzAeZja3Mh5okZE6WUvygLP3Lfuvm6Rg78HqXTz9,WSOL,So11111111111111111111111111111111111111112,472808.56,18367.61,117509.2,471001.17,2,0,2,1,2,400,20000
348,So11111111111111111111111111111111111111112-E3enwdJowhDeRe3f7mMwAZGVkJ5aWEtPUGRusP2Jpump,WSOL-UNIPCS,WSOL,So11111111111111111111111111111111111111112,UNIPCS,E3enwdJowhDeRe3f7mMwAZGVkJ5aWEtPUGRusP2Jpump,56951.84,18316.19,423820.12,713010.3,2,0,2,1,2,400,20000
349,So11111111111111111111111111111111111111112-GxdTh6udNstGmLLk9ztBb6bkrms7oLbrJp5yzUaVpump,WSOL-scihub,WSOL,So11111111111111111111111111111111111111112,scihub,GxdTh6udNstGmLLk9ztBb6bkrms7oLbrJp5yzUaVpump,294670.41,17544.11,150779.4,762790.32,2,0,2,1,2,400,20000
350,So11111111111111111111111111111111111111112-G8Vy25NzjRmuQtnN35xF7j3X2Z1TrV39XijZu8Mg4w8n,WSOL-COOK,WSOL,So11111111111111111111111111111111111111112,COOK,G8Vy25NzjRmuQtnN35xF7j3X2Z1TrV39XijZu8Mg4w8n,148601.53,17314.4,109061.9,442265.79,2,0,2,1,2,400,20000
351,So11111111111111111111111111111111111111112-A3vBwL3Pd6nkBqVo87D6TLWYG4ekWuDeqCoLFeyvRMcb,WSOL-SUMMIT,WSOL,So11111111111111111111111111111111111111112,SUMMIT,A3vBwL3Pd6nkBqVo87D6TLWYG4ekWuDeqCoLFeyvRMcb,170177.91,16803.39,110468.2,887084.55,2,0,2,1,2,400,20000
352,poLisWXnNRwC6oBu1vHiuKQzFjGL4XDSu4g9qjz9qVk-EPjFWdd5AufqSSqeM2qN1xzybapC8G4wEGGkZwyTDt1v,POLIS-USDC,POLIS,poLisWXnNRwC6oBu1vHiuKQzFjGL4XDSu4g9qjz9qVk,USDC,EPjFWdd5AufqSSqeM2qN1xzybapC8G4wEGGkZwyTDt1v,55476.11,16489.1,147917.42,372494.77,1,2,3,1,2,400,20000
353,So11111111111111111111111111111111111111112-8Cd7wXoPb5Yt9cUGtmHNqAEmpMDrhfcVqnGbLC48b8Qm,WSOL-LEO,WSOL,So11111111111111111111111111111111111111112,LEO,8Cd7wXoPb5Yt9cUGtmHNqAEmpMDrhfcVqnGbLC48b8Qm,76863.9,16436.81,51776.04,77404.97,2,0,2,1,2,400,20000
354,So11111111111111111111111111111111111111112-3t4yhNHfy5jZ9skJw9ZMRHvLJw1WUPouJ4TSxatTpump,WSOL-N2,WSOL,So11111111111111111111111111111111111111112,N2,3t4yhNHfy5jZ9skJw9ZMRHvLJw1WUPouJ4TSxatTpump,145412.68,16212.28,110713.92,277101.82,1,4,5,1,2,400,20000
355,degod39zqQWzpG6h4b7SJLLTCFE6FeZnZD8BwHBFxaN-So11111111111111111111111111111111111111112,DEGOD-WSOL,DEGOD,degod39zqQWzpG6h4b7SJLLTCFE6FeZnZD8BwHBFxaN,WSOL,So11111111111111111111111111111111111111112,741759.17,15999.54,128604.43,305959.78,2,12,14,1,2,400,20000
356,So11111111111111111111111111111111111111112-EqeEBGHQhQy6SqeaJcnqAsNs3qaG19sdF89Xsarpump,WSOL-TRUST,WSOL,So11111111111111111111111111111111111111112,TRUST,EqeEBGHQhQy6SqeaJcnqAsNs3qaG19sdF89Xsarpump,265766.38,15966.31,136540.86,603577.05,2,7,9,1,2,400,20000
357,So11111111111111111111111111111111111111112-9Yt5tHLFB2Uz1yg3cyEpTN4KTSWhiGpKxXPJ8HX3hat,WSOL-KWANT,WSOL,So11111111111111111111111111111111111111112,KWANT,9Yt5tHLFB2Uz1yg3cyEpTN4KTSWhiGpKxXPJ8HX3hat,106049.5,15728.22,154068.56,465092.63,1,8,9,1,2,400,20000
358,So11111111111111111111111111111111111111112-Gh8yeA9vH5Fun7J6esFH3mV65cQTBpxk9Z5XpzU7pump,WSOL-RHUN,WSOL,So11111111111111111111111111111111111111112,RHUN,Gh8yeA9vH5Fun7J6esFH3mV65cQTBpxk9Z5XpzU7pump,110772.36,15557.19,59877.78,181389.48,1,7,8,1,2,400,20000
359,So11111111111111111111111111111111111111112-J1ow1c3ExcJYQmgNFRPfCp1LMYRf6P3A33isDcBmpump,WSOL-ZODs,WSOL,So11111111111111111111111111111111111111112,ZODs,J1ow1c3ExcJYQmgNFRPfCp1LMYRf6P3A33isDcBmpump,193677.36,15535.51,145361.96,247023.54,1,7,8,1,2,400,20000
360,So11111111111111111111111111111111111111112-HhUVkZ1qz8vfMqZDemLyxBFxrHFKVSYAk7a6227Lpump,WSOL-LI,WSOL,So11111111111111111111111111111111111111112,LI,HhUVkZ1qz8vfMqZDemLyxBFxrHFKVSYAk7a6227Lpump,300525.13,15102.46,53845.05,164097.56,2,7,9,1,2,400,20000
361,E2BGnzHdJNUBtAVR7EyQMuEMHqgv65JL8J9ZyqyXUVvA-So11111111111111111111111111111111111111112,CHINA-WSOL,CHINA,E2BGnzHdJNUBtAVR7EyQMuEMHqgv65JL8J9ZyqyXUVvA,WSOL,So11111111111111111111111111111111111111112,107885.71,15001.01,76332.38,248281.58,1,6,7,1,2,400,20000
362,So11111111111111111111111111111111111111112-7uJrMsDN2Wxdc3VAq1iK9N5AHaTA7wUpbm1wqRonpump,WSOL-BETH,WSOL,So11111111111111111111111111111111111111112,BETH,7uJrMsDN2Wxdc3VAq1iK9N5AHaTA7wUpbm1wqRonpump,73396.29,14920.03,74875.82,262767.86,3,0,3,1,2,400,20000
363,WENWENvqqNya429ubCdR81ZmD69brwQaaBYY6p3LCpk-So11111111111111111111111111111111111111112,WEN-WSOL,WEN,WENWENvqqNya429ubCdR81ZmD69brwQaaBYY6p3LCpk,WSOL,So11111111111111111111111111111111111111112,24963.59,14550.58,75735.52,208785.68,3,21,24,1,2,400,20000
364,So11111111111111111111111111111111111111112-62mETtNRaVY5iNsJr5YexsbVg1uyyoLwtoWLSnjApump,WSOL-Stoic,WSOL,So11111111111111111111111111111111111111112,Stoic,62mETtNRaVY5iNsJr5YexsbVg1uyyoLwtoWLSnjApump,163097.24,13982.36,242029.55,563164.9,1,10,11,1,2,400,20000
365,So11111111111111111111111111111111111111112-orcaEKTdK7LKz57vaAYr9QeNsVEPfiu6QeMU1kektZE,WSOL-ORCA,WSOL,So11111111111111111111111111111111111111112,ORCA,orcaEKTdK7LKz57vaAYr9QeNsVEPfiu6QeMU1kektZE,28687.47,13434.83,125287.36,553384.31,1,11,12,1,2,400,20000
366,GTH3wG3NErjwcf7VGCoXEXkgXSHvYhx5gtATeeM5JAS1-So11111111111111111111111111111111111111112,WHALES-WSOL,WHALES,GTH3wG3NErjwcf7VGCoXEXkgXSHvYhx5gtATeeM5JAS1,WSOL,So11111111111111111111111111111111111111112,359702.82,13426.71,88472.73,519699.78,1,2,3,1,2,400,20000
367,So11111111111111111111111111111111111111112-Cg93SZJkHePybZqGDuyXLf5Ag5sB2cpWfHUG8wNPpump,WSOL-alpha,WSOL,So11111111111111111111111111111111111111112,alpha,Cg93SZJkHePybZqGDuyXLf5Ag5sB2cpWfHUG8wNPpump,118799.22,13319.01,60776.88,388471.56,1,9,10,1,2,400,20000
368,So11111111111111111111111111111111111111112-FMhxJLNmbw6UVKN3ANDKhFdgdEgqJiUEDnBgtDW4pump,WSOL-JASPER,WSOL,So11111111111111111111111111111111111111112,JASPER,FMhxJLNmbw6UVKN3ANDKhFdgdEgqJiUEDnBgtDW4pump,115896.37,12691.46,87041.93,140610.49,1,11,12,1,2,400,20000
369,So11111111111111111111111111111111111111112-8WnQQRbuEZ3CCDbH5MCVioBbw6o75NKANq9WdPhBDsWo,WSOL-coby,WSOL,So11111111111111111111111111111111111111112,coby,8WnQQRbuEZ3CCDbH5MCVioBbw6o75NKANq9WdPhBDsWo,166815.75,12171.53,89404.9,203340.71,2,16,18,1,2,400,20000
370,EJPtJEDogxzDbvM8qvAsqYbLmPj5n1vQeqoAzj9Yfv3q-So11111111111111111111111111111111111111112,-WSOL,,EJPtJEDogxzDbvM8qvAsqYbLmPj5n1vQeqoAzj9Yfv3q,WSOL,So11111111111111111111111111111111111111112,52048.7,11670.65,57686.17,204178.93,2,5,7,1,2,400,20000
371,So11111111111111111111111111111111111111112-AbrMJWfDVRZ2EWCQ1xSCpoVeVgZNpq1U2AoYG98oRXfn,WSOL-Cheese,WSOL,So11111111111111111111111111111111111111112,Cheese,AbrMJWfDVRZ2EWCQ1xSCpoVeVgZNpq1U2AoYG98oRXfn,124602.26,11417.29,43143.58,182688.46,1,7,8,1,2,400,20000
372,So11111111111111111111111111111111111111112-GTiMaW6FNPLrWNVLYk5KkLApxiHvCwbGr9KdueGypump,WSOL-isaac,WSOL,So11111111111111111111111111111111111111112,isaac,GTiMaW6FNPLrWNVLYk5KkLApxiHvCwbGr9KdueGypump,70472.99,11306.16,50278.79,63645.47,1,4,5,1,2,400,20000
373,So11111111111111111111111111111111111111112-E4wg8YF472u8oiLvSNKB84Y23gZhkSQ3PSCJaUj4pump,WSOL-LEXICON,WSOL,So11111111111111111111111111111111111111112,LEXICON,E4wg8YF472u8oiLvSNKB84Y23gZhkSQ3PSCJaUj4pump,106915.82,11204.61,20712.87,43850.11,1,14,15,1,2,400,20000
374,49ztDWXk7qEfz8Y1t8owmhLhewiA3ptVNPpRGAjRd8Wh-So11111111111111111111111111111111111111112,NYAN-WSOL,NYAN,49ztDWXk7qEfz8Y1t8owmhLhewiA3ptVNPpRGAjRd8Wh,WSOL,So11111111111111111111111111111111111111112,102396.79,10757.43,118370.92,520710.6,2,5,7,1,2,400,20000
375,So11111111111111111111111111111111111111112-ECY31gWwxy4s2VnMkYhmqDkrV75KrwR2yTtsnrnSpump,WSOL-BARRON,WSOL,So11111111111111111111111111111111111111112,BARRON,ECY31gWwxy4s2VnMkYhmqDkrV75KrwR2yTtsnrnSpump,457588.14,10570.87,113519.78,1347444.3,2,24,26,1,2,400,20000
376,So11111111111111111111111111111111111111112-DHoadXCbf6TcadkcMGJ8kFRdDa2sXPQ1KrgodUDRpump,WSOL-CHIIKAWA,WSOL,So11111111111111111111111111111111111111112,CHIIKAWA,DHoadXCbf6TcadkcMGJ8kFRdDa2sXPQ1KrgodUDRpump,55146.74,10532.54,71485.45,137948.79,1,3,4,1,2,400,20000
377,8c71AvjQeKKeWRe8jtTGG1bJ2WiYXQdbjqFbUfhHgSVk-EPjFWdd5AufqSSqeM2qN1xzybapC8G4wEGGkZwyTDt1v,$GARY-USDC,$GARY,8c71AvjQeKKeWRe8jtTGG1bJ2WiYXQdbjqFbUfhHgSVk,USDC,EPjFWdd5AufqSSqeM2qN1xzybapC8G4wEGGkZwyTDt1v,310158.74,10490.31,48929.1,88729.24,2,0,2,1,2,400,20000
378,So11111111111111111111111111111111111111112-5Wd2ALxQfnpgQKCyH4WL9giBiiuuLuJs84CJxfQccvmN,WSOL-speed,WSOL,So11111111111111111111111111111111111111112,speed,5Wd2ALxQfnpgQKCyH4WL9giBiiuuLuJs84CJxfQccvmN,119036.32,10484.46,55608.0,117150.98,1,5,6,1,2,400,20000
379,So11111111111111111111111111111111111111112-7d5uLATMiAoRC1n9yNc7VCrhx44H6bjEzDx7Gxuhpump,WSOL-SSR,WSOL,So11111111111111111111111111111111111111112,SSR,7d5uLATMiAoRC1n9yNc7VCrhx44H6bjEzDx7Gxuhpump,121139.8,10140.84,67416.34,266752.7,3,0,3,1,2,400,20000
380,BuxH23osRyFFLbWG3czrTsfBQYbxzVZ8f7QV4cjTHN5x-So11111111111111111111111111111111111111112,JOHN-WSOL,JOHN,BuxH23osRyFFLbWG3czrTsfBQYbxzVZ8f7QV4cjTHN5x,WSOL,So11111111111111111111111111111111111111112,72729.73,10121.21,63184.58,90373.74,1,6,7,1,2,400,20000
381,So11111111111111111111111111111111111111112-9dLuVbJMd4ZpTpFgmaFHAGSsFwVjtcnzFWaLAA1expHg,WSOL-HEEHEE,WSOL,So11111111111111111111111111111111111111112,HEEHEE,9dLuVbJMd4ZpTpFgmaFHAGSsFwVjtcnzFWaLAA1expHg,243184.89,9917.81,60641.62,223842.5,3,0,3,1,2,400,20000
382,7nFYpHyhDgzg3ioU2JFko5kaVwm6bjkL4MtbUiVAiYbJ-So11111111111111111111111111111111111111112,NET-WSOL,NET,7nFYpHyhDgzg3ioU2JFko5kaVwm6bjkL4MtbUiVAiYbJ,WSOL,So11111111111111111111111111111111111111112,25393.7,9750.78,35246.7,162430.4,2,0,2,1,2,400,20000
383,So11111111111111111111111111111111111111112-H7VfCzzPJvnqfs1b8uA9uUuVjXiYfzAUDw5gmyV9pump,WSOL-$EXPERT,WSOL,So11111111111111111111111111111111111111112,$EXPERT,H7VfCzzPJvnqfs1b8uA9uUuVjXiYfzAUDw5gmyV9pump,181273.0,9439.04,74798.87,159141.72,2,0,2,1,2,400,20000
384,So11111111111111111111111111111111111111112-CVU6QRwpHz94UGyPFFehm1G1sFYRH7xDk9UhZ9RApump,WSOL-000,WSOL,So11111111111111111111111111111111111111112,000,CVU6QRwpHz94UGyPFFehm1G1sFYRH7xDk9UhZ9RApump,178253.47,9391.23,106565.82,192880.07,1,4,5,1,2,400,20000
385,So11111111111111111111111111111111111111112-AuQaustGiaqxRvj2gtCdrd22PBzTn8kM3kEPEkZCtuDw,WSOL-ADX,WSOL,So11111111111111111111111111111111111111112,ADX,AuQaustGiaqxRvj2gtCdrd22PBzTn8kM3kEPEkZCtuDw,170657.12,9084.49,74706.7,495730.22,1,5,6,1,2,400,20000
386,So11111111111111111111111111111111111111112-3vJenGaGsuKG5shPhi7rjnuy3MV6xjmBTGjYqYzXpump,WSOL-RAT,WSOL,So11111111111111111111111111111111111111112,RAT,3vJenGaGsuKG5shPhi7rjnuy3MV6xjmBTGjYqYzXpump,141425.89,8975.89,118738.31,192472.86,2,0,2,1,2,400,20000
387,So11111111111111111111111111111111111111112-Bw5K8eZaf361uDLHgX2UUn1PNfC7XtgQVvY9sSappump,WSOL-MANA,WSOL,So11111111111111111111111111111111111111112,MANA,Bw5K8eZaf361uDLHgX2UUn1PNfC7XtgQVvY9sSappump,178411.29,8961.03,94873.15,544046.35,2,11,13,1,2,400,20000
388,So11111111111111111111111111111111111111112-jUpa2aDCzvdR9EF4fqDXmuyMUkonPTohphABLmRkRFj,WSOL-RIFT,WSOL,So11111111111111111111111111111111111111112,RIFT,jUpa2aDCzvdR9EF4fqDXmuyMUkonPTohphABLmRkRFj,411391.04,8715.53,44392.39,113789.26,3,12,15,1,2,400,20000
389,So11111111111111111111111111111111111111112-G3EDZoS49NRVKP8X1HggHZJueJeR8d2izUHeXdV3pump,WSOL-ASSCOIN,WSOL,So11111111111111111111111111111111111111112,ASSCOIN,G3EDZoS49NRVKP8X1HggHZJueJeR8d2izUHeXdV3pump,146906.77,8393.95,65514.27,246491.3,1,5,6,1,2,400,20000
390,So11111111111111111111111111111111111111112-361pUXTPohPEgcnCVm7DUvNziizK37gVxLN3cw9Vpump,WSOL-CHORUZ,WSOL,So11111111111111111111111111111111111111112,CHORUZ,361pUXTPohPEgcnCVm7DUvNziizK37gVxLN3cw9Vpump,91979.47,8346.9,31618.4,170237.57,1,3,4,1,2,400,20000
391,So11111111111111111111111111111111111111112-EmBBhcqgm2acaXv9dXQFyDZDkhL4YMoWnGdHaMQJpump,WSOL-BWT,WSOL,So11111111111111111111111111111111111111112,BWT,EmBBhcqgm2acaXv9dXQFyDZDkhL4YMoWnGdHaMQJpump,139062.4,8305.87,41896.01,182021.64,1,10,11,1,2,400,20000
392,So11111111111111111111111111111111111111112-7Yg9Lzgsvjy49mf3LdGyfmn2tT2rGBDUc77267SUpump,WSOL-300BAUD,WSOL,So11111111111111111111111111111111111111112,300BAUD,7Yg9Lzgsvjy49mf3LdGyfmn2tT2rGBDUc77267SUpump,84846.86,8264.28,29700.46,93114.01,1,11,12,1,2,400,20000
393,So11111111111111111111111111111111111111112-DvjbEsdca43oQcw2h3HW1CT7N3x5vRcr3QrvTUHnXvgV,WSOL-DOOD,WSOL,So11111111111111111111111111111111111111112,DOOD,DvjbEsdca43oQcw2h3HW1CT7N3x5vRcr3QrvTUHnXvgV,23764.78,8228.4,986614.41,986614.41,4,16,20,1,2,400,20000
394,So11111111111111111111111111111111111111112-GwKKPsJdY5oWMJ8RReWLcvb82KzW6FKy2bKoYW7kHr16,WSOL-LLD,WSOL,So11111111111111111111111111111111111111112,LLD,GwKKPsJdY5oWMJ8RReWLcvb82KzW6FKy2bKoYW7kHr16,552105.58,8059.91,78784.19,489769.78,4,0,4,1,2,400,20000
395,So11111111111111111111111111111111111111112-5ZMUboLJUeneKouqrqu4jeLE68vX68ehE5qprV3Upump,WSOL-TIRED,WSOL,So11111111111111111111111111111111111111112,TIRED,5ZMUboLJUeneKouqrqu4jeLE68vX68ehE5qprV3Upump,172809.42,8024.75,191807.49,939142.53,2,0,2,1,2,400,20000
396,So11111111111111111111111111111111111111112-9UNqoPEXXxEnEphmyYsZYdL5dnmAUtdiKRUchpnUF5Ph,WSOL-$WHISKEY,WSOL,So11111111111111111111111111111111111111112,$WHISKEY,9UNqoPEXXxEnEphmyYsZYdL5dnmAUtdiKRUchpnUF5Ph,334881.83,7949.68,52408.23,195422.05,2,0,2,1,2,400,20000
397,GENEtH5amGSi8kHAtQoezp1XEXwZJ8vcuePYnXdKrMYz-EPjFWdd5AufqSSqeM2qN1xzybapC8G4wEGGkZwyTDt1v,GENE-USDC,GENE,GENEtH5amGSi8kHAtQoezp1XEXwZJ8vcuePYnXdKrMYz,USDC,EPjFWdd5AufqSSqeM2qN1xzybapC8G4wEGGkZwyTDt1v,31123.29,7879.44,75084.58,232814.69,1,2,3,1,2,400,20000
398,8c71AvjQeKKeWRe8jtTGG1bJ2WiYXQdbjqFbUfhHgSVk-So11111111111111111111111111111111111111112,$GARY-WSOL,$GARY,8c71AvjQeKKeWRe8jtTGG1bJ2WiYXQdbjqFbUfhHgSVk,WSOL,So11111111111111111111111111111111111111112,194296.0,7791.99,42379.06,95871.06,3,0,3,1,2,400,20000
399,So11111111111111111111111111111111111111112-7t1T28iMh5GsW8oTMx52x3u3M3hDbaY8psbL3rZ6BMrn,WSOL-TrackedBio,WSOL,So11111111111111111111111111111111111111112,TrackedBio,7t1T28iMh5GsW8oTMx52x3u3M3hDbaY8psbL3rZ6BMrn,75519.67,7146.01,23119.62,37347.04,2,5,7,1,2,400,20000
400,So11111111111111111111111111111111111111112-8vCAUbxejdtaxn6jnX5uaQTyTZLmXALg9u1bvFCAjtx7,WSOL-ZACK,WSOL,So11111111111111111111111111111111111111112,ZACK,8vCAUbxejdtaxn6jnX5uaQTyTZLmXALg9u1bvFCAjtx7,205294.07,7131.12,29897.62,126218.58,2,0,2,1,2,400,20000
401,So11111111111111111111111111111111111111112-8NCievmJCg2d9Vc2TWgz2HkE6ANeSX7kwvdq5AL7pump,WSOL-BUNKER,WSOL,So11111111111111111111111111111111111111112,BUNKER,8NCievmJCg2d9Vc2TWgz2HkE6ANeSX7kwvdq5AL7pump,67730.12,7055.53,35617.68,320049.63,1,2,3,1,2,400,20000
402,So11111111111111111111111111111111111111112-DriFtupJYLTosbwoN8koMbEYSx54aFAVLddWsbksjwg7,WSOL-DRIFT,WSOL,So11111111111111111111111111111111111111112,DRIFT,DriFtupJYLTosbwoN8koMbEYSx54aFAVLddWsbksjwg7,37779.56,6751.16,76052.72,258382.59,1,21,22,1,2,400,20000
403,So11111111111111111111111111111111111111112-AATECgWF4KjALbpgUXjabqFKHmdtjWdfdFNzCH3ipump,WSOL-ITMT,WSOL,So11111111111111111111111111111111111111112,ITMT,AATECgWF4KjALbpgUXjabqFKHmdtjWdfdFNzCH3ipump,129256.33,6750.91,42952.08,144042.41,1,2,3,1,2,400,20000
404,So11111111111111111111111111111111111111112-9MnKTgwFyXJgnZumHGT9NdHuzm98ACjkNwpLniLhpump,WSOL-fun,WSOL,So11111111111111111111111111111111111111112,fun,9MnKTgwFyXJgnZumHGT9NdHuzm98ACjkNwpLniLhpump,58277.78,6525.06,7694.26,30329.8,1,6,7,1,2,400,20000
405,So11111111111111111111111111111111111111112-G2ShfTkHaPgY1YUqZzB611coeFpbhyGirzgGmyW5fEhV,WSOL-UberJeets,WSOL,So11111111111111111111111111111111111111112,UberJeets,G2ShfTkHaPgY1YUqZzB611coeFpbhyGirzgGmyW5fEhV,65765.99,6443.04,31129.2,35171.91,2,0,2,1,2,400,20000
406,So11111111111111111111111111111111111111112-6bn6rKWbTRAQwizwqEfcmpAtoAMnqzfG7F8DYMK5reYn,WSOL-WOJAK,WSOL,So11111111111111111111111111111111111111112,WOJAK,6bn6rKWbTRAQwizwqEfcmpAtoAMnqzfG7F8DYMK5reYn,27255.26,6414.58,46430.26,193889.51,2,0,2,1,2,400,20000
407,So11111111111111111111111111111111111111112-DAMqxQRG5FKsnMNXEdBQMdTSiz86b5BziH4p6FS6pump,WSOL-brokie,WSOL,So11111111111111111111111111111111111111112,brokie,DAMqxQRG5FKsnMNXEdBQMdTSiz86b5BziH4p6FS6pump,74555.79,6346.21,28015.17,42409.18,2,0,2,1,2,400,20000
408,So11111111111111111111111111111111111111112-28YzheH23A58kUGPpEvwyE4kh5iU4FQAHnsUxYY4SNtQ,WSOL-Idiot,WSOL,So11111111111111111111111111111111111111112,Idiot,28YzheH23A58kUGPpEvwyE4kh5iU4FQAHnsUxYY4SNtQ,38271.19,6056.39,18046.49,122003.44,2,0,2,1,2,400,20000
409,AuQaustGiaqxRvj2gtCdrd22PBzTn8kM3kEPEkZCtuDw-EPjFWdd5AufqSSqeM2qN1xzybapC8G4wEGGkZwyTDt1v,ADX-USDC,ADX,AuQaustGiaqxRvj2gtCdrd22PBzTn8kM3kEPEkZCtuDw,USDC,EPjFWdd5AufqSSqeM2qN1xzybapC8G4wEGGkZwyTDt1v,137729.89,6022.24,57889.93,423759.26,2,10,12,1,2,400,20000
410,Bhu2wBWxfWkRJ6pFn5NodnEvMCqj9DLfCU5qMvt7pump-EPjFWdd5AufqSSqeM2qN1xzybapC8G4wEGGkZwyTDt1v,CHATOSHI-USDC,CHATOSHI,Bhu2wBWxfWkRJ6pFn5NodnEvMCqj9DLfCU5qMvt7pump,USDC,EPjFWdd5AufqSSqeM2qN1xzybapC8G4wEGGkZwyTDt1v,296171.59,5994.34,24806.54,170730.31,3,0,3,1,2,400,20000
411,orairHM3Yw2PbTfCty1PXy7tEUx3uBMfjouNbm4KnRJ-So11111111111111111111111111111111111111112,JPOW-WSOL,JPOW,orairHM3Yw2PbTfCty1PXy7tEUx3uBMfjouNbm4KnRJ,WSOL,So11111111111111111111111111111111111111112,50675.22,5940.22,41171.28,132107.61,2,0,2,1,2,400,20000
412,So11111111111111111111111111111111111111112-FZnSMd1hPu5MVgttmtfDZUPN5gcuexvrh3CB67UuQshb,WSOL-HELIA,WSOL,So11111111111111111111111111111111111111112,HELIA,FZnSMd1hPu5MVgttmtfDZUPN5gcuexvrh3CB67UuQshb,73819.5,5935.43,54019.08,276359.69,1,3,4,1,2,400,20000
413,So11111111111111111111111111111111111111112-95WzV2CsTRFBjPCBhQRR4TGVp5kXo8f8qZVt7iVwpump,WSOL-DRONES,WSOL,So11111111111111111111111111111111111111112,DRONES,95WzV2CsTRFBjPCBhQRR4TGVp5kXo8f8qZVt7iVwpump,50932.58,5891.89,8482.67,26932.41,1,8,9,1,2,400,20000
414,So11111111111111111111111111111111111111112-BXNGghGbqrt2PcM3Y2Une5fD4kbU6VVSPC4uPjf8pump,WSOL-FYBN,WSOL,So11111111111111111111111111111111111111112,FYBN,BXNGghGbqrt2PcM3Y2Une5fD4kbU6VVSPC4uPjf8pump,236264.78,5787.81,52987.99,448942.32,3,0,3,1,2,400,20000
415,So11111111111111111111111111111111111111112-Ep83qXdvJbofEgpPqphGRq4eMnpjBVUGPYz32QyrWaaC,WSOL-pondSOL,WSOL,So11111111111111111111111111111111111111112,pondSOL,Ep83qXdvJbofEgpPqphGRq4eMnpjBVUGPYz32QyrWaaC,32787.78,5777.02,86367.46,130612.08,2,4,6,1,2,400,20000
416,So11111111111111111111111111111111111111112-e8NFqLCMJBfDTUUARoniADgQtSEFmZNBksPxYzepump,WSOL-gooch coin,WSOL,So11111111111111111111111111111111111111112,gooch coin,e8NFqLCMJBfDTUUARoniADgQtSEFmZNBksPxYzepump,72707.04,5771.74,43388.57,761529.07,3,16,19,1,2,400,20000
417,F23fFqpRNsmWjuUrFpfM1pvoVvMSpLuN6hY978Y1JXLt-So11111111111111111111111111111111111111112,USDCAT-WSOL,USDCAT,F23fFqpRNsmWjuUrFpfM1pvoVvMSpLuN6hY978Y1JXLt,WSOL,So11111111111111111111111111111111111111112,58869.0,5671.99,11207.02,19554.97,1,3,4,1,2,400,20000
418,So11111111111111111111111111111111111111112-XANDuUoVoUqniKkpcKhrxmvYJybpJvUxJLr21Gaj3Hx,WSOL-XAND,WSOL,So11111111111111111111111111111111111111112,XAND,XANDuUoVoUqniKkpcKhrxmvYJybpJvUxJLr21Gaj3Hx,265549.09,5612.73,129133.13,294313.1,3,0,3,1,2,400,20000
419,5e41GfrQwTP74LgGt6WP9kw6xa1jQhAERCjnFKf74y52-So11111111111111111111111111111111111111112,VHS -WSOL,VHS ,5e41GfrQwTP74LgGt6WP9kw6xa1jQhAERCjnFKf74y52,WSOL,So11111111111111111111111111111111111111112,126029.39,5601.6,64400.13,228343.25,1,10,11,1,2,400,20000
420,So11111111111111111111111111111111111111112-69veVD4oo3QbJzXrAH7Rans8sue68AsgYyirWUrxSQUy,WSOL-HENTAI6900,WSOL,So11111111111111111111111111111111111111112,HENTAI6900,69veVD4oo3QbJzXrAH7Rans8sue68AsgYyirWUrxSQUy,30331.73,5601.13,13497.6,80036.36,2,0,2,1,2,400,20000
421,So11111111111111111111111111111111111111112-zi87E9xtFPRQ2o9qqerFxUDQLZgEkHrhpHDxxZhYi9a,WSOL-SUPA,WSOL,So11111111111111111111111111111111111111112,SUPA,zi87E9xtFPRQ2o9qqerFxUDQLZgEkHrhpHDxxZhYi9a,47842.68,5461.06,32086.04,176267.03,1,8,9,1,2,400,20000
422,So11111111111111111111111111111111111111112-Cpzvdx6pppc9TNArsGsqgShCsKC9NCCjA2gtzHvUpump,WSOL-SVMAI,WSOL,So11111111111111111111111111111111111111112,SVMAI,Cpzvdx6pppc9TNArsGsqgShCsKC9NCCjA2gtzHvUpump,117879.27,5429.08,18049.97,151548.38,2,10,12,1,2,400,20000
423,So11111111111111111111111111111111111111112-AXGmqhcKcPC4bC7vNpxGtu5oEwoEEnyeQUdw9YwYWF1q,WSOL-URKO,WSOL,So11111111111111111111111111111111111111112,URKO,AXGmqhcKcPC4bC7vNpxGtu5oEwoEEnyeQUdw9YwYWF1q,52849.84,5380.3,33005.62,103886.3,3,0,3,1,2,400,20000
424,So11111111111111111111111111111111111111112-788ucb6esrNwVxHzcpKjSakXvJWe2Ygw3QtHVwrUpump,WSOL-Canada,WSOL,So11111111111111111111111111111111111111112,Canada,788ucb6esrNwVxHzcpKjSakXvJWe2Ygw3QtHVwrUpump,27749.73,5172.92,120608.69,234154.25,2,3,5,1,2,400,20000
425,So11111111111111111111111111111111111111112-APoM2sXUzdRHTkUjXSsdUheX1wPPdP4HFLotmtRNMU8P,WSOL-rot,WSOL,So11111111111111111111111111111111111111112,rot,APoM2sXUzdRHTkUjXSsdUheX1wPPdP4HFLotmtRNMU8P,93843.22,5147.15,34255.59,99214.95,1,9,10,1,2,400,20000
426,So11111111111111111111111111111111111111112-2KchKijPuwnwC92LPWVjFjRwB3WxKtzx9bbXZ7kRpump,WSOL-FUKU,WSOL,So11111111111111111111111111111111111111112,FUKU,2KchKijPuwnwC92LPWVjFjRwB3WxKtzx9bbXZ7kRpump,122420.2,5131.1,88744.62,302672.36,2,9,11,1,2,400,20000
427,So11111111111111111111111111111111111111112-92crE7qiX5T7VtiXhCeagfo1E81UtyguiXM7qCi7pump,WSOL-create,WSOL,So11111111111111111111111111111111111111112,create,92crE7qiX5T7VtiXhCeagfo1E81UtyguiXM7qCi7pump,65260.34,5091.52,24847.07,125300.86,2,4,6,1,2,400,20000
428,So11111111111111111111111111111111111111112-ByXTsen3ftsd7SsqgXpSZqrEeoMV8Smhz1vox9j6pump,WSOL-SUCHIR,WSOL,So11111111111111111111111111111111111111112,SUCHIR,ByXTsen3ftsd7SsqgXpSZqrEeoMV8Smhz1vox9j6pump,89294.81,5073.77,18385.73,241398.83,1,18,19,1,2,400,20000
429,So11111111111111111111111111111111111111112-CHVggq5Bu2UKLB1MQtLciDV3UKv5hwLkJwA14egApump,WSOL-momo,WSOL,So11111111111111111111111111111111111111112,momo,CHVggq5Bu2UKLB1MQtLciDV3UKv5hwLkJwA14egApump,79679.68,4893.13,33137.93,613605.18,1,5,6,1,2,400,20000
430,So11111111111111111111111111111111111111112-5UmDWgyLV1JBg8Jr8NwyezXdQkiU3vHGJu2efm7Cpump,WSOL-AGENCY,WSOL,So11111111111111111111111111111111111111112,AGENCY,5UmDWgyLV1JBg8Jr8NwyezXdQkiU3vHGJu2efm7Cpump,118863.04,4863.41,60023.9,200312.59,1,11,12,1,2,400,20000
431,EUxS8Kqvbe8zDr8bG1RYtgjVNzEhMTG6B6H3WwrCHfwA-So11111111111111111111111111111111111111112,BIRDFLU-WSOL,BIRDFLU,EUxS8Kqvbe8zDr8bG1RYtgjVNzEhMTG6B6H3WwrCHfwA,WSOL,So11111111111111111111111111111111111111112,40797.92,4829.63,8809.65,57642.9,2,0,2,1,2,400,20000
432,piinKrjeiUVwhnXzsgNCV2aVGsBc4GwHQ9eCtkAgcTw-So11111111111111111111111111111111111111112,piin-WSOL,piin,piinKrjeiUVwhnXzsgNCV2aVGsBc4GwHQ9eCtkAgcTw,WSOL,So11111111111111111111111111111111111111112,78964.7,4740.41,22744.4,102866.66,3,0,3,1,2,400,20000
433,EPjFWdd5AufqSSqeM2qN1xzybapC8G4wEGGkZwyTDt1v-Hg8bKz4mvs8KNj9zew1cEF9tDw1x2GViB4RFZjVEmfrD,USDC-,USDC,EPjFWdd5AufqSSqeM2qN1xzybapC8G4wEGGkZwyTDt1v,,Hg8bKz4mvs8KNj9zew1cEF9tDw1x2GViB4RFZjVEmfrD,27617.7,4724.78,35898.85,43433.01,2,3,5,1,2,400,20000
434,So11111111111111111111111111111111111111112-HCq9orwso55TowciCZkD3Yb7c74iHYRGvQrubz4ppump,WSOL-SSEC,WSOL,So11111111111111111111111111111111111111112,SSEC,HCq9orwso55TowciCZkD3Yb7c74iHYRGvQrubz4ppump,54269.97,4721.06,22809.07,33677.23,2,0,2,1,2,400,20000
435,So11111111111111111111111111111111111111112-97Mbx6Jym1iEkQdVfLf5PMWL5tARGnQ5na5jhR9Lpump,WSOL-PILLZUMI,WSOL,So11111111111111111111111111111111111111112,PILLZUMI,97Mbx6Jym1iEkQdVfLf5PMWL5tARGnQ5na5jhR9Lpump,65325.37,4552.45,56165.9,117738.34,1,7,8,1,2,400,20000
436,So11111111111111111111111111111111111111112-AKzAhPPLMH5NG35kGbgkwtrTLeGyVrfCtApjnvqAATcm,WSOL-OI,WSOL,So11111111111111111111111111111111111111112,OI,AKzAhPPLMH5NG35kGbgkwtrTLeGyVrfCtApjnvqAATcm,21741.25,4506.39,41121.08,126450.24,1,5,6,1,2,400,20000
437,So11111111111111111111111111111111111111112-2xK7SDPUY1oCwch8G8guUPtTSGiAQCbZykR5Y4dCpump,WSOL-STONES,WSOL,So11111111111111111111111111111111111111112,STONES,2xK7SDPUY1oCwch8G8guUPtTSGiAQCbZykR5Y4dCpump,61005.23,4498.3,17535.21,52592.88,2,0,2,1,2,400,20000
438,JDwzFSxcUvLubUb9xAuuZNvh4bbcEJcuM9TezpmRHVWF-So11111111111111111111111111111111111111112,doodoo-WSOL,doodoo,JDwzFSxcUvLubUb9xAuuZNvh4bbcEJcuM9TezpmRHVWF,WSOL,So11111111111111111111111111111111111111112,583093.51,4482.39,22378.68,62437.94,2,0,2,1,2,400,20000
439,ENoD8J2J6wNHkcJkvVBkwq5JMiR1oNBfBZRkoHCQogyT-So11111111111111111111111111111111111111112,AABL-WSOL,AABL,ENoD8J2J6wNHkcJkvVBkwq5JMiR1oNBfBZRkoHCQogyT,WSOL,So11111111111111111111111111111111111111112,86517.83,4386.46,46838.69,164288.68,1,4,5,1,2,400,20000
440,So11111111111111111111111111111111111111112-DexxZWtZd8hdmeth9gKYXgTWa1VYdMVrWFBZ9RXXXhBn,WSOL-Kekec,WSOL,So11111111111111111111111111111111111111112,Kekec,DexxZWtZd8hdmeth9gKYXgTWa1VYdMVrWFBZ9RXXXhBn,37486.87,4324.23,62092.3,126753.31,3,3,6,1,2,400,20000
441,So11111111111111111111111111111111111111112-8PVFdKx7fX1FmmoASfTu5CUPEWuD1WY73Z24UTgCpump,WSOL-MPUP,WSOL,So11111111111111111111111111111111111111112,MPUP,8PVFdKx7fX1FmmoASfTu5CUPEWuD1WY73Z24UTgCpump,88991.54,4274.75,44964.92,90337.79,1,4,5,1,2,400,20000
442,AD27ov5fVU2XzwsbvnFvb1JpCBaCB5dRXrczV9CqSVGb-EPjFWdd5AufqSSqeM2qN1xzybapC8G4wEGGkZwyTDt1v,REAL-USDC,REAL,AD27ov5fVU2XzwsbvnFvb1JpCBaCB5dRXrczV9CqSVGb,USDC,EPjFWdd5AufqSSqeM2qN1xzybapC8G4wEGGkZwyTDt1v,73917.42,4271.68,9546.71,201334.9,2,0,2,1,2,400,20000
443,So11111111111111111111111111111111111111112-G6haJithfeUgSghVpu1rDPCq2NFiYcJFHNpHEANbpump,WSOL-RM9000,WSOL,So11111111111111111111111111111111111111112,RM9000,G6haJithfeUgSghVpu1rDPCq2NFiYcJFHNpHEANbpump,127899.0,3969.07,31727.8,155739.53,1,10,11,1,2,400,20000
444,So11111111111111111111111111111111111111112-9XS6ayT8aCaoH7tDmTgNyEXRLeVpgyHKtZk5xTXpump,WSOL-Mizuki,WSOL,So11111111111111111111111111111111111111112,Mizuki,9XS6ayT8aCaoH7tDmTgNyEXRLeVpgyHKtZk5xTXpump,108061.89,3902.07,34792.62,133921.06,1,13,14,1,2,400,20000
445,So11111111111111111111111111111111111111112-8J6CexwfJ8CSzn2DgWhzQe1NHd2hK9DKX59FCNNMo2hu,WSOL-MINIDOGE,WSOL,So11111111111111111111111111111111111111112,MINIDOGE,8J6CexwfJ8CSzn2DgWhzQe1NHd2hK9DKX59FCNNMo2hu,96303.54,3883.8,47328.37,210801.08,2,0,2,1,2,400,20000
446,61y6rK1UkEnVdqF4sDMct9pwApEVp7G7TjSgzXd2GBN-So11111111111111111111111111111111111111112,SASSY-WSOL,SASSY,61y6rK1UkEnVdqF4sDMct9pwApEVp7G7TjSgzXd2GBN,WSOL,So11111111111111111111111111111111111111112,42759.83,3828.15,8123.35,10718.46,2,0,2,1,2,400,20000
447,D2JGRcNqq1mLzyL4ruCb27pzYw8FF3nTK4hMz6GmMW56-So11111111111111111111111111111111111111112,🫃-WSOL,🫃,D2JGRcNqq1mLzyL4ruCb27pzYw8FF3nTK4hMz6GmMW56,WSOL,So11111111111111111111111111111111111111112,36964.96,3716.99,87335.91,134795.01,2,0,2,1,2,400,20000
448,So11111111111111111111111111111111111111112-F6Aj973E5vGHyGnVsKC39rAFwnFukF11JmpPQ7xPUFF8,WSOL-FLOPPA,WSOL,So11111111111111111111111111111111111111112,FLOPPA,F6Aj973E5vGHyGnVsKC39rAFwnFukF11JmpPQ7xPUFF8,22103.83,3593.5,3593.5,3868.08,3,0,3,1,2,400,20000
449,So11111111111111111111111111111111111111112-6gh8b2mqUrVb6Ew8Mwt89tNyN9keCDNstzT5cdp5pump,WSOL-VOID,WSOL,So11111111111111111111111111111111111111112,VOID,6gh8b2mqUrVb6Ew8Mwt89tNyN9keCDNstzT5cdp5pump,95282.49,3536.99,51011.05,92048.1,3,0,3,1,2,400,20000
450,So11111111111111111111111111111111111111112-AzC1u8NPdpS6DVBs8Mv3P6egZ2AhN9KaGaY64xVMpump,WSOL-DEEBO,WSOL,So11111111111111111111111111111111111111112,DEEBO,AzC1u8NPdpS6DVBs8Mv3P6egZ2AhN9KaGaY64xVMpump,52174.66,3483.0,35370.81,66357.51,1,15,16,1,2,400,20000
451,So11111111111111111111111111111111111111112-5SKLS8gvhJgAtmtmRr7SQg7NjoehutwK3vAzYPAYpump,WSOL-UPONLY,WSOL,So11111111111111111111111111111111111111112,UPONLY,5SKLS8gvhJgAtmtmRr7SQg7NjoehutwK3vAzYPAYpump,122582.34,3430.66,312705.15,501561.74,1,8,9,1,2,400,20000
452,Comai3YgiVY2p5ep635Pk4P6jNQHNhigvzeTcB6V7dyj-So11111111111111111111111111111111111111112,wCOMAI-WSOL,wCOMAI,Comai3YgiVY2p5ep635Pk4P6jNQHNhigvzeTcB6V7dyj,WSOL,So11111111111111111111111111111111111111112,36992.04,3386.51,29715.08,95852.98,2,0,2,1,2,400,20000
453,So11111111111111111111111111111111111111112-FFgfStKwuF3DSxEeogA69FNkPrkb7XDA5Tw29TBEpump,WSOL-GNZ,WSOL,So11111111111111111111111111111111111111112,GNZ,FFgfStKwuF3DSxEeogA69FNkPrkb7XDA5Tw29TBEpump,51219.27,3377.03,28407.6,226905.33,1,11,12,1,2,400,20000
454,SCSuPPNUSypLBsV4darsrYNg4ANPgaGhKhsA3GmMyjz-So11111111111111111111111111111111111111112,SCS-WSOL,SCS,SCSuPPNUSypLBsV4darsrYNg4ANPgaGhKhsA3GmMyjz,WSOL,So11111111111111111111111111111111111111112,30437.48,3362.34,9824.04,39176.25,1,9,10,1,2,400,20000
455,So11111111111111111111111111111111111111112-CbUPTbC4K7zdAEWxfa1nad4468xpX3LpWPhZVnzybhfN,WSOL-WAIT,WSOL,So11111111111111111111111111111111111111112,WAIT,CbUPTbC4K7zdAEWxfa1nad4468xpX3LpWPhZVnzybhfN,63618.99,3340.14,139228.99,145052.28,1,8,9,1,2,400,20000
456,So11111111111111111111111111111111111111112-89nnWMkWeF9LSJvAWcN2JFQfeWdDk6diKEckeToEU1hE,WSOL-sora,WSOL,So11111111111111111111111111111111111111112,sora,89nnWMkWeF9LSJvAWcN2JFQfeWdDk6diKEckeToEU1hE,91035.57,3275.25,22700.28,181640.75,2,13,15,1,2,400,20000
457,So11111111111111111111111111111111111111112-FViZQJymuQ9FaxmpudCQS7ffJUt4udHzwJKPBiy7pump,WSOL-PanterAI,WSOL,So11111111111111111111111111111111111111112,PanterAI,FViZQJymuQ9FaxmpudCQS7ffJUt4udHzwJKPBiy7pump,25612.54,3261.75,9090.41,18791.82,1,1,2,1,2,400,20000
458,3FoUAsGDbvTD6YZ4wVKJgTB76onJUKz7GPEBNiR5b8wc-EPjFWdd5AufqSSqeM2qN1xzybapC8G4wEGGkZwyTDt1v,CHEEMS-USDC,CHEEMS,3FoUAsGDbvTD6YZ4wVKJgTB76onJUKz7GPEBNiR5b8wc,USDC,EPjFWdd5AufqSSqeM2qN1xzybapC8G4wEGGkZwyTDt1v,70112.11,3253.09,32107.39,372849.33,2,0,2,1,2,400,20000
459,So11111111111111111111111111111111111111112-FwzpNxnabjZvc8QCnV6qPEBKxqLxSyjobc5Etdgxpump,WSOL-ALR,WSOL,So11111111111111111111111111111111111111112,ALR,FwzpNxnabjZvc8QCnV6qPEBKxqLxSyjobc5Etdgxpump,55335.26,3229.04,14818.82,63556.19,2,8,10,1,2,400,20000
460,So11111111111111111111111111111111111111112-HmAgiwjjP9CXqK5wQNsHKtjAt2CH3Kv8Q7xH5kGL2nqZ,WSOL-Barron,WSOL,So11111111111111111111111111111111111111112,Barron,HmAgiwjjP9CXqK5wQNsHKtjAt2CH3Kv8Q7xH5kGL2nqZ,162256.44,3208.69,32052.03,196606.06,2,0,2,1,2,400,20000
461,So11111111111111111111111111111111111111112-7wM4MnbsPsG95A3WhZgbrPWvMtydKmJjqKr2ZVJVpump,WSOL-NAVAL,WSOL,So11111111111111111111111111111111111111112,NAVAL,7wM4MnbsPsG95A3WhZgbrPWvMtydKmJjqKr2ZVJVpump,53314.52,3155.82,13512.36,102729.6,1,6,7,1,2,400,20000
462,So11111111111111111111111111111111111111112-2aWos2YsA6YjN5DHX77diRUx7SKMg7H1U8hqL2N1iy5o,WSOL-GRFT,WSOL,So11111111111111111111111111111111111111112,GRFT,2aWos2YsA6YjN5DHX77diRUx7SKMg7H1U8hqL2N1iy5o,80841.91,3148.36,27697.67,89869.73,2,2,4,1,2,400,20000
463,8CuPzHKuZQUyYbear8fi3u6iuTY652WVZT2cHZ2yeNbE-So11111111111111111111111111111111111111112,EARN-WSOL,EARN,8CuPzHKuZQUyYbear8fi3u6iuTY652WVZT2cHZ2yeNbE,WSOL,So11111111111111111111111111111111111111112,179397.26,2967.27,21677.31,46952.35,3,0,3,1,2,400,20000
464,So11111111111111111111111111111111111111112-BjjvKX5k7gQoGRmvQAA5WMr7EkQ2cirGTSGxAznDpump,WSOL-EARL,WSOL,So11111111111111111111111111111111111111112,EARL,BjjvKX5k7gQoGRmvQAA5WMr7EkQ2cirGTSGxAznDpump,81666.61,2921.93,45396.64,218643.17,1,10,11,1,2,400,20000
465,LSZmgFnezyfSyWW5xn6dc8fC253cnwYTGgf1TZLGapE-So11111111111111111111111111111111111111112,DEFAPE-WSOL,DEFAPE,LSZmgFnezyfSyWW5xn6dc8fC253cnwYTGgf1TZLGapE,WSOL,So11111111111111111111111111111111111111112,48120.92,2915.31,33449.31,818130.76,1,2,3,1,2,400,20000
466,So11111111111111111111111111111111111111112-5qsZAnWuR7vMJbiznrJEY2ddVqZXjNYmFvR3eXSxpump,WSOL-Focai,WSOL,So11111111111111111111111111111111111111112,Focai,5qsZAnWuR7vMJbiznrJEY2ddVqZXjNYmFvR3eXSxpump,57234.59,2906.73,22891.78,232105.37,2,10,12,1,2,400,20000
467,So11111111111111111111111111111111111111112-3fGoNjPohYRVPk9iJuwEW5WuURU5gmAdSRgNgeaanexQ,WSOL-KEYDOG,WSOL,So11111111111111111111111111111111111111112,KEYDOG,3fGoNjPohYRVPk9iJuwEW5WuURU5gmAdSRgNgeaanexQ,87132.76,2883.97,54910.99,83202.41,2,3,5,1,2,400,20000
468,So11111111111111111111111111111111111111112-A6WCD9dzgpCpCofGG7boCN3jJitmBSoXS7tgZa4rGooD,WSOL-GOOD,WSOL,So11111111111111111111111111111111111111112,GOOD,A6WCD9dzgpCpCofGG7boCN3jJitmBSoXS7tgZa4rGooD,230584.37,2881.43,11811.43,97899.01,2,0,2,1,2,400,20000
469,So11111111111111111111111111111111111111112-5Kh2xc7X2qfRig2DZyGkuEXw7jeXUXoei7U6GBjfpump,WSOL-SEDUX,WSOL,So11111111111111111111111111111111111111112,SEDUX,5Kh2xc7X2qfRig2DZyGkuEXw7jeXUXoei7U6GBjfpump,36480.61,2844.83,8003.82,24076.31,1,2,3,1,2,400,20000
470,So11111111111111111111111111111111111111112-Ep5tnKTSkLDeQ12ctS3RhQNcbcApkcyJcGPgHh4dpump,WSOL-CRYING,WSOL,So11111111111111111111111111111111111111112,CRYING,Ep5tnKTSkLDeQ12ctS3RhQNcbcApkcyJcGPgHh4dpump,63071.04,2713.4,8842.54,17281.69,1,4,5,1,2,400,20000
471,So11111111111111111111111111111111111111112-ERzsfG1aVp8YgDFXSFBNbEQ4YWsNgNVKgsBDVfDs6Jdh,WSOL-DrOdin,WSOL,So11111111111111111111111111111111111111112,DrOdin,ERzsfG1aVp8YgDFXSFBNbEQ4YWsNgNVKgsBDVfDs6Jdh,24934.8,2619.68,6937.4,29799.09,2,0,2,1,2,400,20000
472,MM8o3Sk58NufoS8Zds7MYTC1LcStfCaqinN5T2pdNtp-So11111111111111111111111111111111111111112,ETFS-WSOL,ETFS,MM8o3Sk58NufoS8Zds7MYTC1LcStfCaqinN5T2pdNtp,WSOL,So11111111111111111111111111111111111111112,161245.23,2617.66,19872.41,261390.11,5,0,5,1,2,400,20000
473,So11111111111111111111111111111111111111112-3u4XvCjmTmQmcvjoxo1z8y3wnRdtnCuv6N9WkiE6FJvH,WSOL-FUNGI,WSOL,So11111111111111111111111111111111111111112,FUNGI,3u4XvCjmTmQmcvjoxo1z8y3wnRdtnCuv6N9WkiE6FJvH,141417.61,2587.11,26729.43,142104.4,1,1,2,1,2,400,20000
474,So11111111111111111111111111111111111111112-GLPdQwGtjcynj3RLraenPeR9v1REnpdyuciPBpVipump,WSOL-SCOUT,WSOL,So11111111111111111111111111111111111111112,SCOUT,GLPdQwGtjcynj3RLraenPeR9v1REnpdyuciPBpVipump,125085.1,2586.12,14369.25,40508.77,1,16,17,1,2,400,20000
475,So11111111111111111111111111111111111111112-3Rcc6tMyS7ZEa29dxV4g3J5StorS9J1dn98gd42pZTk1,WSOL-MIMANY,WSOL,So11111111111111111111111111111111111111112,MIMANY,3Rcc6tMyS7ZEa29dxV4g3J5StorS9J1dn98gd42pZTk1,139826.88,2561.89,48146.46,213930.33,2,8,10,1,2,400,20000
476,So11111111111111111111111111111111111111112-4ytpZgVoNB66bFs6NRCUaAVsLdtYk2fHq4U92Jnjpump,WSOL-BTW,WSOL,So11111111111111111111111111111111111111112,BTW,4ytpZgVoNB66bFs6NRCUaAVsLdtYk2fHq4U92Jnjpump,134145.18,2524.8,37440.16,163952.72,2,0,2,1,2,400,20000
477,So11111111111111111111111111111111111111112-2gEVZRM4Uobtv381Uk5fZ8y1qLqqLVrWndr9e7XF1b1T,WSOL-POT,WSOL,So11111111111111111111111111111111111111112,POT,2gEVZRM4Uobtv381Uk5fZ8y1qLqqLVrWndr9e7XF1b1T,86372.8,2508.37,3317.9,16325.44,2,0,2,1,2,400,20000
478,So11111111111111111111111111111111111111112-7KuFdcfzbc3LLoRHNRWfW1dhbPNzuCv41hyYbfSUpump,WSOL-TDS,WSOL,So11111111111111111111111111111111111111112,TDS,7KuFdcfzbc3LLoRHNRWfW1dhbPNzuCv41hyYbfSUpump,80592.09,2506.22,22042.4,251371.21,2,8,10,1,2,400,20000
479,8CkiSHHJDHJV4LUoiRMLUhqG58cUkbyJRtcP4Z3mCXNf-So11111111111111111111111111111111111111112,POWSCHE-WSOL,POWSCHE,8CkiSHHJDHJV4LUoiRMLUhqG58cUkbyJRtcP4Z3mCXNf,WSOL,So11111111111111111111111111111111111111112,141005.65,2406.88,24238.25,144927.29,1,2,3,1,2,400,20000
480,So11111111111111111111111111111111111111112-CPcf58MNikQw2G23kTVWQevRDeFDpdxMH7KkR7Lhpump,WSOL-DOBBY,WSOL,So11111111111111111111111111111111111111112,DOBBY,CPcf58MNikQw2G23kTVWQevRDeFDpdxMH7KkR7Lhpump,53716.84,2331.24,19913.87,101842.03,3,0,3,1,2,400,20000
481,So11111111111111111111111111111111111111112-HmfNGq7kxE6ppMDGW87xPuMU6wnKbeYBZf76K7t33w3s,WSOL-KOHLER,WSOL,So11111111111111111111111111111111111111112,KOHLER,HmfNGq7kxE6ppMDGW87xPuMU6wnKbeYBZf76K7t33w3s,82108.83,2286.04,23172.36,56182.83,1,3,4,1,2,400,20000
482,So11111111111111111111111111111111111111112-RufNMBEbKJr6CM1t3nwakZ3BaE9csF2AR15s32VWcRE,WSOL-MIRA,WSOL,So11111111111111111111111111111111111111112,MIRA,RufNMBEbKJr6CM1t3nwakZ3BaE9csF2AR15s32VWcRE,163054.89,2253.67,7228.57,27533.38,2,14,16,1,2,400,20000
483,So11111111111111111111111111111111111111112-ENTxR2RP8NtvhXzMNFCxE1HazzdV9x7SuZqGyAb4jdED,WSOL-ENT,WSOL,So11111111111111111111111111111111111111112,ENT,ENTxR2RP8NtvhXzMNFCxE1HazzdV9x7SuZqGyAb4jdED,327590.35,2227.61,20367.36,97686.1,4,0,4,1,2,400,20000
484,So11111111111111111111111111111111111111112-2CsJHNyj74zK6Jaiq2UayPAXFEjmL5UKhpeLNaH45Fud,WSOL-GIZMO,WSOL,So11111111111111111111111111111111111111112,GIZMO,2CsJHNyj74zK6Jaiq2UayPAXFEjmL5UKhpeLNaH45Fud,141929.62,2174.44,25021.12,77795.63,2,0,2,1,2,400,20000
485,So11111111111111111111111111111111111111112-aPig1huDbdDTR9HmJBSHK5jiHrG3o2ZThdG4xPDpump,WSOL-SOURCE,WSOL,So11111111111111111111111111111111111111112,SOURCE,aPig1huDbdDTR9HmJBSHK5jiHrG3o2ZThdG4xPDpump,49287.95,2138.49,20948.04,57705.5,2,2,4,1,2,400,20000
486,So11111111111111111111111111111111111111112-HaL8cPcEZgwLaCbwyf6aAPh7rhw7iHck22zFXSNjpump,WSOL-Claude,WSOL,So11111111111111111111111111111111111111112,Claude,HaL8cPcEZgwLaCbwyf6aAPh7rhw7iHck22zFXSNjpump,68888.29,2137.04,41544.07,488531.87,2,3,5,1,2,400,20000
487,So11111111111111111111111111111111111111112-HKKagAnZBoJPWS4z5AZ5bErB7Uj6u2mkLo4ysD7mpump,WSOL-ANCHOVY,WSOL,So11111111111111111111111111111111111111112,ANCHOVY,HKKagAnZBoJPWS4z5AZ5bErB7Uj6u2mkLo4ysD7mpump,29907.85,2131.88,8124.3,40985.2,2,0,2,1,2,400,20000
488,So11111111111111111111111111111111111111112-27T4BetBEXjxfqeUb7WWcCz8rKPUJuxNu2CGzApPpump,WSOL-CUBA,WSOL,So11111111111111111111111111111111111111112,CUBA,27T4BetBEXjxfqeUb7WWcCz8rKPUJuxNu2CGzApPpump,103064.27,1987.8,3264.59,7341.5,2,9,11,1,2,400,20000
489,oraiJP7H3LAt57DkFXNLDbLdBFNRRPvS8jg2j5AZkd9-So11111111111111111111111111111111111111112,GNRT-WSOL,GNRT,oraiJP7H3LAt57DkFXNLDbLdBFNRRPvS8jg2j5AZkd9,WSOL,So11111111111111111111111111111111111111112,59186.79,1984.19,20898.54,44852.19,2,6,8,1,2,400,20000
490,So11111111111111111111111111111111111111112-AKyVUXwrYPxnt9cf9EQUpRmty6yrW25d3R8R1YVepump,WSOL-LOLA,WSOL,So11111111111111111111111111111111111111112,LOLA,AKyVUXwrYPxnt9cf9EQUpRmty6yrW25d3R8R1YVepump,64175.5,1922.14,4093.43,13307.33,1,11,12,1,2,400,20000
491,A6qrLQUcnWE8ZHgScmxhiTpMs4EmAkZd2PErHFwCq1ML-So11111111111111111111111111111111111111112,Deal-WSOL,Deal,A6qrLQUcnWE8ZHgScmxhiTpMs4EmAkZd2PErHFwCq1ML,WSOL,So11111111111111111111111111111111111111112,40008.35,1918.76,48150.42,48150.42,3,0,3,1,2,400,20000
492,So11111111111111111111111111111111111111112-3UYS3XXYC9yWvNyBWFKqqb5w9YQfX65RQzoAKd8jEUCB,WSOL-WING,WSOL,So11111111111111111111111111111111111111112,WING,3UYS3XXYC9yWvNyBWFKqqb5w9YQfX65RQzoAKd8jEUCB,100874.95,1911.71,27905.16,83498.46,4,0,4,1,2,400,20000
493,So11111111111111111111111111111111111111112-DqrcZRHM9JuCUhnLyaWF7rLLjxE5h3MbiG7iferUpump,WSOL-CATG,WSOL,So11111111111111111111111111111111111111112,CATG,DqrcZRHM9JuCUhnLyaWF7rLLjxE5h3MbiG7iferUpump,55254.56,1894.96,338105.19,383355.59,2,16,18,1,2,400,20000
494,So11111111111111111111111111111111111111112-FFXsbx4rPwM8CyKKZiPU3YS9xFFirww6QEzb6KCCpump,WSOL-MILTON,WSOL,So11111111111111111111111111111111111111112,MILTON,FFXsbx4rPwM8CyKKZiPU3YS9xFFirww6QEzb6KCCpump,62690.55,1893.12,16137.45,65025.8,1,4,5,1,2,400,20000
495,So11111111111111111111111111111111111111112-GVxCVNbMrnRFztSXMDFAheoN7JJdSTr1dTawrmwXPh2n,WSOL-MSTASH,WSOL,So11111111111111111111111111111111111111112,MSTASH,GVxCVNbMrnRFztSXMDFAheoN7JJdSTr1dTawrmwXPh2n,30726.86,1772.72,8264.6,38060.9,2,0,2,1,2,400,20000
496,9cLx6w1fN6b67VxsGxaFaCTgQcNqsA51p4uMWdkgQqmC-So11111111111111111111111111111111111111112,BOYS-WSOL,BOYS,9cLx6w1fN6b67VxsGxaFaCTgQcNqsA51p4uMWdkgQqmC,WSOL,So11111111111111111111111111111111111111112,36116.56,1721.42,16381.24,67577.4,2,0,2,1,2,400,20000
497,So11111111111111111111111111111111111111112-3DyT1fDosT42GT7srFmv5m2VuzU9AB68QknwWY6Kpump,WSOL-unl,WSOL,So11111111111111111111111111111111111111112,unl,3DyT1fDosT42GT7srFmv5m2VuzU9AB68QknwWY6Kpump,25605.29,1715.8,5262.04,16149.16,2,0,2,1,2,400,20000
498,So11111111111111111111111111111111111111112-2Tr3i2qjSPUb7e7BSFWTq7gsRzJEnYBKc7wRAYu3pump,WSOL-BeffAI,WSOL,So11111111111111111111111111111111111111112,BeffAI,2Tr3i2qjSPUb7e7BSFWTq7gsRzJEnYBKc7wRAYu3pump,70739.28,1671.13,8974.85,117313.64,1,6,7,1,2,400,20000
499,So11111111111111111111111111111111111111112-Agentfk87X48g37uPprEZaQtizDvnSQVeTqVjAtmbhd3,WSOL-$SOULS,WSOL,So11111111111111111111111111111111111111112,$SOULS,Agentfk87X48g37uPprEZaQtizDvnSQVeTqVjAtmbhd3,53760.6,1656.97,8501.42,25838.98,1,9,10,1,2,400,20000
500,7dGbPgUxKpB5qWiLRKcTQSC3om1fPzUpgGAFfwej9hXx-So11111111111111111111111111111111111111112,GCR-WSOL,GCR,7dGbPgUxKpB5qWiLRKcTQSC3om1fPzUpgGAFfwej9hXx,WSOL,So11111111111111111111111111111111111111112,56761.51,1624.75,9475.19,30785.83,1,10,11,1,2,400,20000
501,So11111111111111111111111111111111111111112-9pnDLVWmWyccy6HhZKcCiwrQEBX1UHQ5ikKPo5xrpump,WSOL-THURSTON,WSOL,So11111111111111111111111111111111111111112,THURSTON,9pnDLVWmWyccy6HhZKcCiwrQEBX1UHQ5ikKPo5xrpump,42735.53,1554.68,11470.26,95727.83,2,0,2,1,2,400,20000
502,So11111111111111111111111111111111111111112-5AnPDx9GposBi9jSW2dFfE5QQD3FmXbudoquMNDxpump,WSOL-DOLLAR,WSOL,So11111111111111111111111111111111111111112,DOLLAR,5AnPDx9GposBi9jSW2dFfE5QQD3FmXbudoquMNDxpump,90214.02,1536.51,22253.43,132145.17,1,10,11,1,2,400,20000
503,So11111111111111111111111111111111111111112-GACL2mEL9BR4baJBbYWfNKa5mxBYXRdU4ZthedKcVkx1,WSOL-INCEL,WSOL,So11111111111111111111111111111111111111112,INCEL,GACL2mEL9BR4baJBbYWfNKa5mxBYXRdU4ZthedKcVkx1,54725.53,1516.95,3681.22,101448.62,2,0,2,1,2,400,20000
504,7qmWe2vUhhV1PJyN5aYUK3D5gBPkyFiwc4x5FrDcnTHZ-So11111111111111111111111111111111111111112,UPONLY-WSOL,UPONLY,7qmWe2vUhhV1PJyN5aYUK3D5gBPkyFiwc4x5FrDcnTHZ,WSOL,So11111111111111111111111111111111111111112,22121.73,1515.55,8502.24,9994323.97,2,0,2,1,2,400,20000
505,So11111111111111111111111111111111111111112-B8hCuoikV9gLeuwmTyhNdLbPnb5k3P77Q7WTtEM7pump,WSOL-HOLO,WSOL,So11111111111111111111111111111111111111112,HOLO,B8hCuoikV9gLeuwmTyhNdLbPnb5k3P77Q7WTtEM7pump,80926.22,1494.92,17421.37,159821.02,1,17,18,1,2,400,20000
506,So11111111111111111111111111111111111111112-GjWBV4Z3HVEQKQB9BCwou1KiUzKs6j2fSohUtGGAiPD7,WSOL-,WSOL,So11111111111111111111111111111111111111112,,GjWBV4Z3HVEQKQB9BCwou1KiUzKs6j2fSohUtGGAiPD7,69184.05,1445.04,36047.49,95406.49,2,0,2,1,2,400,20000
507,So11111111111111111111111111111111111111112-7yn2PRbB96TgcCkkMK4zD6vvMth6Co5B5Nma6XvPpump,WSOL-Thales,WSOL,So11111111111111111111111111111111111111112,Thales,7yn2PRbB96TgcCkkMK4zD6vvMth6Co5B5Nma6XvPpump,97130.08,1424.32,26579.13,103092.18,2,7,9,1,2,400,20000
508,So11111111111111111111111111111111111111112-Bz7Nx1F3Mti1BVS7ZAVDLSKGEaejufxvX2DPdjpf8PqT,WSOL-CHIPPY,WSOL,So11111111111111111111111111111111111111112,CHIPPY,Bz7Nx1F3Mti1BVS7ZAVDLSKGEaejufxvX2DPdjpf8PqT,109978.74,1367.0,59251.31,297662.45,2,0,2,1,2,400,20000
509,So11111111111111111111111111111111111111112-22Xeo6diWfJrScaoVFzgkwzrCByPukK45fdwkJyrpump,WSOL-Mustard,WSOL,So11111111111111111111111111111111111111112,Mustard,22Xeo6diWfJrScaoVFzgkwzrCByPukK45fdwkJyrpump,108143.57,1293.6,8338.27,33521.32,1,11,12,1,2,400,20000
510,So11111111111111111111111111111111111111112-FqvtZ2UFR9we82Ni4LeacC1zyTiQ77usDo31DUokpump,WSOL-$slop,WSOL,So11111111111111111111111111111111111111112,$slop,FqvtZ2UFR9we82Ni4LeacC1zyTiQ77usDo31DUokpump,121814.13,1275.54,14342.65,27921.46,1,15,16,1,2,400,20000
511,So11111111111111111111111111111111111111112-aSCcjVmMJttZQNYtzhFXmqmUiTm8xkJBggn4sj8pump,WSOL-ForexLens,WSOL,So11111111111111111111111111111111111111112,ForexLens,aSCcjVmMJttZQNYtzhFXmqmUiTm8xkJBggn4sj8pump,35254.39,1240.77,3998.86,33746.07,1,7,8,1,2,400,20000
512,8PMJczfs9W8TDKiNBD85AuqxE8tWACCDeUwxpUeadL3j-So11111111111111111111111111111111111111112,CEICAT-WSOL,CEICAT,8PMJczfs9W8TDKiNBD85AuqxE8tWACCDeUwxpUeadL3j,WSOL,So11111111111111111111111111111111111111112,35406.94,1231.3,5394.3,119693.16,1,1,2,1,2,400,20000
513,6DSqVXg9WLTWgz6LACqxN757QdHe1sCqkUfojWmxWtok-So11111111111111111111111111111111111111112,CORN-WSOL,CORN,6DSqVXg9WLTWgz6LACqxN757QdHe1sCqkUfojWmxWtok,WSOL,So11111111111111111111111111111111111111112,106686.19,1199.53,31008.86,80654.84,1,5,6,1,2,400,20000
514,MEFNBXixkEbait3xn9bkm8WsJzXtVsaJEn4c8Sam21u-So11111111111111111111111111111111111111112,ME-WSOL,ME,MEFNBXixkEbait3xn9bkm8WsJzXtVsaJEn4c8Sam21u,WSOL,So11111111111111111111111111111111111111112,63013.31,1171.1,5483.27,44526.36,2,47,49,1,2,400,20000
515,So11111111111111111111111111111111111111112-2wUGjvMqXusgfzYP3Vj149bSM9MwTPLS4maxkdGfpump,WSOL-SOLENG,WSOL,So11111111111111111111111111111111111111112,SOLENG,2wUGjvMqXusgfzYP3Vj149bSM9MwTPLS4maxkdGfpump,60188.16,1168.92,6347.99,129396.87,1,6,7,1,2,400,20000
516,So11111111111111111111111111111111111111112-CwsQd329uL1ccxT3my2EJCEsciT1CUfk2BUmPF8Ppump,WSOL-DATAWITCH,WSOL,So11111111111111111111111111111111111111112,DATAWITCH,CwsQd329uL1ccxT3my2EJCEsciT1CUfk2BUmPF8Ppump,47246.65,1160.88,21125.61,93646.58,1,5,6,1,2,400,20000
517,4f9Nc1vPWvcbGP9Zfi6TWD9tApyMgBrqmXexNZnR4Wmo-So11111111111111111111111111111111111111112,GOATSE-WSOL,GOATSE,4f9Nc1vPWvcbGP9Zfi6TWD9tApyMgBrqmXexNZnR4Wmo,WSOL,So11111111111111111111111111111111111111112,26054.84,1137.34,3335.55,11789.82,2,0,2,1,2,400,20000
518,So11111111111111111111111111111111111111112-FuQASH8ps9NPeDu4h3rVtMBygKYoSiSTZ4uSiA5tpump,WSOL-Banana,WSOL,So11111111111111111111111111111111111111112,Banana,FuQASH8ps9NPeDu4h3rVtMBygKYoSiSTZ4uSiA5tpump,86426.7,1133.05,9610.79,22661.26,2,0,2,1,2,400,20000
519,So11111111111111111111111111111111111111112-STKmfGGegeoYqrHrJ3nvTafSvRC6GJJBbLwN1cqpump,WSOL-NOVA,WSOL,So11111111111111111111111111111111111111112,NOVA,STKmfGGegeoYqrHrJ3nvTafSvRC6GJJBbLwN1cqpump,65204.29,1127.26,8092.39,20596.02,1,6,7,1,2,400,20000
520,E1R4RF89GcKxz62DVfojxDJteLFFs8rtiXcGcrx5HbTj-EPjFWdd5AufqSSqeM2qN1xzybapC8G4wEGGkZwyTDt1v,$MATRIX-USDC,$MATRIX,E1R4RF89GcKxz62DVfojxDJteLFFs8rtiXcGcrx5HbTj,USDC,EPjFWdd5AufqSSqeM2qN1xzybapC8G4wEGGkZwyTDt1v,129615.54,1121.39,4825.03,26616.3,2,0,2,1,2,400,20000
521,HfYFjMKNZygfMC8LsQ8LtpPsPxEJoXJx4M6tqi75Hajo-EPjFWdd5AufqSSqeM2qN1xzybapC8G4wEGGkZwyTDt1v,CWAR-USDC,CWAR,HfYFjMKNZygfMC8LsQ8LtpPsPxEJoXJx4M6tqi75Hajo,USDC,EPjFWdd5AufqSSqeM2qN1xzybapC8G4wEGGkZwyTDt1v,64888.01,1084.37,8719.98,38042.26,2,0,2,1,2,400,20000
522,So11111111111111111111111111111111111111112-4Qur8tvJG195EXmhsuPvpa3qmMiAugtbDaoGwVGV6oJD,WSOL-SKAI,WSOL,So11111111111111111111111111111111111111112,SKAI,4Qur8tvJG195EXmhsuPvpa3qmMiAugtbDaoGwVGV6oJD,46402.42,1074.59,4814.06,21217.77,1,6,7,1,2,400,20000
523,So11111111111111111111111111111111111111112-5KHQeeQvM4qBtmX3WnaCMGpM3Th7jYpqcHf3c6qzPodM,WSOL-SMOL,WSOL,So11111111111111111111111111111111111111112,SMOL,5KHQeeQvM4qBtmX3WnaCMGpM3Th7jYpqcHf3c6qzPodM,112727.08,1046.77,14053.4,167291.65,2,0,2,1,2,400,20000
524,So11111111111111111111111111111111111111112-FCzioYCxRXWbFAoG1pBmAsWXnEFdLLs5znH2azwjJ2fY,WSOL-🧛,WSOL,So11111111111111111111111111111111111111112,🧛,FCzioYCxRXWbFAoG1pBmAsWXnEFdLLs5znH2azwjJ2fY,38113.25,949.93,6563.03,19101.77,3,2,5,1,2,400,20000
525,So11111111111111111111111111111111111111112-7yZFFUhq9ac7DY4WobLL539pJEUbMnQ5AGQQuuEMpump,WSOL-OBOT,WSOL,So11111111111111111111111111111111111111112,OBOT,7yZFFUhq9ac7DY4WobLL539pJEUbMnQ5AGQQuuEMpump,181210.34,932.16,12194.23,26633.29,1,10,11,1,2,400,20000
526,GeBCL92LPDysZPFYjRkPe7cK42Vb4ehHPZCTtCSwja7w-So11111111111111111111111111111111111111112,BAOBAO-WSOL,BAOBAO,GeBCL92LPDysZPFYjRkPe7cK42Vb4ehHPZCTtCSwja7w,WSOL,So11111111111111111111111111111111111111112,63794.42,920.55,2371.96,1970760.12,2,0,2,1,2,400,20000
527,So11111111111111111111111111111111111111112-J5tzd1ww1V1qrgDUQHVCGqpmpbnEnjzGs9LAqJxwkNde,WSOL-FRN,WSOL,So11111111111111111111111111111111111111112,FRN,J5tzd1ww1V1qrgDUQHVCGqpmpbnEnjzGs9LAqJxwkNde,31081.09,908.86,2756.56,9233.84,2,0,2,1,2,400,20000
528,So11111111111111111111111111111111111111112-mm7g78aMJZv8QB4Q15qbsM3UQJZWof85vwC2NSxRh2Q,WSOL-YURU,WSOL,So11111111111111111111111111111111111111112,YURU,mm7g78aMJZv8QB4Q15qbsM3UQJZWof85vwC2NSxRh2Q,148929.78,883.24,2888.44,79251.58,2,0,2,1,2,400,20000
529,So11111111111111111111111111111111111111112-CXcWiHFDM1J8RHfAuzor1YGSk6BxGKFY5kstjUZjpump,WSOL-NGNF,WSOL,So11111111111111111111111111111111111111112,NGNF,CXcWiHFDM1J8RHfAuzor1YGSk6BxGKFY5kstjUZjpump,151508.36,879.45,10288.91,54825.86,3,0,3,1,2,400,20000
530,So11111111111111111111111111111111111111112-HtCqD3o5aF1RXcyGi6AW11PoB3bZmFdA8kvVyhJrpump,WSOL-GMika,WSOL,So11111111111111111111111111111111111111112,GMika,HtCqD3o5aF1RXcyGi6AW11PoB3bZmFdA8kvVyhJrpump,86949.03,871.16,1120.99,5786.3,2,9,11,1,2,400,20000
531,So11111111111111111111111111111111111111112-4qJvBSACeFy4HinpBA7rotXRRSzDhT3iFEshgjdDpump,WSOL-Fistcoin,WSOL,So11111111111111111111111111111111111111112,Fistcoin,4qJvBSACeFy4HinpBA7rotXRRSzDhT3iFEshgjdDpump,41892.58,864.34,8526.4,59100.71,2,5,7,1,2,400,20000
532,So11111111111111111111111111111111111111112-JBSVUpKgYNHt4GLtNebQxTJmZgftTMWENQrziHtGpump,WSOL-Swarm,WSOL,So11111111111111111111111111111111111111112,Swarm,JBSVUpKgYNHt4GLtNebQxTJmZgftTMWENQrziHtGpump,175920.97,782.32,22213.77,43671.3,1,4,5,1,2,400,20000
533,So11111111111111111111111111111111111111112-5bs3kHmjo1F3ZL42scfYyx9re3hhnayZYF8NkUr5D8HE,WSOL-SOAP,WSOL,So11111111111111111111111111111111111111112,SOAP,5bs3kHmjo1F3ZL42scfYyx9re3hhnayZYF8NkUr5D8HE,98610.96,751.53,22291.67,190409.81,2,0,2,1,2,400,20000
534,So11111111111111111111111111111111111111112-EoRe4xECTe9imaYtwfdmrGoinD2S1N5yMeu1LrjQpump,WSOL-MWOR,WSOL,So11111111111111111111111111111111111111112,MWOR,EoRe4xECTe9imaYtwfdmrGoinD2S1N5yMeu1LrjQpump,56741.31,688.28,117243.36,457745.58,2,0,2,1,2,400,20000
535,So11111111111111111111111111111111111111112-73rzMJ8uEqjAf5vE1YPGrXbg7Cb2Yv85EoxpJh2mpump,WSOL-glam,WSOL,So11111111111111111111111111111111111111112,glam,73rzMJ8uEqjAf5vE1YPGrXbg7Cb2Yv85EoxpJh2mpump,36846.79,671.72,8133.18,26596.17,1,5,6,1,2,400,20000
536,So11111111111111111111111111111111111111112-BYMCXiiA4om347ChR4t6bYHzkKJwnULLAg72BeDdpump,WSOL-LORE,WSOL,So11111111111111111111111111111111111111112,LORE,BYMCXiiA4om347ChR4t6bYHzkKJwnULLAg72BeDdpump,45946.73,663.86,6182.82,319191.74,2,0,2,1,2,400,20000
537,So11111111111111111111111111111111111111112-7dHbWXmci3dT8UFYWYZweBLXgycu7Y3iL6trKn1Y7ARj,WSOL-stSOL,WSOL,So11111111111111111111111111111111111111112,stSOL,7dHbWXmci3dT8UFYWYZweBLXgycu7Y3iL6trKn1Y7ARj,163420.59,663.56,2207.7,4292.86,3,0,3,1,2,400,20000
538,So11111111111111111111111111111111111111112-9yNykgy7xvXv9ij8TapMjXREArGCREjY38KoFtASpump,WSOL-TSUBA,WSOL,So11111111111111111111111111111111111111112,TSUBA,9yNykgy7xvXv9ij8TapMjXREArGCREjY38KoFtASpump,32999.17,655.24,3211.04,22129.82,3,2,5,1,2,400,20000
539,So11111111111111111111111111111111111111112-GoGoxxkBetBo4EYsHWhiyStVYkvbsAKdrp6dBpcy8a9E,WSOL-GOGO,WSOL,So11111111111111111111111111111111111111112,GOGO,GoGoxxkBetBo4EYsHWhiyStVYkvbsAKdrp6dBpcy8a9E,29792.7,630.13,5586.3,14915.15,2,0,2,1,2,400,20000
540,So11111111111111111111111111111111111111112-4xieJTWvYfWGTdZYjxZNePjqGu74NexmcjLUpfFLVAPx,WSOL-CYB,WSOL,So11111111111111111111111111111111111111112,CYB,4xieJTWvYfWGTdZYjxZNePjqGu74NexmcjLUpfFLVAPx,35284.23,629.28,19613.66,104744.74,2,2,4,1,2,400,20000
541,So11111111111111111111111111111111111111112-8sWKTMrh9bWUrvykK4H3jzEzGbEqvJNpS2f7joYKpump,WSOL-schizo,WSOL,So11111111111111111111111111111111111111112,schizo,8sWKTMrh9bWUrvykK4H3jzEzGbEqvJNpS2f7joYKpump,46624.92,571.77,9520.95,27474.52,2,0,2,1,2,400,20000
542,So11111111111111111111111111111111111111112-2iygm3ZBu3YRDiJREMrZTLayffBJBShTrhEe9iyYpump,WSOL-UP,WSOL,So11111111111111111111111111111111111111112,UP,2iygm3ZBu3YRDiJREMrZTLayffBJBShTrhEe9iyYpump,40236.7,565.45,41949.33,78456.92,2,0,2,1,2,400,20000
543,DFL1zNkaGPWm1BqAVqRjCZvHmwTFrEaJtbzJWgseoNJh-EPjFWdd5AufqSSqeM2qN1xzybapC8G4wEGGkZwyTDt1v,DFL-USDC,DFL,DFL1zNkaGPWm1BqAVqRjCZvHmwTFrEaJtbzJWgseoNJh,USDC,EPjFWdd5AufqSSqeM2qN1xzybapC8G4wEGGkZwyTDt1v,58514.81,557.96,7647.02,23697.43,2,4,6,1,2,400,20000
544,So11111111111111111111111111111111111111112-85qBGzyQZJnnoNVoUpGRTvemWfDHjQeXgHGyKoK3pump,WSOL-TOVE,WSOL,So11111111111111111111111111111111111111112,TOVE,85qBGzyQZJnnoNVoUpGRTvemWfDHjQeXgHGyKoK3pump,44457.69,557.51,1397.05,4124.82,2,0,2,1,2,400,20000
545,So11111111111111111111111111111111111111112-E5DpUjFJtiyj8qK7eQtLVjiNxB9o2iHmQbMYVn93bfe4,WSOL-PURE,WSOL,So11111111111111111111111111111111111111112,PURE,E5DpUjFJtiyj8qK7eQtLVjiNxB9o2iHmQbMYVn93bfe4,62039.07,547.64,2688.28,13768.46,2,0,2,1,2,400,20000
546,So11111111111111111111111111111111111111112-Gv8mfuosgCKCj9tPs9VWS1GzETemr69Lnr2jwjbWpump,WSOL-HSM,WSOL,So11111111111111111111111111111111111111112,HSM,Gv8mfuosgCKCj9tPs9VWS1GzETemr69Lnr2jwjbWpump,59749.39,542.57,5809.73,49064.96,1,14,15,1,2,400,20000
547,So11111111111111111111111111111111111111112-97RggLo3zV5kFGYW4yoQTxr4Xkz4Vg2WPHzNYXXWpump,WSOL-MTM,WSOL,So11111111111111111111111111111111111111112,MTM,97RggLo3zV5kFGYW4yoQTxr4Xkz4Vg2WPHzNYXXWpump,48858.37,529.58,1396.26,7174.48,1,6,7,1,2,400,20000
548,So11111111111111111111111111111111111111112-CmAtKbUSM2HErtaQmonrxiV7qXo3mDganWw9KEimbutt,WSOL-BBC,WSOL,So11111111111111111111111111111111111111112,BBC,CmAtKbUSM2HErtaQmonrxiV7qXo3mDganWw9KEimbutt,47282.7,509.43,2724.92,6703.03,2,0,2,1,2,400,20000
549,So11111111111111111111111111111111111111112-APa3QKbkUBZa8qM9ejgwEkJfvdZtSckeU1g1mmEopump,WSOL-Thanks,WSOL,So11111111111111111111111111111111111111112,Thanks,APa3QKbkUBZa8qM9ejgwEkJfvdZtSckeU1g1mmEopump,23728.87,501.18,1275.42,4031.55,1,1,2,1,2,400,20000
550,So11111111111111111111111111111111111111112-DoVRzHXXicZucnuskdMg7DePhBHFkhvvhta5nf1deFoQ,WSOL-WINE,WSOL,So11111111111111111111111111111111111111112,WINE,DoVRzHXXicZucnuskdMg7DePhBHFkhvvhta5nf1deFoQ,22587.81,498.59,2040.14,7552.96,1,6,7,1,2,400,20000
551,So11111111111111111111111111111111111111112-4Z6AbaXT9nk5J3uihNSjBVUoxUTSosRbDTkTfAFMpump,WSOL-YE,WSOL,So11111111111111111111111111111111111111112,YE,4Z6AbaXT9nk5J3uihNSjBVUoxUTSosRbDTkTfAFMpump,41985.65,493.97,644.05,2226.83,1,10,11,1,2,400,20000
552,So11111111111111111111111111111111111111112-AT7RRrFhBU1Dw1WghdgAqeNKNXKomDFXm77owQgppump,WSOL-CHONK,WSOL,So11111111111111111111111111111111111111112,CHONK,AT7RRrFhBU1Dw1WghdgAqeNKNXKomDFXm77owQgppump,116975.37,482.59,7127.79,26479.59,2,2,4,1,2,400,20000
553,So11111111111111111111111111111111111111112-4Svy1p3ZvaRv46Nqg22wTWb5Ge425dEG1m2f8SM5pump,WSOL-REIGN,WSOL,So11111111111111111111111111111111111111112,REIGN,4Svy1p3ZvaRv46Nqg22wTWb5Ge425dEG1m2f8SM5pump,81417.76,474.95,5062.9,26460.03,2,0,2,1,2,400,20000
554,So11111111111111111111111111111111111111112-5gVSqhk41VA8U6U4Pvux6MSxFWqgptm3w58X9UTGpump,WSOL-ClubMoon,WSOL,So11111111111111111111111111111111111111112,ClubMoon,5gVSqhk41VA8U6U4Pvux6MSxFWqgptm3w58X9UTGpump,49701.39,472.27,18336.35,49814.11,3,0,3,1,2,400,20000
555,So11111111111111111111111111111111111111112-8EHC2gfTLDb2eGQfjm17mVNLWPGRc9YVD75bepZ2nZJa,WSOL-$dicki,WSOL,So11111111111111111111111111111111111111112,$dicki,8EHC2gfTLDb2eGQfjm17mVNLWPGRc9YVD75bepZ2nZJa,30227.67,464.98,5081.66,17468.08,1,9,10,1,2,400,20000
556,So11111111111111111111111111111111111111112-93vpr9tx4jXzeyt14Jwqcd4q4d9CBP9jb674pQ5vpump,WSOL-YDWTL,WSOL,So11111111111111111111111111111111111111112,YDWTL,93vpr9tx4jXzeyt14Jwqcd4q4d9CBP9jb674pQ5vpump,59316.17,439.91,1617.4,20967.31,2,0,2,1,2,400,20000
557,So11111111111111111111111111111111111111112-6xbPNG5m1PPJh8ts9B9zxeqgjkjkgdbxxJp8gJqpsEFK,WSOL-$BTC25,WSOL,So11111111111111111111111111111111111111112,$BTC25,6xbPNG5m1PPJh8ts9B9zxeqgjkjkgdbxxJp8gJqpsEFK,102770.34,437.93,2768.29,7321.2,2,0,2,1,2,400,20000
558,So11111111111111111111111111111111111111112-HswqmpB6is4ih9pPLNwYCFnG7YbAdwKvdZXW18aKpump,WSOL-SS,WSOL,So11111111111111111111111111111111111111112,SS,HswqmpB6is4ih9pPLNwYCFnG7YbAdwKvdZXW18aKpump,46902.97,436.42,1441.31,9003.74,1,6,7,1,2,400,20000
559,So11111111111111111111111111111111111111112-BieefG47jAHCGZBxi2q87RDuHyGZyYC3vAzxpyu8pump,WSOL-EZSIS,WSOL,So11111111111111111111111111111111111111112,EZSIS,BieefG47jAHCGZBxi2q87RDuHyGZyYC3vAzxpyu8pump,31238.27,406.88,3710.93,19624.55,1,3,4,1,2,400,20000
