No.,pair_name,display_pair_name,token_1_name,token_1_address,token_2_name,token_2_address,total_tvl,total_day_volume,total_week_volume,total_month_volume,raydium_pool_count,meteora_pool_count,sum_of_raydium_and_meteora_pool_count,required_raydium_pool_count,required_sum_of_raydium_and_meteora_pool_count,required_total_day_trade_volume,required_minimum_total_tvl
1,ukHH6c7mMyiWCf1b9pnWe25TSpkDDt3H5pQZgZ74J82-So11111111111111111111111111111111111111112,BOME-WSOL,BOME,ukHH6c7mMyiWCf1b9pnWe25TSpkDDt3H5pQZgZ74J82,WSOL,So11111111111111111111111111111111111111112,30310536.55,20685547.12,54073570.58,91579220.72,3,7,10,1,2,400,20000
2,So11111111111111111111111111111111111111112-Dz9mQ9NzkBcCsuGPFJ3r1bS4wgqKMHBPiVuniW8Mbonk,WSOL-USELESS,WSOL,So11111111111111111111111111111111111111112,USELESS,Dz9mQ9NzkBcCsuGPFJ3r1bS4wgqKMHBPiVuniW8Mbonk,777332.84,18736161.87,55468013.28,55468013.28,2,11,13,1,2,400,20000
3,7BgBvyjrZX1YKz4oh9mjb8ZScatkkwb8DzFx7LoiVkM3-So11111111111111111111111111111111111111112,SLERF-WSOL,SLERF,7BgBvyjrZX1YKz4oh9mjb8ZScatkkwb8DzFx7LoiVkM3,WSOL,So11111111111111111111111111111111111111112,51775635.86,18584441.21,30738120.98,55362924.98,2,12,14,1,2,400,20000
4,So11111111111111111111111111111111111111112-Dfh5DzRgSvvCFDoYc2ciTkMrbDfRKybA4SoFbPmApump,WSOL-pippin,WSOL,So11111111111111111111111111111111111111112,pippin,Dfh5DzRgSvvCFDoYc2ciTkMrbDfRKybA4SoFbPmApump,3582681.66,15158307.07,23972668.83,50847622.7,3,25,28,1,2,400,20000
5,So11111111111111111111111111111111111111112-FtUEW73K6vEYHfbkfpdBZfWpxgQar2HipGdbutEhpump,WSOL-titcoin,WSOL,So11111111111111111111111111111111111111112,titcoin,FtUEW73K6vEYHfbkfpdBZfWpxgQar2HipGdbutEhpump,3203300.44,13777045.12,55891987.04,146318889.23,1,16,17,1,2,400,20000
6,9wK8yN6iz1ie5kEJkvZCTxyN1x5sTdNfx8yeMY8Ebonk-So11111111111111111111111111111111111111112,Hosico-WSOL,Hosico,9wK8yN6iz1ie5kEJkvZCTxyN1x5sTdNfx8yeMY8Ebonk,WSOL,So11111111111111111111111111111111111111112,1721059.95,9226181.56,43260282.72,164472989.1,3,12,15,1,2,400,20000
7,So11111111111111111111111111111111111111112-5mbK36SZ7J19An8jFochhQS4of8g6BwUjbeCSxBSoWdp,WSOL-$michi,WSOL,So11111111111111111111111111111111111111112,$michi,5mbK36SZ7J19An8jFochhQS4of8g6BwUjbeCSxBSoWdp,4297768.5,9044109.15,20018241.69,45745291.82,3,17,20,1,2,400,20000
8,So11111111111111111111111111111111111111112-GWsmnVgPUoY5z9sNj5phRZbFWEY8M8WAjGZEvhCwbonk,WSOL-GOD,WSOL,So11111111111111111111111111111111111111112,GOD,GWsmnVgPUoY5z9sNj5phRZbFWEY8M8WAjGZEvhCwbonk,155931.21,7673462.34,14984911.97,14984911.97,2,4,6,1,2,400,20000
9,So11111111111111111111111111111111111111112-Hg8bKz4mvs8KNj9zew1cEF9tDw1x2GViB4RFZjVEmfrD,WSOL-,WSOL,So11111111111111111111111111111111111111112,,Hg8bKz4mvs8KNj9zew1cEF9tDw1x2GViB4RFZjVEmfrD,9563576.78,7536402.16,127559603.01,242809062.9,3,0,3,1,2,400,20000
10,So11111111111111111111111111111111111111112-8x5VqbHA8D7NkD52uNuS5nnt3PwA8pLD34ymskeSo2Wn,WSOL-ZEREBRO,WSOL,So11111111111111111111111111111111111111112,ZEREBRO,8x5VqbHA8D7NkD52uNuS5nnt3PwA8pLD34ymskeSo2Wn,3710418.85,7144923.21,29531407.31,133591901.32,3,24,27,1,2,400,20000
11,CDBdbNqmrLu1PcgjrFG52yxg71QnFhBZcUE6PSFdbonk-So11111111111111111111111111111111111111112,LetsBONK-WSOL,LetsBONK,CDBdbNqmrLu1PcgjrFG52yxg71QnFhBZcUE6PSFdbonk,WSOL,So11111111111111111111111111111111111111112,617173.74,6587418.86,16162479.21,148985523.09,3,10,13,1,2,400,20000
12,So11111111111111111111111111111111111111112-CNvitvFnSM5ed6K28RUNSaAjqqz5tX1rA5HgaBN9pump,WSOL-FRED,WSOL,So11111111111111111111111111111111111111112,FRED,CNvitvFnSM5ed6K28RUNSaAjqqz5tX1rA5HgaBN9pump,1721240.17,5236121.68,13556351.45,17469671.12,2,17,19,1,2,400,20000
13,So11111111111111111111111111111111111111112-86t88w3MKT38HChTBKBwEeb1RW1MeTceaW68qY2Vpump,WSOL-LMT,WSOL,So11111111111111111111111111111111111111112,LMT,86t88w3MKT38HChTBKBwEeb1RW1MeTceaW68qY2Vpump,1882030.84,5145478.44,7174480.67,12273408.24,2,14,16,1,2,400,20000
14,So11111111111111111111111111111111111111112-GekTNfm84QfyP2GdAHZ5AgACBRd69aNmgA5FDhZupump,WSOL-GRIFT,WSOL,So11111111111111111111111111111111111111112,GRIFT,GekTNfm84QfyP2GdAHZ5AgACBRd69aNmgA5FDhZupump,1872671.03,4905969.17,11930058.03,27112437.82,2,15,17,1,2,400,20000
15,So11111111111111111111111111111111111111112-Ey59PH7Z4BFU4HjyKnyMdWt5GGN76KazTAwQihoUXRnk,WSOL-PASTERNAK,WSOL,So11111111111111111111111111111111111111112,PASTERNAK,Ey59PH7Z4BFU4HjyKnyMdWt5GGN76KazTAwQihoUXRnk,571074.3,4727093.13,12263837.21,46404561.3,3,6,9,1,2,400,20000
16,So11111111111111111111111111111111111111112-eL5fUxj2J4CiQsmW85k5FG9DvuQjjUoBHoQBi2Kpump,WSOL-UFD,WSOL,So11111111111111111111111111111111111111112,UFD,eL5fUxj2J4CiQsmW85k5FG9DvuQjjUoBHoQBi2Kpump,3597692.72,4589771.93,17241834.88,43367539.4,2,34,36,1,2,400,20000
17,So11111111111111111111111111111111111111112-CniPCE4b3s8gSUPhUiyMjXnytrEqUrMfSsnbBjLCpump,WSOL-pwease,WSOL,So11111111111111111111111111111111111111112,pwease,CniPCE4b3s8gSUPhUiyMjXnytrEqUrMfSsnbBjLCpump,1521204.75,4397884.52,16636260.79,64221570.97,3,23,26,1,2,400,20000
18,So11111111111111111111111111111111111111112-AUSD1jCcCyPLybk1YnvPWsHQSrZ46dxwoMniN4N2UEB9,WSOL-AUSD,WSOL,So11111111111111111111111111111111111111112,AUSD,AUSD1jCcCyPLybk1YnvPWsHQSrZ46dxwoMniN4N2UEB9,5451297.87,4370662.42,18374915.68,47591185.49,2,0,2,1,2,400,20000
19,So11111111111111111111111111111111111111112-FeR8VBqNRSUD5NtXAj2n3j1dAHkZHfyDktKuLXD4pump,WSOL-jellyjelly,WSOL,So11111111111111111111111111111111111111112,jellyjelly,FeR8VBqNRSUD5NtXAj2n3j1dAHkZHfyDktKuLXD4pump,2901170.1,4070361.66,24181982.82,86174914.07,3,39,42,1,2,400,20000
20,So11111111111111111111111111111111111111112-6Qd6mmFR84jzg24S3851TWNGeTTFrfPko76UiHyRMDMT,WSOL-SolARBa,WSOL,So11111111111111111111111111111111111111112,SolARBa,6Qd6mmFR84jzg24S3851TWNGeTTFrfPko76UiHyRMDMT,249863.64,3989218.98,4010280.09,4215895.95,3,0,3,1,2,400,20000
21,So11111111111111111111111111111111111111112-9DHe3pycTuymFk4H4bbPoAJ4hQrr2kaLDF6J6aAKpump,WSOL-BUZZ,WSOL,So11111111111111111111111111111111111111112,BUZZ,9DHe3pycTuymFk4H4bbPoAJ4hQrr2kaLDF6J6aAKpump,1537197.32,3953475.19,7916213.96,33892982.4,3,27,30,1,2,400,20000
22,So11111111111111111111111111111111111111112-9McvH6w97oewLmPxqQEoHUAv3u5iYMyQ9AeZZhguYf1T,WSOL-Anon,WSOL,So11111111111111111111111111111111111111112,Anon,9McvH6w97oewLmPxqQEoHUAv3u5iYMyQ9AeZZhguYf1T,1342587.16,3753262.84,12771692.42,42453601.05,3,26,29,1,2,400,20000
23,So11111111111111111111111111111111111111112-3B5wuUrMEi5yATD7on46hKfej3pfmd7t1RKgrsN3pump,WSOL-BILLY,WSOL,So11111111111111111111111111111111111111112,BILLY,3B5wuUrMEi5yATD7on46hKfej3pfmd7t1RKgrsN3pump,1651421.23,3556399.44,6353156.14,10449695.28,3,31,34,1,2,400,20000
24,So11111111111111111111111111111111111111112-zBTCug3er3tLyffELcvDNrKkCymbPWysGcWihESYfLg,WSOL-zBTC,WSOL,So11111111111111111111111111111111111111112,zBTC,zBTCug3er3tLyffELcvDNrKkCymbPWysGcWihESYfLg,369318.16,3132049.81,13218084.24,53653556.97,1,6,7,1,2,400,20000
25,EPjFWdd5AufqSSqeM2qN1xzybapC8G4wEGGkZwyTDt1v-HzwqbKZw8HxMN6bF2yFZNrht3c2iXXzpKcFu7uBEDKtr,USDC-EURC,USDC,EPjFWdd5AufqSSqeM2qN1xzybapC8G4wEGGkZwyTDt1v,EURC,HzwqbKZw8HxMN6bF2yFZNrht3c2iXXzpKcFu7uBEDKtr,904978.33,2753743.44,48877064.89,306452801.42,1,7,8,1,2,400,20000
26,So11111111111111111111111111111111111111112-rndrizKT3MK1iimdxRdWabcF7Zg7AR5T4nud4EkHBof,WSOL-RENDER,WSOL,So11111111111111111111111111111111111111112,RENDER,rndrizKT3MK1iimdxRdWabcF7Zg7AR5T4nud4EkHBof,1994623.69,2752903.3,12335209.31,38219877.57,3,9,12,1,2,400,20000
27,So11111111111111111111111111111111111111112-Hjw6bEcHtbHGpQr8onG3izfJY5DJiWdt7uk2BfdSpump,WSOL-SNAI,WSOL,So11111111111111111111111111111111111111112,SNAI,Hjw6bEcHtbHGpQr8onG3izfJY5DJiWdt7uk2BfdSpump,2182883.51,2674405.41,8917438.46,27735878.73,2,21,23,1,2,400,20000
28,EPjFWdd5AufqSSqeM2qN1xzybapC8G4wEGGkZwyTDt1v-HhJpBhRRn4g56VsyLuT8DL5Bv31HkXqsrahTTUCZeZg4,USDC-$MYRO,USDC,EPjFWdd5AufqSSqeM2qN1xzybapC8G4wEGGkZwyTDt1v,$MYRO,HhJpBhRRn4g56VsyLuT8DL5Bv31HkXqsrahTTUCZeZg4,2093611.0,2411633.15,8563807.85,26707162.76,2,0,2,1,2,400,20000
29,So11111111111111111111111111111111111111112-9tsUburWeWCCyt6yYWXYdykwPwSK6tYZsr2pjX7vNRWZ,WSOL-GYAT,WSOL,So11111111111111111111111111111111111111112,GYAT,9tsUburWeWCCyt6yYWXYdykwPwSK6tYZsr2pjX7vNRWZ,226949.75,2405556.31,3877424.36,3883816.9,2,2,4,1,2,400,20000
30,So11111111111111111111111111111111111111112-BQX1cjcRHXmrqNtoFWwmE5bZj7RPneTmqXB979b2pump,WSOL-Italianrot,WSOL,So11111111111111111111111111111111111111112,Italianrot,BQX1cjcRHXmrqNtoFWwmE5bZj7RPneTmqXB979b2pump,830227.92,2304154.59,13371870.01,75068730.76,2,7,9,1,2,400,20000
31,FLASHTrGnUXkWtgF5EWQrcHkyiRQdDhEFMJg7qhHkxRb-So11111111111111111111111111111111111111112,FLSH-WSOL,FLSH,FLASHTrGnUXkWtgF5EWQrcHkyiRQdDhEFMJg7qhHkxRb,WSOL,So11111111111111111111111111111111111111112,443370.59,2141995.29,2166967.53,2182474.9,1,2,3,1,2,400,20000
32,Hax9LTgsQkze1YFychnBLtFH8gYbQKtKfWKKg2SP6gdD-So11111111111111111111111111111111111111112,TAI-WSOL,TAI,Hax9LTgsQkze1YFychnBLtFH8gYbQKtKfWKKg2SP6gdD,WSOL,So11111111111111111111111111111111111111112,1713371.14,2096815.68,15544824.78,67268431.5,2,14,16,1,2,400,20000
33,So11111111111111111111111111111111111111112-6NcdiK8B5KK2DzKvzvCfqi8EHaEqu48fyEzC8Mm9pump,WSOL-STONKS,WSOL,So11111111111111111111111111111111111111112,STONKS,6NcdiK8B5KK2DzKvzvCfqi8EHaEqu48fyEzC8Mm9pump,2859950.02,2002942.86,9999370.38,37865642.44,3,17,20,1,2,400,20000
34,So11111111111111111111111111111111111111112-CBdCxKo9QavR9hfShgpEBG3zekorAeD7W1jfq2o3pump,WSOL-LUCE,WSOL,So11111111111111111111111111111111111111112,LUCE,CBdCxKo9QavR9hfShgpEBG3zekorAeD7W1jfq2o3pump,1802064.78,1986509.67,10831513.08,93871546.75,2,26,28,1,2,400,20000
35,So11111111111111111111111111111111111111112-Bz4MhmVRQENiCou7ZpJ575wpjNFjBjVBSiVhuNg1pump,WSOL-Project89,WSOL,So11111111111111111111111111111111111111112,Project89,Bz4MhmVRQENiCou7ZpJ575wpjNFjBjVBSiVhuNg1pump,1037623.55,1842033.53,3996899.84,8000051.91,2,16,18,1,2,400,20000
36,So11111111111111111111111111111111111111112-9Wkcek2EZFmJf5L2XmC5rfnNVBrdndbMe6yW8fbfbonk,WSOL-CHACHA,WSOL,So11111111111111111111111111111111111111112,CHACHA,9Wkcek2EZFmJf5L2XmC5rfnNVBrdndbMe6yW8fbfbonk,289243.14,1783184.69,10936496.56,31847018.28,1,6,7,1,2,400,20000
37,So11111111111111111111111111111111111111112-C7heQqfNzdMbUFQwcHkL9FvdwsFsDRBnfwZDDyWYCLTZ,WSOL-$COLLAT,WSOL,So11111111111111111111111111111111111111112,$COLLAT,C7heQqfNzdMbUFQwcHkL9FvdwsFsDRBnfwZDDyWYCLTZ,1177750.18,1754643.41,5590861.43,17967841.63,2,17,19,1,2,400,20000
38,JosjEXh69RckgSs2AWsN1xN8zmiSHxBuJjHLURJnHhg-So11111111111111111111111111111111111111112,JOS-WSOL,JOS,JosjEXh69RckgSs2AWsN1xN8zmiSHxBuJjHLURJnHhg,WSOL,So11111111111111111111111111111111111111112,672822.27,1712137.5,8022527.0,46042924.5,3,12,15,1,2,400,20000
39,6ogzHhzdrQr9Pgv6hZ2MNze7UrzBMAFyBBWUYp1Fhitx-So11111111111111111111111111111111111111112,RETARDIO-WSOL,RETARDIO,6ogzHhzdrQr9Pgv6hZ2MNze7UrzBMAFyBBWUYp1Fhitx,WSOL,So11111111111111111111111111111111111111112,1838361.29,1698816.48,5388663.75,13695320.38,3,17,20,1,2,400,20000
40,HUdqc5MR5h3FssESabPnQ1GTgTcPvnNudAuLj5J6a9sU-So11111111111111111111111111111111111111112,BONGO-WSOL,BONGO,HUdqc5MR5h3FssESabPnQ1GTgTcPvnNudAuLj5J6a9sU,WSOL,So11111111111111111111111111111111111111112,998727.63,1672843.85,7732637.34,18031429.22,1,8,9,1,2,400,20000
41,So11111111111111111111111111111111111111112-J3NrhzUeKBSA3tJQjNq77zqpWJNz3FS9TrX7H7SLKcom,WSOL-COM,WSOL,So11111111111111111111111111111111111111112,COM,J3NrhzUeKBSA3tJQjNq77zqpWJNz3FS9TrX7H7SLKcom,217585.95,1622903.57,9832318.08,9832318.08,1,4,5,1,2,400,20000
42,So11111111111111111111111111111111111111112-GkeUTuaFB4oZADaqiCo3yauHNx9SxUNn8euHptEEbonk,WSOL-Grassito,WSOL,So11111111111111111111111111111111111111112,Grassito,GkeUTuaFB4oZADaqiCo3yauHNx9SxUNn8euHptEEbonk,155634.18,1598689.03,3603533.55,61803812.26,1,6,7,1,2,400,20000
43,So11111111111111111111111111111111111111112-6d5zHW5B8RkGKd51Lpb9RqFQSqDudr9GJgZ1SgQZpump,WSOL-AVB,WSOL,So11111111111111111111111111111111111111112,AVB,6d5zHW5B8RkGKd51Lpb9RqFQSqDudr9GJgZ1SgQZpump,911055.42,1588820.46,2134462.95,5203128.02,2,11,13,1,2,400,20000
44,25hAyBQfoDhfWx9ay6rarbgvWGwDdNqcHsXS3jQ3mTDJ-So11111111111111111111111111111111111111112,MANEKI-WSOL,MANEKI,25hAyBQfoDhfWx9ay6rarbgvWGwDdNqcHsXS3jQ3mTDJ,WSOL,So11111111111111111111111111111111111111112,8946581.94,1568945.95,5932412.88,94665935.46,2,16,18,1,2,400,20000
45,So11111111111111111111111111111111111111112-hqYtLoxviwGENvogcJ5324YTbYqW5H9LHtmQu5Jbonk,WSOL-BONKAI,WSOL,So11111111111111111111111111111111111111112,BONKAI,hqYtLoxviwGENvogcJ5324YTbYqW5H9LHtmQu5Jbonk,286080.34,1565890.88,4555063.6,12743781.39,1,1,2,1,2,400,20000
46,So11111111111111111111111111111111111111112-5SVG3T9CNQsm2kEwzbRq6hASqh1oGfjqTtLXYUibpump,WSOL-SIGMA,WSOL,So11111111111111111111111111111111111111112,SIGMA,5SVG3T9CNQsm2kEwzbRq6hASqh1oGfjqTtLXYUibpump,1901207.79,1513634.81,5273881.29,16278477.29,3,18,21,1,2,400,20000
47,So11111111111111111111111111111111111111112-FasH397CeZLNYWkd3wWK9vrmjd1z93n3b59DssRXpump,WSOL-BUTTCOIN,WSOL,So11111111111111111111111111111111111111112,BUTTCOIN,FasH397CeZLNYWkd3wWK9vrmjd1z93n3b59DssRXpump,1257256.88,1509321.82,8537777.53,51874767.48,2,10,12,1,2,400,20000
48,So11111111111111111111111111111111111111112-HgBRWfYxEfvPhtqkaeymCQtHCrKE46qQ43pKe8HCpump,WSOL-Bert,WSOL,So11111111111111111111111111111111111111112,Bert,HgBRWfYxEfvPhtqkaeymCQtHCrKE46qQ43pKe8HCpump,1650550.77,1492096.6,6614316.95,13120669.78,4,8,12,1,2,400,20000
49,So11111111111111111111111111111111111111112-8EaFXZtQnAEjviS2ACp12XE4zNwrhGPzXodTy871bonk,WSOL-SPOT,WSOL,So11111111111111111111111111111111111111112,SPOT,8EaFXZtQnAEjviS2ACp12XE4zNwrhGPzXodTy871bonk,247738.09,1372429.66,11545188.04,11545188.04,1,7,8,1,2,400,20000
50,So11111111111111111111111111111111111111112-ZEUS1aR7aX8DFFJf5QjWj2ftDDdNTroMNGo8YoQm3Gq,WSOL-ZEUS,WSOL,So11111111111111111111111111111111111111112,ZEUS,ZEUS1aR7aX8DFFJf5QjWj2ftDDdNTroMNGo8YoQm3Gq,455268.38,1372251.7,8154358.44,22510520.45,1,19,20,1,2,400,20000
51,So11111111111111111111111111111111111111112-Cy1GS2FqefgaMbi45UunrUzin1rfEmTUYnomddzBpump,WSOL-MOBY,WSOL,So11111111111111111111111111111111111111112,MOBY,Cy1GS2FqefgaMbi45UunrUzin1rfEmTUYnomddzBpump,1187201.06,1358983.95,8250931.13,17655626.25,2,36,38,1,2,400,20000
52,So11111111111111111111111111111111111111112-CboMcTUYUcy9E6B3yGdFn6aEsGUnYV6yWeoeukw6pump,WSOL-Butthole,WSOL,So11111111111111111111111111111111111111112,Butthole,CboMcTUYUcy9E6B3yGdFn6aEsGUnYV6yWeoeukw6pump,1262199.76,1322895.84,4504893.49,16286927.89,2,10,12,1,2,400,20000
53,HAPPYwgFcjEJDzRtfWE6tiHE9zGdzpNky2FvjPHsvvGZ-So11111111111111111111111111111111111111112,HAPPY-WSOL,HAPPY,HAPPYwgFcjEJDzRtfWE6tiHE9zGdzpNky2FvjPHsvvGZ,WSOL,So11111111111111111111111111111111111111112,561780.66,1309095.4,3100559.05,7757047.1,2,13,15,1,2,400,20000
54,So11111111111111111111111111111111111111112-GiG7Hr61RVm4CSUxJmgiCoySFQtdiwxtqf64MsRppump,WSOL-SCF,WSOL,So11111111111111111111111111111111111111112,SCF,GiG7Hr61RVm4CSUxJmgiCoySFQtdiwxtqf64MsRppump,1588639.96,1307224.31,3554220.72,5863079.29,2,20,22,1,2,400,20000
55,8Ki8DpuWNxu9VsS3kQbarsCWMcFGWkzzA8pUPto9zBd5-So11111111111111111111111111111111111111112,LOCKIN-WSOL,LOCKIN,8Ki8DpuWNxu9VsS3kQbarsCWMcFGWkzzA8pUPto9zBd5,WSOL,So11111111111111111111111111111111111111112,1076158.38,1260955.84,3996168.07,9890680.4,2,20,22,1,2,400,20000
56,So11111111111111111111111111111111111111112-GJtJuWD9qYcCkrwMBmtY1tpapV1sKfB2zUv9Q4aqpump,WSOL-$RIF,WSOL,So11111111111111111111111111111111111111112,$RIF,GJtJuWD9qYcCkrwMBmtY1tpapV1sKfB2zUv9Q4aqpump,805505.82,1256291.73,3826027.11,9946496.86,2,17,19,1,2,400,20000
57,So11111111111111111111111111111111111111112-9doRRAik5gvhbEwjbZDbZR6GxXSAfdoomyJR57xKpump,WSOL-GRPH,WSOL,So11111111111111111111111111111111111111112,GRPH,9doRRAik5gvhbEwjbZDbZR6GxXSAfdoomyJR57xKpump,741833.36,1252833.03,2841333.55,14243204.97,2,10,12,1,2,400,20000
58,So11111111111111111111111111111111111111112-98mb39tPFKQJ4Bif8iVg9mYb9wsfPZgpgN1sxoVTpump,WSOL-LLM,WSOL,So11111111111111111111111111111111111111112,LLM,98mb39tPFKQJ4Bif8iVg9mYb9wsfPZgpgN1sxoVTpump,812030.06,1211833.88,2835958.49,9250700.65,2,25,27,1,2,400,20000
59,BYZ9CcZGKAXmN2uDsKcQMM9UnZacija4vWcns9Th69xb-So11111111111111111111111111111111111111112,BOTIFY-WSOL,BOTIFY,BYZ9CcZGKAXmN2uDsKcQMM9UnZacija4vWcns9Th69xb,WSOL,So11111111111111111111111111111111111111112,814344.25,1203125.87,8105615.32,19239594.23,2,4,6,1,2,400,20000
60,7XJiwLDrjzxDYdZipnJXzpr1iDTmK55XixSFAa7JgNEL-So11111111111111111111111111111111111111112,MLG-WSOL,MLG,7XJiwLDrjzxDYdZipnJXzpr1iDTmK55XixSFAa7JgNEL,WSOL,So11111111111111111111111111111111111111112,1227355.49,1188175.11,3532150.11,11320587.19,1,21,22,1,2,400,20000
61,So11111111111111111111111111111111111111112-6D7NaB2xsLd7cauWu1wKk6KBsJohJmP2qZH9GEfVi5Ui,WSOL-SC,WSOL,So11111111111111111111111111111111111111112,SC,6D7NaB2xsLd7cauWu1wKk6KBsJohJmP2qZH9GEfVi5Ui,934252.18,1177278.71,1514513.5,3982785.13,1,8,9,1,2,400,20000
62,So11111111111111111111111111111111111111112-HBoNJ5v8g71s2boRivrHnfSB5MVPLDHHyVjruPfhGkvL,WSOL-PURPE,WSOL,So11111111111111111111111111111111111111112,PURPE,HBoNJ5v8g71s2boRivrHnfSB5MVPLDHHyVjruPfhGkvL,1515041.79,1171102.78,7657415.22,9437220.6,3,5,8,1,2,400,20000
63,So11111111111111111111111111111111111111112-F9TgEJLLRUKDRF16HgjUCdJfJ5BK6ucyiW8uJxVPpump,WSOL-AGiXT,WSOL,So11111111111111111111111111111111111111112,AGiXT,F9TgEJLLRUKDRF16HgjUCdJfJ5BK6ucyiW8uJxVPpump,787228.14,1161765.8,2661380.9,12012131.92,2,17,19,1,2,400,20000
64,So11111111111111111111111111111111111111112-H2c31USxu35MDkBrGph8pUDUnmzo2e4Rf4hnvL2Upump,WSOL-Shoggoth,WSOL,So11111111111111111111111111111111111111112,Shoggoth,H2c31USxu35MDkBrGph8pUDUnmzo2e4Rf4hnvL2Upump,1011712.6,1132559.86,2055774.85,7428028.58,2,20,22,1,2,400,20000
65,So11111111111111111111111111111111111111112-4FkNq8RcCYg4ZGDWh14scJ7ej3m5vMjYTcWoJVkupump,WSOL-LUMO,WSOL,So11111111111111111111111111111111111111112,LUMO,4FkNq8RcCYg4ZGDWh14scJ7ej3m5vMjYTcWoJVkupump,844469.76,1116946.39,5546019.07,42063850.7,3,15,18,1,2,400,20000
66,So11111111111111111111111111111111111111112-9PR7nCP9DpcUotnDPVLUBUZKu5WAYkwrCUx9wDnSpump,WSOL-Ban,WSOL,So11111111111111111111111111111111111111112,Ban,9PR7nCP9DpcUotnDPVLUBUZKu5WAYkwrCUx9wDnSpump,3148426.73,1085985.67,8653667.62,20202964.6,3,16,19,1,2,400,20000
67,So11111111111111111111111111111111111111112-dpfZvKKTu2CEJ9zJz28Cu733m1zGbuQk9FS7T8wpump,WSOL-ICM,WSOL,So11111111111111111111111111111111111111112,ICM,dpfZvKKTu2CEJ9zJz28Cu733m1zGbuQk9FS7T8wpump,185275.43,1056686.55,2588775.75,2892301.89,2,0,2,1,2,400,20000
68,69kdRLyP5DTRkpHraaSZAQbWmAwzF9guKjZfzMXzcbAs-So11111111111111111111111111111111111111112,USA-WSOL,USA,69kdRLyP5DTRkpHraaSZAQbWmAwzF9guKjZfzMXzcbAs,WSOL,So11111111111111111111111111111111111111112,2030547.17,1056114.48,4037013.09,9634878.35,2,18,20,1,2,400,20000
69,So11111111111111111111111111111111111111112-H4phNbsqjV5rqk8u6FUACTLB6rNZRTAPGnBb8KXJpump,WSOL-SSE,WSOL,So11111111111111111111111111111111111111112,SSE,H4phNbsqjV5rqk8u6FUACTLB6rNZRTAPGnBb8KXJpump,1014535.26,1049120.85,4703768.82,20489657.15,3,22,25,1,2,400,20000
70,So11111111111111111111111111111111111111112-CmJWm7B9JrqA5145bCqXMzVDbGfdhaJfVCt474Sebonk,WSOL-BONKER,WSOL,So11111111111111111111111111111111111111112,BONKER,CmJWm7B9JrqA5145bCqXMzVDbGfdhaJfVCt474Sebonk,134627.85,1014579.55,1299958.07,2545769.99,1,2,3,1,2,400,20000
71,So11111111111111111111111111111111111111112-66ce7iZ5uqnVbh4Rt5wChHWyVfUvv1LJrBo8o214pump,WSOL-EZ,WSOL,So11111111111111111111111111111111111111112,EZ,66ce7iZ5uqnVbh4Rt5wChHWyVfUvv1LJrBo8o214pump,317504.92,1012556.24,6746708.75,7926754.73,1,7,8,1,2,400,20000
72,So11111111111111111111111111111111111111112-BZLbGTNCSFfoth2GYDtwr7e4imWzpR5jqcUuGEwr646K,WSOL-IO,WSOL,So11111111111111111111111111111111111111112,IO,BZLbGTNCSFfoth2GYDtwr7e4imWzpR5jqcUuGEwr646K,2710618.68,991068.93,9074856.29,14994891.8,4,22,26,1,2,400,20000
73,So11111111111111111111111111111111111111112-9UYAYvVS2cZ3BndbsoG1ScJbjfwyEPGxjE79hh5ipump,WSOL-DOGEAI,WSOL,So11111111111111111111111111111111111111112,DOGEAI,9UYAYvVS2cZ3BndbsoG1ScJbjfwyEPGxjE79hh5ipump,1609074.47,930154.78,1921392.32,6938004.66,2,14,16,1,2,400,20000
74,So11111111111111111111111111111111111111112-3N2ETvNpPNAxhcaXgkhKoY1yDnQfs41Wnxsx5qNJpump,WSOL-NEUR,WSOL,So11111111111111111111111111111111111111112,NEUR,3N2ETvNpPNAxhcaXgkhKoY1yDnQfs41Wnxsx5qNJpump,638174.98,920389.47,2236674.51,6012127.48,3,13,16,1,2,400,20000
75,So11111111111111111111111111111111111111112-7D1iYWfhw2cr9yBZBFE6nZaaSUvXHqG5FizFFEZwpump,WSOL-YNE,WSOL,So11111111111111111111111111111111111111112,YNE,7D1iYWfhw2cr9yBZBFE6nZaaSUvXHqG5FizFFEZwpump,1004459.99,918108.71,5211149.03,12147693.69,2,20,22,1,2,400,20000
76,So11111111111111111111111111111111111111112-8XtRWb4uAAJFMP4QQhoYYCWR6XXb7ybcCdiqPwz9s5WS,WSOL-ALON,WSOL,So11111111111111111111111111111111111111112,ALON,8XtRWb4uAAJFMP4QQhoYYCWR6XXb7ybcCdiqPwz9s5WS,882947.77,912045.11,3222135.56,7494487.71,3,17,20,1,2,400,20000
77,JmMRbLcKgNCu17yHZDAn4strE5NjmWJ4pCeJ7s7boop-So11111111111111111111111111111111111111112,Boopa-WSOL,Boopa,JmMRbLcKgNCu17yHZDAn4strE5NjmWJ4pCeJ7s7boop,WSOL,So11111111111111111111111111111111111111112,269139.38,898816.21,9972411.17,40107290.4,2,10,12,1,2,400,20000
78,So11111111111111111111111111111111111111112-Grass7B4RdKfBCjTKgSqnXkqjwiGvQyFbuSCUJr3XXjs,WSOL-GRASS,WSOL,So11111111111111111111111111111111111111112,GRASS,Grass7B4RdKfBCjTKgSqnXkqjwiGvQyFbuSCUJr3XXjs,1565262.79,897734.82,6322504.83,32572038.65,5,29,34,1,2,400,20000
79,So11111111111111111111111111111111111111112-3S8qX1MsMqRbiwKg2cQyx7nis1oHMgaCuc9c4VfvVdPN,WSOL-MOTHER,WSOL,So11111111111111111111111111111111111111112,MOTHER,3S8qX1MsMqRbiwKg2cQyx7nis1oHMgaCuc9c4VfvVdPN,2051668.05,887631.33,3308619.63,11370026.08,2,34,36,1,2,400,20000
80,C3Tqmrgp7oKE6x5TmZaig5nVV4EPnQcw2BZyVRXboop-So11111111111111111111111111111111111111112,SLUB-WSOL,SLUB,C3Tqmrgp7oKE6x5TmZaig5nVV4EPnQcw2BZyVRXboop,WSOL,So11111111111111111111111111111111111111112,100754.33,880329.38,16694110.35,16694110.35,2,5,7,1,2,400,20000
81,DvjbEsdca43oQcw2h3HW1CT7N3x5vRcr3QrvTUHnXvgV-EPjFWdd5AufqSSqeM2qN1xzybapC8G4wEGGkZwyTDt1v,DOOD-USDC,DOOD,DvjbEsdca43oQcw2h3HW1CT7N3x5vRcr3QrvTUHnXvgV,USDC,EPjFWdd5AufqSSqeM2qN1xzybapC8G4wEGGkZwyTDt1v,867673.38,873412.77,13487978.07,13487978.07,2,10,12,1,2,400,20000
82,So11111111111111111111111111111111111111112-FWAr6oWa6CHg6WUcXu8CqkmsdbhtEqL8t31QTonppump,WSOL-PVS,WSOL,So11111111111111111111111111111111111111112,PVS,FWAr6oWa6CHg6WUcXu8CqkmsdbhtEqL8t31QTonppump,775298.24,864939.19,4739695.26,28871184.1,2,10,12,1,2,400,20000
83,So11111111111111111111111111111111111111112-9WPTUkh8fKuCnepRWoPYLH3aK9gSjPHFDenBq2X1Czdp,WSOL-SELFIE,WSOL,So11111111111111111111111111111111111111112,SELFIE,9WPTUkh8fKuCnepRWoPYLH3aK9gSjPHFDenBq2X1Czdp,697705.22,811073.06,2046178.45,4907916.3,1,19,20,1,2,400,20000
84,So11111111111111111111111111111111111111112-VaxZxmFXV8tmsd72hUn22ex6GFzZ5uq9DVJ5wA5pump,WSOL-OIIAOIIA,WSOL,So11111111111111111111111111111111111111112,OIIAOIIA,VaxZxmFXV8tmsd72hUn22ex6GFzZ5uq9DVJ5wA5pump,733096.64,785838.32,3052823.14,10832775.63,1,7,8,1,2,400,20000
85,y1AZt42vceCmStjW4zetK3VoNarC1VxJ5iDjpiupump-So11111111111111111111111111111111111111112,FARTBOY-WSOL,FARTBOY,y1AZt42vceCmStjW4zetK3VoNarC1VxJ5iDjpiupump,WSOL,So11111111111111111111111111111111111111112,1084982.19,782912.85,3150930.2,11883724.58,1,6,7,1,2,400,20000
86,So11111111111111111111111111111111111111112-AxGAbdFtdbj2oNXa4dKqFvwHzgFtW9mFHWmd7vQfpump,WSOL-HAT,WSOL,So11111111111111111111111111111111111111112,HAT,AxGAbdFtdbj2oNXa4dKqFvwHzgFtW9mFHWmd7vQfpump,649685.83,764770.42,3327674.34,13231398.29,2,5,7,1,2,400,20000
87,14zP2ToQ79XWvc7FQpm4bRnp9d6Mp1rFfsUW3gpLcRX-So11111111111111111111111111111111111111112,AIXBT-WSOL,AIXBT,14zP2ToQ79XWvc7FQpm4bRnp9d6Mp1rFfsUW3gpLcRX,WSOL,So11111111111111111111111111111111111111112,841465.35,754508.59,3585229.49,10141466.37,2,10,12,1,2,400,20000
88,So11111111111111111111111111111111111111112-GHichsGq8aPnqJyz6Jp1ASTK4PNLpB5KrD6XrfDjpump,WSOL-$1,WSOL,So11111111111111111111111111111111111111112,$1,GHichsGq8aPnqJyz6Jp1ASTK4PNLpB5KrD6XrfDjpump,1280878.11,740194.19,2812765.18,8905346.72,3,13,16,1,2,400,20000
89,GtDZKAqvMZMnti46ZewMiXCa4oXF4bZxwQPoKzXPFxZn-So11111111111111111111111111111111111111112,nub-WSOL,nub,GtDZKAqvMZMnti46ZewMiXCa4oXF4bZxwQPoKzXPFxZn,WSOL,So11111111111111111111111111111111111111112,1519703.41,738452.32,3859779.13,9795776.78,2,17,19,1,2,400,20000
90,So11111111111111111111111111111111111111112-5LJMJyR8MtAkbtpf8kFUV7S9oFG3xaGDdcnFxYt9pump,WSOL-FAT,WSOL,So11111111111111111111111111111111111111112,FAT,5LJMJyR8MtAkbtpf8kFUV7S9oFG3xaGDdcnFxYt9pump,678926.05,737327.08,4423039.24,27774316.68,2,9,11,1,2,400,20000
91,So11111111111111111111111111111111111111112-FvgqHMfL9yn39V79huDPy3YUNDoYJpuLWng2JfmQpump,WSOL-$URO,WSOL,So11111111111111111111111111111111111111112,$URO,FvgqHMfL9yn39V79huDPy3YUNDoYJpuLWng2JfmQpump,718810.89,718940.23,2061383.19,4914968.95,2,15,17,1,2,400,20000
92,So11111111111111111111111111111111111111112-UbCSotjZpnDYrFk8vydbJWxYEuoJiSptyujPojApump,WSOL-asscoin,WSOL,So11111111111111111111111111111111111111112,asscoin,UbCSotjZpnDYrFk8vydbJWxYEuoJiSptyujPojApump,176588.79,675785.12,2543028.02,5873582.43,2,0,2,1,2,400,20000
93,So11111111111111111111111111111111111111112-HZ1JovNiVvGrGNiiYvEozEVgZ58xaU3RKwX8eACQBCt3,WSOL-PYTH,WSOL,So11111111111111111111111111111111111111112,PYTH,HZ1JovNiVvGrGNiiYvEozEVgZ58xaU3RKwX8eACQBCt3,313736.94,663110.84,2901520.96,9259979.62,3,13,16,1,2,400,20000
94,So11111111111111111111111111111111111111112-2eXamy7t3kvKhfV6aJ6Uwe3eh8cuREFcTKs1mFKZpump,WSOL-nuit,WSOL,So11111111111111111111111111111111111111112,nuit,2eXamy7t3kvKhfV6aJ6Uwe3eh8cuREFcTKs1mFKZpump,490024.59,654033.99,1972760.7,9679091.64,2,17,19,1,2,400,20000
95,So11111111111111111111111111111111111111112-FQ1tyso61AH1tzodyJfSwmzsD3GToybbRNoZxUBz21p8,WSOL-vvaifu,WSOL,So11111111111111111111111111111111111111112,vvaifu,FQ1tyso61AH1tzodyJfSwmzsD3GToybbRNoZxUBz21p8,916483.58,648602.96,1766157.23,5191578.26,2,11,13,1,2,400,20000
96,So11111111111111111111111111111111111111112-CTJf74cTo3cw8acFP1YXF3QpsQUUBGBjh2k2e8xsZ6UL,WSOL-Neiro,WSOL,So11111111111111111111111111111111111111112,Neiro,CTJf74cTo3cw8acFP1YXF3QpsQUUBGBjh2k2e8xsZ6UL,1058256.78,638266.65,1800474.6,2953321.4,2,15,17,1,2,400,20000
97,So11111111111111111111111111111111111111112-oraim8c9d1nkfuQk9EzGYEUGxqL3MHQYndRw1huVo5h,WSOL-MAX,WSOL,So11111111111111111111111111111111111111112,MAX,oraim8c9d1nkfuQk9EzGYEUGxqL3MHQYndRw1huVo5h,628437.23,626852.87,2147938.22,5921241.48,2,13,15,1,2,400,20000
98,So11111111111111111111111111111111111111112-whispF7G9DHaojYHe2cdhRX5EMJzGBdqq7R57kL6inL,WSOL-WHISP,WSOL,So11111111111111111111111111111111111111112,WHISP,whispF7G9DHaojYHe2cdhRX5EMJzGBdqq7R57kL6inL,474113.27,623151.45,2640232.7,5145888.76,3,9,12,1,2,400,20000
99,So11111111111111111111111111111111111111112-5voS9evDjxF589WuEub5i4ti7FWQmZCsAsyD5ucbuRqM,WSOL-ELIZA,WSOL,So11111111111111111111111111111111111111112,ELIZA,5voS9evDjxF589WuEub5i4ti7FWQmZCsAsyD5ucbuRqM,950366.55,604924.65,1510169.24,5517398.82,2,20,22,1,2,400,20000
100,So11111111111111111111111111111111111111112-79yTpy8uwmAkrdgZdq6ZSBTvxKsgPrNqTLvYQBh1pump,WSOL-BULLY,WSOL,So11111111111111111111111111111111111111112,BULLY,79yTpy8uwmAkrdgZdq6ZSBTvxKsgPrNqTLvYQBh1pump,617466.1,580456.23,1086690.31,2535307.88,1,17,18,1,2,400,20000
101,So11111111111111111111111111111111111111112-AgDNMAi8r2QS1FQEeTHLsZSmkQKCK7xXP2bR7jQ2pump,WSOL-WTF,WSOL,So11111111111111111111111111111111111111112,WTF,AgDNMAi8r2QS1FQEeTHLsZSmkQKCK7xXP2bR7jQ2pump,179665.29,566914.41,1884423.03,2734348.61,1,3,4,1,2,400,20000
102,So11111111111111111111111111111111111111112-HeJUFDxfJSzYFUuHLxkMqCgytU31G6mjP4wKviwqpump,WSOL-GNON,WSOL,So11111111111111111111111111111111111111112,GNON,HeJUFDxfJSzYFUuHLxkMqCgytU31G6mjP4wKviwqpump,773947.0,565295.92,1251818.2,3924440.18,3,16,19,1,2,400,20000
103,6dKCoWjpj5MFU5gWDEFdpUUeBasBLK3wLEwhUzQPAa1e-So11111111111111111111111111111111111111112,CHEX-WSOL,CHEX,6dKCoWjpj5MFU5gWDEFdpUUeBasBLK3wLEwhUzQPAa1e,WSOL,So11111111111111111111111111111111111111112,2166821.69,553349.62,3431467.45,9050858.81,4,9,13,1,2,400,20000
104,So11111111111111111111111111111111111111112-43VWkd99HjqkhFTZbWBpMpRhjG469nWa7x7uEsgSH7We,WSOL-STNK,WSOL,So11111111111111111111111111111111111111112,STNK,43VWkd99HjqkhFTZbWBpMpRhjG469nWa7x7uEsgSH7We,1405641.85,549034.08,1670872.69,2893932.73,4,9,13,1,2,400,20000
105,So11111111111111111111111111111111111111112-FVdo7CDJarhYoH6McyTFqx71EtzCPViinvdd1v86Qmy5,WSOL-Aimonica,WSOL,So11111111111111111111111111111111111111112,Aimonica,FVdo7CDJarhYoH6McyTFqx71EtzCPViinvdd1v86Qmy5,452988.71,547292.09,2867107.18,9251016.08,1,6,7,1,2,400,20000
106,8wXtPeU6557ETkp9WHFY1n1EcU6NxDvbAggHGsMYiHsB-So11111111111111111111111111111111111111112,GME-WSOL,GME,8wXtPeU6557ETkp9WHFY1n1EcU6NxDvbAggHGsMYiHsB,WSOL,So11111111111111111111111111111111111111112,3064050.9,536197.96,1799135.25,6984575.39,2,26,28,1,2,400,20000
107,So11111111111111111111111111111111111111112-EsP4kJfKUDLfX274WoBSiiEy74Sh4tZKUCDjfULHpump,WSOL-FRIC,WSOL,So11111111111111111111111111111111111111112,FRIC,EsP4kJfKUDLfX274WoBSiiEy74Sh4tZKUCDjfULHpump,725303.09,525426.62,1438041.53,4524984.29,2,18,20,1,2,400,20000
108,So11111111111111111111111111111111111111112-Cn5Ne1vmR9ctMGY9z5NC71A3NYFvopjXNyxYtfVYpump,WSOL-listen,WSOL,So11111111111111111111111111111111111111112,listen,Cn5Ne1vmR9ctMGY9z5NC71A3NYFvopjXNyxYtfVYpump,537917.58,473925.9,1660188.9,6845921.53,2,12,14,1,2,400,20000
109,So11111111111111111111111111111111111111112-HzwqbKZw8HxMN6bF2yFZNrht3c2iXXzpKcFu7uBEDKtr,WSOL-EURC,WSOL,So11111111111111111111111111111111111111112,EURC,HzwqbKZw8HxMN6bF2yFZNrht3c2iXXzpKcFu7uBEDKtr,125096.99,465538.38,4609078.18,154732258.13,2,3,5,1,2,400,20000
110,So11111111111111111111111111111111111111112-E1jCTXdkMRoawoWoqfbhiNkkLbxcSHPssMo36U84pump,WSOL-GFM,WSOL,So11111111111111111111111111111111111111112,GFM,E1jCTXdkMRoawoWoqfbhiNkkLbxcSHPssMo36U84pump,491684.66,452789.4,2357116.16,11170619.49,4,19,23,1,2,400,20000
111,So11111111111111111111111111111111111111112-8NNXWrWVctNw1UFeaBypffimTdcLCcD8XJzHvYsmgwpF,WSOL-BRAINLET,WSOL,So11111111111111111111111111111111111111112,BRAINLET,8NNXWrWVctNw1UFeaBypffimTdcLCcD8XJzHvYsmgwpF,585761.49,437607.73,1740589.16,4115183.68,4,0,4,1,2,400,20000
112,So11111111111111111111111111111111111111112-8vBMibwpn8wpfYKbQ9xqzodymg3LjmYec2tSNGRy23K8,WSOL-HYPER,WSOL,So11111111111111111111111111111111111111112,HYPER,8vBMibwpn8wpfYKbQ9xqzodymg3LjmYec2tSNGRy23K8,411473.99,430773.63,883625.25,2390113.56,2,13,15,1,2,400,20000
113,So11111111111111111111111111111111111111112-DtR4D9FtVoTX2569gaL837ZgrB6wNjj6tkmnX9Rdk9B2,WSOL-aura,WSOL,So11111111111111111111111111111111111111112,aura,DtR4D9FtVoTX2569gaL837ZgrB6wNjj6tkmnX9Rdk9B2,627929.62,430505.24,1329507.68,2351605.23,2,13,15,1,2,400,20000
114,So11111111111111111111111111111111111111112-3joMReCCSESngJEpFLoKR2dNcChjSRCDtybQet5uSpse,WSOL-CAT,WSOL,So11111111111111111111111111111111111111112,CAT,3joMReCCSESngJEpFLoKR2dNcChjSRCDtybQet5uSpse,550845.97,420218.06,2231241.17,3361159.87,1,5,6,1,2,400,20000
115,Fch1oixTPri8zxBnmdCEADoJW2toyFHxqDZacQkwdvSP-So11111111111111111111111111111111111111112,HARAMBE-WSOL,HARAMBE,Fch1oixTPri8zxBnmdCEADoJW2toyFHxqDZacQkwdvSP,WSOL,So11111111111111111111111111111111111111112,1301060.9,412762.19,1644652.65,3857942.0,2,13,15,1,2,400,20000
116,So11111111111111111111111111111111111111112-Gu3LDkn7Vx3bmCzLafYNKcDxv2mH7YN44NJZFXnypump,WSOL-degenai,WSOL,So11111111111111111111111111111111111111112,degenai,Gu3LDkn7Vx3bmCzLafYNKcDxv2mH7YN44NJZFXnypump,799675.27,404962.72,1347264.05,9078738.83,3,17,20,1,2,400,20000
117,MEFNBXixkEbait3xn9bkm8WsJzXtVsaJEn4c8Sam21u-EPjFWdd5AufqSSqeM2qN1xzybapC8G4wEGGkZwyTDt1v,ME-USDC,ME,MEFNBXixkEbait3xn9bkm8WsJzXtVsaJEn4c8Sam21u,USDC,EPjFWdd5AufqSSqeM2qN1xzybapC8G4wEGGkZwyTDt1v,2101071.55,402749.8,2028628.75,12344903.44,4,28,32,1,2,400,20000
118,So11111111111111111111111111111111111111112-9qriMjPPAJTMCtfQnz7Mo9BsV2jAWTr2ff7yc3JWpump,WSOL-　,WSOL,So11111111111111111111111111111111111111112,　,9qriMjPPAJTMCtfQnz7Mo9BsV2jAWTr2ff7yc3JWpump,800992.4,396336.63,1313131.91,5947588.57,2,14,16,1,2,400,20000
119,So11111111111111111111111111111111111111112-BoAQaykj3LtkM2Brevc7cQcRAzpqcsP47nJ2rkyopump,WSOL-FOREST,WSOL,So11111111111111111111111111111111111111112,FOREST,BoAQaykj3LtkM2Brevc7cQcRAzpqcsP47nJ2rkyopump,481555.17,388259.39,610224.92,1370224.72,2,9,11,1,2,400,20000
120,So11111111111111111111111111111111111111112-CS7LmjtuugEUWtFgfyto79nrksKigv7Fdcp9qPuigdLs,WSOL-Manyu,WSOL,So11111111111111111111111111111111111111112,Manyu,CS7LmjtuugEUWtFgfyto79nrksKigv7Fdcp9qPuigdLs,256362.14,379446.64,433507.9,619726.35,2,13,15,1,2,400,20000
121,So11111111111111111111111111111111111111112-J7tYmq2JnQPvxyhcXpCDrvJnc9R5ts8rv7tgVHDPsw7U,WSOL-FLOYDAI,WSOL,So11111111111111111111111111111111111111112,FLOYDAI,J7tYmq2JnQPvxyhcXpCDrvJnc9R5ts8rv7tgVHDPsw7U,581780.16,377778.13,1456885.24,4337798.09,2,6,8,1,2,400,20000
122,madHpjRn6bd8t78Rsy7NuSuNwWa2HU8ByPobZprHbHv-So11111111111111111111111111111111111111112,MAD-WSOL,MAD,madHpjRn6bd8t78Rsy7NuSuNwWa2HU8ByPobZprHbHv,WSOL,So11111111111111111111111111111111111111112,636175.49,362656.97,1025423.89,1773115.41,2,0,2,1,2,400,20000
123,So11111111111111111111111111111111111111112-G5e2XonmccmdKc98g3eNQe5oBYGw9m8xdMUvVtcZpump,WSOL-MAIAR,WSOL,So11111111111111111111111111111111111111112,MAIAR,G5e2XonmccmdKc98g3eNQe5oBYGw9m8xdMUvVtcZpump,418466.45,354270.45,1925381.0,12813324.26,2,9,11,1,2,400,20000
124,3WPep4ufaToK1aS5s8BL9inzeUrt4DYaQCiic6ZkkC1U-So11111111111111111111111111111111111111112,GIKO-WSOL,GIKO,3WPep4ufaToK1aS5s8BL9inzeUrt4DYaQCiic6ZkkC1U,WSOL,So11111111111111111111111111111111111111112,457932.62,350691.59,1474317.83,4390214.9,2,16,18,1,2,400,20000
125,So11111111111111111111111111111111111111112-Ai4CL1SAxVRigxQFwBH8S2JkuL7EqrdiGwTC7JpCpump,WSOL-AWR,WSOL,So11111111111111111111111111111111111111112,AWR,Ai4CL1SAxVRigxQFwBH8S2JkuL7EqrdiGwTC7JpCpump,461508.21,323108.34,1650673.32,7651753.86,1,7,8,1,2,400,20000
126,So11111111111111111111111111111111111111112-4MeqZ8v3XbNVVX6B69XxXaymoTX6DbK8iZgaGngCbonk,WSOL-lola,WSOL,So11111111111111111111111111111111111111112,lola,4MeqZ8v3XbNVVX6B69XxXaymoTX6DbK8iZgaGngCbonk,123900.86,320067.3,1719630.22,5462589.26,1,5,6,1,2,400,20000
127,So11111111111111111111111111111111111111112-6tVZVjcppH2BZ9Xj5yFU1Zt34m2rYcyDqqpSeMDZpump,WSOL-miharu,WSOL,So11111111111111111111111111111111111111112,miharu,6tVZVjcppH2BZ9Xj5yFU1Zt34m2rYcyDqqpSeMDZpump,176101.4,316618.47,698974.43,774733.81,3,8,11,1,2,400,20000
128,4YK1njyeCkBuXG6phNtidJWKCbBhB659iwGkUJx98P5Z-So11111111111111111111111111111111111111112,DOLAN-WSOL,DOLAN,4YK1njyeCkBuXG6phNtidJWKCbBhB659iwGkUJx98P5Z,WSOL,So11111111111111111111111111111111111111112,803590.97,310871.35,1418577.36,4927714.9,2,7,9,1,2,400,20000
129,So11111111111111111111111111111111111111112-GAMwtMB6onAvBNBQJCJFuxoaqfPH8uCQ2dewNMVVpump,WSOL-TANK,WSOL,So11111111111111111111111111111111111111112,TANK,GAMwtMB6onAvBNBQJCJFuxoaqfPH8uCQ2dewNMVVpump,524340.63,308817.08,1105560.75,6900044.36,1,8,9,1,2,400,20000
130,So11111111111111111111111111111111111111112-BLDiYcvm3CLcgZ7XUBPgz6idSAkNmWY6MBbm8Xpjpump,WSOL-TRISIG,WSOL,So11111111111111111111111111111111111111112,TRISIG,BLDiYcvm3CLcgZ7XUBPgz6idSAkNmWY6MBbm8Xpjpump,532263.4,304931.05,1067570.69,4523133.52,2,10,12,1,2,400,20000
131,So11111111111111111111111111111111111111112-9JhFqCA21MoAXs2PTaeqNQp2XngPn1PgYr2rsEVCpump,WSOL-OPUS,WSOL,So11111111111111111111111111111111111111112,OPUS,9JhFqCA21MoAXs2PTaeqNQp2XngPn1PgYr2rsEVCpump,868954.0,304074.31,1319584.17,8003121.82,2,8,10,1,2,400,20000
132,So11111111111111111111111111111111111111112-8i51XNNpGaKaj4G4nDdmQh95v4FKAxw8mhtaRoKd9tE8,WSOL-TETSUO,WSOL,So11111111111111111111111111111111111111112,TETSUO,8i51XNNpGaKaj4G4nDdmQh95v4FKAxw8mhtaRoKd9tE8,525961.9,303549.99,1002209.72,3979877.2,2,6,8,1,2,400,20000
133,So11111111111111111111111111111111111111112-26VfKb7jjtdEdvfovoBijScoZmJbWWasFZkgfUD5w7cy,WSOL-Mog,WSOL,So11111111111111111111111111111111111111112,Mog,26VfKb7jjtdEdvfovoBijScoZmJbWWasFZkgfUD5w7cy,224500.4,295403.46,989212.43,996695.04,2,5,7,1,2,400,20000
134,So11111111111111111111111111111111111111112-B89Hd5Juz7JP2dxCZXFJWk4tMTcbw7feDhuWGb3kq5qE,WSOL-NC,WSOL,So11111111111111111111111111111111111111112,NC,B89Hd5Juz7JP2dxCZXFJWk4tMTcbw7feDhuWGb3kq5qE,307905.88,292066.45,983325.33,2001511.15,2,21,23,1,2,400,20000
135,So11111111111111111111111111111111111111112-dog1viwbb2vWDpER5FrJ4YFG6gq6XuyFohUe9TXN65u,WSOL-DOG,WSOL,So11111111111111111111111111111111111111112,DOG,dog1viwbb2vWDpER5FrJ4YFG6gq6XuyFohUe9TXN65u,29143.73,289391.58,1729828.26,6209002.17,2,9,11,1,2,400,20000
136,KMNo3nJsBXfcpJTVhZcXLW7RmTwTt4GVFE7suUBo9sS-So11111111111111111111111111111111111111112,KMNO-WSOL,KMNO,KMNo3nJsBXfcpJTVhZcXLW7RmTwTt4GVFE7suUBo9sS,WSOL,So11111111111111111111111111111111111111112,467204.67,288743.84,6084088.47,9142503.79,3,17,20,1,2,400,20000
137,So11111111111111111111111111111111111111112-GPrg1CgbBvAJS2SCuf9gF7NmQYsWudfyfWy5SUzypump,WSOL-EDWIN,WSOL,So11111111111111111111111111111111111111112,EDWIN,GPrg1CgbBvAJS2SCuf9gF7NmQYsWudfyfWy5SUzypump,430848.27,281510.72,1622064.44,9234886.28,2,8,10,1,2,400,20000
138,So11111111111111111111111111111111111111112-AxriehR6Xw3adzHopnvMn7GcpRFcD41ddpiTWMg6pump,WSOL-jailstool,WSOL,So11111111111111111111111111111111111111112,jailstool,AxriehR6Xw3adzHopnvMn7GcpRFcD41ddpiTWMg6pump,1389309.94,279129.52,1696092.47,6301443.94,3,30,33,1,2,400,20000
139,So11111111111111111111111111111111111111112-6JGSHS9GrE9uG8ix63w3DPMYHrgrJ6J4QyHbBhAepump,WSOL-Crashout,WSOL,So11111111111111111111111111111111111111112,Crashout,6JGSHS9GrE9uG8ix63w3DPMYHrgrJ6J4QyHbBhAepump,313303.97,277276.22,788755.82,3303275.28,2,11,13,1,2,400,20000
140,SENDdRQtYMWaQrBroBrJ2Q53fgVuq95CV9UPGEvpCxa-So11111111111111111111111111111111111111112,SEND-WSOL,SEND,SENDdRQtYMWaQrBroBrJ2Q53fgVuq95CV9UPGEvpCxa,WSOL,So11111111111111111111111111111111111111112,211342.57,276721.61,501210.94,1726885.04,1,28,29,1,2,400,20000
141,So11111111111111111111111111111111111111112-9RjwNo6hBPkxayWHCqQD1VjaH8igSizEseNZNbddpump,WSOL-Stupid,WSOL,So11111111111111111111111111111111111111112,Stupid,9RjwNo6hBPkxayWHCqQD1VjaH8igSizEseNZNbddpump,442314.49,276446.53,727410.89,1799034.49,3,16,19,1,2,400,20000
142,6dKCoWjpj5MFU5gWDEFdpUUeBasBLK3wLEwhUzQPAa1e-EPjFWdd5AufqSSqeM2qN1xzybapC8G4wEGGkZwyTDt1v,CHEX-USDC,CHEX,6dKCoWjpj5MFU5gWDEFdpUUeBasBLK3wLEwhUzQPAa1e,USDC,EPjFWdd5AufqSSqeM2qN1xzybapC8G4wEGGkZwyTDt1v,715388.81,266319.35,860831.78,3253309.53,1,8,9,1,2,400,20000
143,So11111111111111111111111111111111111111112-Aq8Gocyvyyi8xk5EYxd6viUfVmVvs9T9R6mZFzZFpump,WSOL-HYPER,WSOL,So11111111111111111111111111111111111111112,HYPER,Aq8Gocyvyyi8xk5EYxd6viUfVmVvs9T9R6mZFzZFpump,559789.05,263089.47,2584465.58,5389829.32,2,8,10,1,2,400,20000
144,So11111111111111111111111111111111111111112-92cRC6kV5D7TiHX1j56AbkPbffo9jwcXxSDQZ8Mopump,WSOL-fxn,WSOL,So11111111111111111111111111111111111111112,fxn,92cRC6kV5D7TiHX1j56AbkPbffo9jwcXxSDQZ8Mopump,433867.33,256630.94,426247.64,1794436.89,2,5,7,1,2,400,20000
145,mtnc7NNSpAJuvYNmayXU63WhWZGgFzwQ2yeYWqemeta-EPjFWdd5AufqSSqeM2qN1xzybapC8G4wEGGkZwyTDt1v,MTN-USDC,MTN,mtnc7NNSpAJuvYNmayXU63WhWZGgFzwQ2yeYWqemeta,USDC,EPjFWdd5AufqSSqeM2qN1xzybapC8G4wEGGkZwyTDt1v,1092065.91,248762.71,2050014.99,29952838.83,2,2,4,1,2,400,20000
146,So11111111111111111111111111111111111111112-BmXfbamFqrBzrqihr9hbSmEsfQUXMVaqshAjgvZupump,WSOL-LUX,WSOL,So11111111111111111111111111111111111111112,LUX,BmXfbamFqrBzrqihr9hbSmEsfQUXMVaqshAjgvZupump,532796.54,247699.27,1548261.2,4015305.42,3,20,23,1,2,400,20000
147,So11111111111111111111111111111111111111112-EBGaJP7srpUUN8eRdta1MsojrNtweuHYsdP3P1TRpump,WSOL-REALIS,WSOL,So11111111111111111111111111111111111111112,REALIS,EBGaJP7srpUUN8eRdta1MsojrNtweuHYsdP3P1TRpump,513729.54,245416.87,642713.55,2518392.63,2,10,12,1,2,400,20000
148,So11111111111111111111111111111111111111112-38PgzpJYu2HkiYvV8qePFakB8tuobPdGm2FFEn7Dpump,WSOL-gork,WSOL,So11111111111111111111111111111111111111112,gork,38PgzpJYu2HkiYvV8qePFakB8tuobPdGm2FFEn7Dpump,94200.31,240161.27,1487364.92,8755388.6,3,25,28,1,2,400,20000
149,So11111111111111111111111111111111111111112-AsyfR3e5JcPqWot4H5MMhQUm7DZ4zwQrcp2zbB7vpump,WSOL-IQ,WSOL,So11111111111111111111111111111111111111112,IQ,AsyfR3e5JcPqWot4H5MMhQUm7DZ4zwQrcp2zbB7vpump,443187.17,234276.55,1052983.46,3139209.92,1,15,16,1,2,400,20000
150,So11111111111111111111111111111111111111112-5QS7RcHfGUa2ZtrovPvEJMB9coqroiT7H48dPSwFpump,WSOL-AIOS,WSOL,So11111111111111111111111111111111111111112,AIOS,5QS7RcHfGUa2ZtrovPvEJMB9coqroiT7H48dPSwFpump,497751.35,229598.32,525182.87,5481120.61,2,11,13,1,2,400,20000
151,BUhS5coXEt9hcxN3JSpGYUWSKbNo96RsKu52LcMo12rf-So11111111111111111111111111111111111111112,meow-WSOL,meow,BUhS5coXEt9hcxN3JSpGYUWSKbNo96RsKu52LcMo12rf,WSOL,So11111111111111111111111111111111111111112,1934457.79,228413.18,1615988.35,7070049.84,2,0,2,1,2,400,20000
152,So11111111111111111111111111111111111111112-CreiuhfwdWCN5mJbMJtA9bBpYQrQF2tCBuZwSPWfpump,WSOL-PYTHIA,WSOL,So11111111111111111111111111111111111111112,PYTHIA,CreiuhfwdWCN5mJbMJtA9bBpYQrQF2tCBuZwSPWfpump,1309280.13,222954.84,1210448.57,10812787.11,2,11,13,1,2,400,20000
153,5tmsiuCDPdjq4nA4GVjAgayL7ehgGPJ47mNmNvBboop-So11111111111111111111111111111111111111112,Beevo-WSOL,Beevo,5tmsiuCDPdjq4nA4GVjAgayL7ehgGPJ47mNmNvBboop,WSOL,So11111111111111111111111111111111111111112,95277.26,221131.59,5643507.09,5643507.09,2,0,2,1,2,400,20000
154,So11111111111111111111111111111111111111112-4q3Z58YxrZEAVMLtMwnm7eHtodSD3LSpSNt3pDnqpump,WSOL-KOLIN,WSOL,So11111111111111111111111111111111111111112,KOLIN,4q3Z58YxrZEAVMLtMwnm7eHtodSD3LSpSNt3pDnqpump,456741.69,218741.17,737148.2,2789609.19,2,4,6,1,2,400,20000
155,So11111111111111111111111111111111111111112-BeGY8KqKxboEwRbJd1q9H2K829jS4Rc5dEyNMYXCbV5p,WSOL-NPC,WSOL,So11111111111111111111111111111111111111112,NPC,BeGY8KqKxboEwRbJd1q9H2K829jS4Rc5dEyNMYXCbV5p,949798.6,217704.07,962642.18,2829118.0,2,0,2,1,2,400,20000
156,ATRLuHph8dxnPny4WSNW7fxkhbeivBrtWbY6BfB4xpLj-EPjFWdd5AufqSSqeM2qN1xzybapC8G4wEGGkZwyTDt1v,ATR-USDC,ATR,ATRLuHph8dxnPny4WSNW7fxkhbeivBrtWbY6BfB4xpLj,USDC,EPjFWdd5AufqSSqeM2qN1xzybapC8G4wEGGkZwyTDt1v,660725.61,201958.02,1808801.84,6588663.7,2,0,2,1,2,400,20000
157,So11111111111111111111111111111111111111112-DPaQfq5sFnoqw2Sh9WMmmASFL9LNu6RdtDqwE1tab2tB,WSOL-SKBDI,WSOL,So11111111111111111111111111111111111111112,SKBDI,DPaQfq5sFnoqw2Sh9WMmmASFL9LNu6RdtDqwE1tab2tB,516224.98,197396.95,807382.25,2003846.74,2,5,7,1,2,400,20000
158,So11111111111111111111111111111111111111112-7h5AzpYTAnh4Gyux8Gqko5Fvx4AYQBZdkzHZ2CsBudvJ,WSOL-Citadail,WSOL,So11111111111111111111111111111111111111112,Citadail,7h5AzpYTAnh4Gyux8Gqko5Fvx4AYQBZdkzHZ2CsBudvJ,423880.18,196847.32,783854.83,2939990.01,2,8,10,1,2,400,20000
159,So11111111111111111111111111111111111111112-4mbdysBik3jmzD7mt6FGPDsMxnYcxExSQRFjPucdpump,WSOL-TSOTCHKE,WSOL,So11111111111111111111111111111111111111112,TSOTCHKE,4mbdysBik3jmzD7mt6FGPDsMxnYcxExSQRFjPucdpump,531338.88,192719.36,638250.76,3606882.61,2,8,10,1,2,400,20000
160,5d3kw2KR7hfaja214tL9hqYSxFSoq9uDF9GB7GKboop-So11111111111111111111111111111111111111112,FARM-WSOL,FARM,5d3kw2KR7hfaja214tL9hqYSxFSoq9uDF9GB7GKboop,WSOL,So11111111111111111111111111111111111111112,80338.52,191774.41,3253898.88,4849254.63,2,0,2,1,2,400,20000
161,So11111111111111111111111111111111111111112-HN8GGgzBFvuePPL3DGPg7uuq2dVgLApnNcW4pxY9a11o,WSOL-SQUID,WSOL,So11111111111111111111111111111111111111112,SQUID,HN8GGgzBFvuePPL3DGPg7uuq2dVgLApnNcW4pxY9a11o,104713.94,189419.29,2092171.81,23105600.19,2,3,5,1,2,400,20000
162,3psH1Mj1f7yUfaD5gh6Zj7epE8hhrMkMETgv5TshQA4o-So11111111111111111111111111111111111111112,boden-WSOL,boden,3psH1Mj1f7yUfaD5gh6Zj7epE8hhrMkMETgv5TshQA4o,WSOL,So11111111111111111111111111111111111111112,536930.73,187460.7,2261486.97,3130720.2,2,14,16,1,2,400,20000
163,So11111111111111111111111111111111111111112-J1Wpmugrooj1yMyQKrdZ2vwRXG5rhfx3vTnYE39gpump,WSOL-WOULD,WSOL,So11111111111111111111111111111111111111112,WOULD,J1Wpmugrooj1yMyQKrdZ2vwRXG5rhfx3vTnYE39gpump,4843682.61,186717.19,2198239.25,7758025.84,3,0,3,1,2,400,20000
164,A3eME5CetyZPBoWbRUwY3tSe25S6tb18ba9ZPbWk9eFJ-So11111111111111111111111111111111111111112,PENG-WSOL,PENG,A3eME5CetyZPBoWbRUwY3tSe25S6tb18ba9ZPbWk9eFJ,WSOL,So11111111111111111111111111111111111111112,554267.64,185247.98,823114.16,1977030.82,2,0,2,1,2,400,20000
165,So11111111111111111111111111111111111111112-3JgFwoYV74f6LwWjQWnr3YDPFnmBdwQfNyubv99jqUoq,WSOL-wPOND,WSOL,So11111111111111111111111111111111111111112,wPOND,3JgFwoYV74f6LwWjQWnr3YDPFnmBdwQfNyubv99jqUoq,116869.69,182978.24,1179604.55,4544986.52,2,23,25,1,2,400,20000
166,hntyVP6YFm1Hg25TN9WGLqM12b8TQmcknKrdu1oxWux-So11111111111111111111111111111111111111112,HNT-WSOL,HNT,hntyVP6YFm1Hg25TN9WGLqM12b8TQmcknKrdu1oxWux,WSOL,So11111111111111111111111111111111111111112,2685847.0,181303.36,1200955.71,6982822.23,2,5,7,1,2,400,20000
167,So11111111111111111111111111111111111111112-2RBko3xoz56aH69isQMUpzZd9NYHahhwC23A5F3Spkin,WSOL-PKIN,WSOL,So11111111111111111111111111111111111111112,PKIN,2RBko3xoz56aH69isQMUpzZd9NYHahhwC23A5F3Spkin,799390.96,180693.07,1214450.88,3173378.0,2,20,22,1,2,400,20000
168,So11111111111111111111111111111111111111112-GmbC2HgWpHpq9SHnmEXZNT5e1zgcU9oASDqbAkGTpump,WSOL-CATANA,WSOL,So11111111111111111111111111111111111111112,CATANA,GmbC2HgWpHpq9SHnmEXZNT5e1zgcU9oASDqbAkGTpump,352603.81,174794.98,535580.42,1901542.44,2,11,13,1,2,400,20000
169,So11111111111111111111111111111111111111112-3zJ7RxtzPahndBTEn5PGUyo9xBMv6MJP9J4TPqdFpump,WSOL-ESIM,WSOL,So11111111111111111111111111111111111111112,ESIM,3zJ7RxtzPahndBTEn5PGUyo9xBMv6MJP9J4TPqdFpump,178630.2,173938.76,569626.26,20991723.92,1,7,8,1,2,400,20000
170,So11111111111111111111111111111111111111112-2TK6MgLTmHDhmdh4EtdnBkYKZPkcjMp6cj3gcWhqpump,WSOL-MMC,WSOL,So11111111111111111111111111111111111111112,MMC,2TK6MgLTmHDhmdh4EtdnBkYKZPkcjMp6cj3gcWhqpump,207420.28,171330.15,1837283.42,1882598.97,2,0,2,1,2,400,20000
171,So11111111111111111111111111111111111111112-GMzuntWYJLpNuCizrSR7ZXggiMdDzTNiEmSNHHunpump,WSOL-dreams,WSOL,So11111111111111111111111111111111111111112,dreams,GMzuntWYJLpNuCizrSR7ZXggiMdDzTNiEmSNHHunpump,452015.88,165608.15,425738.34,1642823.54,2,8,10,1,2,400,20000
172,So11111111111111111111111111111111111111112-HHoXk7WursT9DLBBhHzBWBbuQkfvvoNyHKpJi61mpump,WSOL-TNSR,WSOL,So11111111111111111111111111111111111111112,TNSR,HHoXk7WursT9DLBBhHzBWBbuQkfvvoNyHKpJi61mpump,407194.61,163364.93,695414.66,1846749.29,1,10,11,1,2,400,20000
173,So11111111111111111111111111111111111111112-DitHyRMQiSDhn5cnKMJV2CDDt6sVct96YrECiM49pump,WSOL-House,WSOL,So11111111111111111111111111111111111111112,House,DitHyRMQiSDhn5cnKMJV2CDDt6sVct96YrECiM49pump,144878.27,162853.22,1616162.07,10761825.94,2,19,21,1,2,400,20000
174,So11111111111111111111111111111111111111112-2G8LH53fcr3aCrEsmAo73eunbZRbyjKrGH5qmur6pump,WSOL-supercycle,WSOL,So11111111111111111111111111111111111111112,supercycle,2G8LH53fcr3aCrEsmAo73eunbZRbyjKrGH5qmur6pump,244278.88,162308.71,781751.41,1463124.92,2,0,2,1,2,400,20000
175,So11111111111111111111111111111111111111112-E7NgL19JbN8BhUDgWjkH8MtnbhJoaGaWJqosxZZepump,WSOL-PAYAI,WSOL,So11111111111111111111111111111111111111112,PAYAI,E7NgL19JbN8BhUDgWjkH8MtnbhJoaGaWJqosxZZepump,165058.94,154300.3,673967.1,6776423.69,2,0,2,1,2,400,20000
176,So11111111111111111111111111111111111111112-6yjNqPzTSanBWSa6dxVEgTjePXBrZ2FoHLDQwYwEsyM6,WSOL-Chud,WSOL,So11111111111111111111111111111111111111112,Chud,6yjNqPzTSanBWSa6dxVEgTjePXBrZ2FoHLDQwYwEsyM6,520126.68,153405.2,444819.67,2331703.89,2,14,16,1,2,400,20000
177,So11111111111111111111111111111111111111112-GorvUUSkJGSzJUebM5W6berUkZ5pG8nmnn7tmk74pump,WSOL-ZAILGO,WSOL,So11111111111111111111111111111111111111112,ZAILGO,GorvUUSkJGSzJUebM5W6berUkZ5pG8nmnn7tmk74pump,361514.46,142522.01,1192165.02,1573065.47,2,11,13,1,2,400,20000
178,So11111111111111111111111111111111111111112-HhCLbkW6FwhriTkk81W8tYstsRCLUu6Y7Je1SQjVpump,WSOL-KIKI,WSOL,So11111111111111111111111111111111111111112,KIKI,HhCLbkW6FwhriTkk81W8tYstsRCLUu6Y7Je1SQjVpump,334343.64,140903.2,641673.01,1732625.1,2,7,9,1,2,400,20000
179,So11111111111111111111111111111111111111112-GYKmdfcUmZVrqfcH1g579BGjuzSRijj3LBuwv79rpump,WSOL-wDOG,WSOL,So11111111111111111111111111111111111111112,wDOG,GYKmdfcUmZVrqfcH1g579BGjuzSRijj3LBuwv79rpump,411029.39,140342.02,185146.18,374400.57,2,19,21,1,2,400,20000
180,So11111111111111111111111111111111111111112-WEmjxPMGXEW1Nvc4rCgRKiWHj1H1tvhPsKMw2yvpump,WSOL-DIGIMON,WSOL,So11111111111111111111111111111111111111112,DIGIMON,WEmjxPMGXEW1Nvc4rCgRKiWHj1H1tvhPsKMw2yvpump,228889.63,140065.18,698723.59,7208932.01,1,10,11,1,2,400,20000
181,So11111111111111111111111111111111111111112-CRAMvzDsSpXYsFpcoDr6vFLJMBeftez1E7277xwPpump,WSOL-PEPECAT,WSOL,So11111111111111111111111111111111111111112,PEPECAT,CRAMvzDsSpXYsFpcoDr6vFLJMBeftez1E7277xwPpump,448541.55,139260.84,930582.62,4279977.45,2,0,2,1,2,400,20000
182,So11111111111111111111111111111111111111112-ts3foLrNUMvwdVeit1oNeLWjYk7e4qsn8PqSsqRpump,WSOL-ANTIRUG,WSOL,So11111111111111111111111111111111111111112,ANTIRUG,ts3foLrNUMvwdVeit1oNeLWjYk7e4qsn8PqSsqRpump,251576.81,137381.85,1458109.86,2599988.64,2,9,11,1,2,400,20000
183,So11111111111111111111111111111111111111112-9bNUjxEvygayUE2ZRN5zh9Hhjh6cN6GPK4zoHzXXpump,WSOL-MOSS,WSOL,So11111111111111111111111111111111111111112,MOSS,9bNUjxEvygayUE2ZRN5zh9Hhjh6cN6GPK4zoHzXXpump,232275.61,134712.37,210419.14,929117.25,2,6,8,1,2,400,20000
184,So11111111111111111111111111111111111111112-KMnDBXcPXoz6oMJW5XG4tXdwSWpmWEP2RQM1Uujpump,WSOL-FIGHT,WSOL,So11111111111111111111111111111111111111112,FIGHT,KMnDBXcPXoz6oMJW5XG4tXdwSWpmWEP2RQM1Uujpump,399498.81,131637.17,527055.14,2636680.93,2,14,16,1,2,400,20000
185,Faf89929Ni9fbg4gmVZTca7eW6NFg877Jqn6MizT3Gvw-So11111111111111111111111111111111111111112,WOLF-WSOL,WOLF,Faf89929Ni9fbg4gmVZTca7eW6NFg877Jqn6MizT3Gvw,WSOL,So11111111111111111111111111111111111111112,613233.99,125125.15,348373.36,820671.5,2,0,2,1,2,400,20000
186,26KMQVgDUoB6rEfnJ51yAABWWJND8uMtpnQgsHQ64Udr-So11111111111111111111111111111111111111112,HAMMY-WSOL,HAMMY,26KMQVgDUoB6rEfnJ51yAABWWJND8uMtpnQgsHQ64Udr,WSOL,So11111111111111111111111111111111111111112,403088.51,124438.27,404745.18,731972.97,1,20,21,1,2,400,20000
187,So11111111111111111111111111111111111111112-SonicxvLud67EceaEzCLRnMTBqzYUUYNr93DBkBdDES,WSOL-SONIC,WSOL,So11111111111111111111111111111111111111112,SONIC,SonicxvLud67EceaEzCLRnMTBqzYUUYNr93DBkBdDES,200885.55,123398.75,770242.13,1939149.2,3,30,33,1,2,400,20000
188,So11111111111111111111111111111111111111112-HFw81sUUPBkNF5tKDanV8VCYTfVY4XbrEEPiwzyypump,WSOL-DUCKAI,WSOL,So11111111111111111111111111111111111111112,DUCKAI,HFw81sUUPBkNF5tKDanV8VCYTfVY4XbrEEPiwzyypump,187714.72,122559.9,479748.91,4573816.13,2,4,6,1,2,400,20000
189,So11111111111111111111111111111111111111112-8SpPaFLycx897D6sowPZkEkcNdDahzRZb5itr6D8pump,WSOL-LEA,WSOL,So11111111111111111111111111111111111111112,LEA,8SpPaFLycx897D6sowPZkEkcNdDahzRZb5itr6D8pump,498552.35,120904.4,592774.67,3177604.21,3,6,9,1,2,400,20000
190,So11111111111111111111111111111111111111112-8tdzC7mFKhmfPg3KdSBafHqH7jgi3CvKomfj3Hhupump,WSOL-TgMetrics,WSOL,So11111111111111111111111111111111111111112,TgMetrics,8tdzC7mFKhmfPg3KdSBafHqH7jgi3CvKomfj3Hhupump,158878.4,120694.24,560101.66,929724.44,2,0,2,1,2,400,20000
191,Jambjx1oJoZNBZiqbiF9TqgatEZPdyfvYa9WVsKNzUh-So11111111111111111111111111111111111111112,J-WSOL,J,Jambjx1oJoZNBZiqbiF9TqgatEZPdyfvYa9WVsKNzUh,WSOL,So11111111111111111111111111111111111111112,892476.46,119964.55,864967.01,2529236.04,1,11,12,1,2,400,20000
192,So11111111111111111111111111111111111111112-9psiRdn9cXYVps4F1kFuoNjd2EtmqNJXrCPmRppJpump,WSOL-UBC,WSOL,So11111111111111111111111111111111111111112,UBC,9psiRdn9cXYVps4F1kFuoNjd2EtmqNJXrCPmRppJpump,410620.44,118258.4,320272.27,1386059.78,2,14,16,1,2,400,20000
193,So11111111111111111111111111111111111111112-zGh48JtNHVBb5evgoZLXwgPD2Qu4MhkWdJLGDAupump,WSOL-retire,WSOL,So11111111111111111111111111111111111111112,retire,zGh48JtNHVBb5evgoZLXwgPD2Qu4MhkWdJLGDAupump,348760.01,116455.96,758230.25,3766140.36,2,5,7,1,2,400,20000
194,So11111111111111111111111111111111111111112-B5WTLaRwaUQpKk7ir1wniNB6m5o8GgMrimhKMYan2R6B,WSOL-Pepe,WSOL,So11111111111111111111111111111111111111112,Pepe,B5WTLaRwaUQpKk7ir1wniNB6m5o8GgMrimhKMYan2R6B,431904.94,114572.43,525139.95,4314634.24,3,0,3,1,2,400,20000
195,So11111111111111111111111111111111111111112-6n7Janary9fqzxKaJVrhL9TG2F61VbAtwUMu1YZscaQS,WSOL-Hobbes,WSOL,So11111111111111111111111111111111111111112,Hobbes,6n7Janary9fqzxKaJVrhL9TG2F61VbAtwUMu1YZscaQS,214379.46,113358.77,458757.49,814916.12,1,10,11,1,2,400,20000
196,So11111111111111111111111111111111111111112-3iQL8BFS2vE7mww4ehAqQHAsbmRNCrPxizWAT2Zfyr9y,WSOL-VIRTUAL,WSOL,So11111111111111111111111111111111111111112,VIRTUAL,3iQL8BFS2vE7mww4ehAqQHAsbmRNCrPxizWAT2Zfyr9y,93413.12,112426.98,385463.84,714273.27,1,23,24,1,2,400,20000
197,ATLASXmbPQxBUYbxPsV97usA3fPQYEqzQBUHgiFCUsXx-EPjFWdd5AufqSSqeM2qN1xzybapC8G4wEGGkZwyTDt1v,ATLAS-USDC,ATLAS,ATLASXmbPQxBUYbxPsV97usA3fPQYEqzQBUHgiFCUsXx,USDC,EPjFWdd5AufqSSqeM2qN1xzybapC8G4wEGGkZwyTDt1v,142423.8,107771.12,566240.16,1316442.06,3,5,8,1,2,400,20000
198,So11111111111111111111111111111111111111112-FHKiJEg2zmhv9DEeaXMSZa7R4P8BPFX5VTRrzrtJpump,WSOL-HIBER,WSOL,So11111111111111111111111111111111111111112,HIBER,FHKiJEg2zmhv9DEeaXMSZa7R4P8BPFX5VTRrzrtJpump,215845.67,107388.86,450577.51,12726543.22,1,5,6,1,2,400,20000
199,So11111111111111111111111111111111111111112-275FUEyp5o7TWo1dCDYJyprb4o2WBcxEQsvmt816pump,WSOL-AAA,WSOL,So11111111111111111111111111111111111111112,AAA,275FUEyp5o7TWo1dCDYJyprb4o2WBcxEQsvmt816pump,197766.61,104792.99,1130995.28,1700797.72,2,0,2,1,2,400,20000
200,So11111111111111111111111111111111111111112-Zc4uJVrHC2APe9qKwBD11Gg4BbvQr3naM8f7Wiopump,WSOL-pep ,WSOL,So11111111111111111111111111111111111111112,pep ,Zc4uJVrHC2APe9qKwBD11Gg4BbvQr3naM8f7Wiopump,311136.48,104257.57,683365.77,4411361.78,2,15,17,1,2,400,20000
201,So11111111111111111111111111111111111111112-4TwC4AiF1uUSHES2eBftGqemp6TqjEnKghqiH6dFpump,WSOL-AKA,WSOL,So11111111111111111111111111111111111111112,AKA,4TwC4AiF1uUSHES2eBftGqemp6TqjEnKghqiH6dFpump,382707.03,102107.59,411232.88,983010.41,2,10,12,1,2,400,20000
202,3TWgDvYBL2YPET2LxnWAwsMeoA8aL4DutNuwat2pKCjC-So11111111111111111111111111111111111111112,KHAI-WSOL,KHAI,3TWgDvYBL2YPET2LxnWAwsMeoA8aL4DutNuwat2pKCjC,WSOL,So11111111111111111111111111111111111111112,298471.3,100867.09,360482.93,814209.49,3,9,12,1,2,400,20000
203,So11111111111111111111111111111111111111112-Fxm6tJ2khHbLVcSgnYUqg9FiBduVRLEvdQR67dvQ3eGp,WSOL-NAI,WSOL,So11111111111111111111111111111111111111112,NAI,Fxm6tJ2khHbLVcSgnYUqg9FiBduVRLEvdQR67dvQ3eGp,126178.3,100350.67,251216.8,388709.07,2,6,8,1,2,400,20000
204,So11111111111111111111111111111111111111112-CX9YDTED9TWgVXVoFy8JL9gSSAEWcTv4mzjLSv17LQsj,WSOL-DRUGS,WSOL,So11111111111111111111111111111111111111112,DRUGS,CX9YDTED9TWgVXVoFy8JL9gSSAEWcTv4mzjLSv17LQsj,98663.22,100264.47,142219.97,209914.71,3,0,3,1,2,400,20000
205,So11111111111111111111111111111111111111112-CTgiaZUK12kCcB8sosn4Nt2NZtzLgtPqDwyQyr2syATC,WSOL-BITCOIN,WSOL,So11111111111111111111111111111111111111112,BITCOIN,CTgiaZUK12kCcB8sosn4Nt2NZtzLgtPqDwyQyr2syATC,305185.26,100111.17,660797.2,963573.61,1,4,5,1,2,400,20000
206,Cwe5k2iEy8dt7vCGY93GBrqQS4FWyac6pQjvjLcPD6qp-So11111111111111111111111111111111111111112,AROK-WSOL,AROK,Cwe5k2iEy8dt7vCGY93GBrqQS4FWyac6pQjvjLcPD6qp,WSOL,So11111111111111111111111111111111111111112,215771.6,99460.08,146125.96,171206.23,2,0,2,1,2,400,20000
207,So11111111111111111111111111111111111111112-8tSeXYSXzFvaDX1nbWrEFFaFuPHuWqpzksKYxQPvpump,WSOL-VIBE,WSOL,So11111111111111111111111111111111111111112,VIBE,8tSeXYSXzFvaDX1nbWrEFFaFuPHuWqpzksKYxQPvpump,323052.58,99352.73,460777.53,1063841.81,3,6,9,1,2,400,20000
208,7JA5eZdCzztSfQbJvS8aVVxMFfd81Rs9VvwnocV1mKHu-EPjFWdd5AufqSSqeM2qN1xzybapC8G4wEGGkZwyTDt1v,GEOD-USDC,GEOD,7JA5eZdCzztSfQbJvS8aVVxMFfd81Rs9VvwnocV1mKHu,USDC,EPjFWdd5AufqSSqeM2qN1xzybapC8G4wEGGkZwyTDt1v,1427743.63,99006.15,592190.7,1884397.44,2,0,2,1,2,400,20000
209,So11111111111111111111111111111111111111112-JB699bKuBEUJiiXSgtaFQUkAwFmUuz5WAWbKoLLQbonk,WSOL-vpos,WSOL,So11111111111111111111111111111111111111112,vpos,JB699bKuBEUJiiXSgtaFQUkAwFmUuz5WAWbKoLLQbonk,104414.21,97065.08,455135.09,2927918.71,1,2,3,1,2,400,20000
210,So11111111111111111111111111111111111111112-5UAMZkfNmuVcKzr2wo8Jqw4R1k8vfdAVJNN6h3bVpump,WSOL-LIMBO,WSOL,So11111111111111111111111111111111111111112,LIMBO,5UAMZkfNmuVcKzr2wo8Jqw4R1k8vfdAVJNN6h3bVpump,445621.77,93336.34,345282.16,1139039.18,2,7,9,1,2,400,20000
211,So11111111111111111111111111111111111111112-DEf93bSt8dx58gDFCcz4CwbjYZzjwaRBYAciJYLfdCA9,WSOL-KWEEN,WSOL,So11111111111111111111111111111111111111112,KWEEN,DEf93bSt8dx58gDFCcz4CwbjYZzjwaRBYAciJYLfdCA9,420834.67,92337.46,266381.18,890539.39,2,9,11,1,2,400,20000
212,So11111111111111111111111111111111111111112-8cNmp9T2CMQRNZhNRoeSvr57LDf1kbZ42SvgsSWfpump,WSOL-JAIL,WSOL,So11111111111111111111111111111111111111112,JAIL,8cNmp9T2CMQRNZhNRoeSvr57LDf1kbZ42SvgsSWfpump,212280.38,85378.44,120255.05,369086.42,2,14,16,1,2,400,20000
213,So11111111111111111111111111111111111111112-HsNx7RirehVMy54xnFtcgCBPDMrwNnJKykageqdWpump,WSOL-daige,WSOL,So11111111111111111111111111111111111111112,daige,HsNx7RirehVMy54xnFtcgCBPDMrwNnJKykageqdWpump,198569.66,84241.21,166212.12,1132914.55,2,10,12,1,2,400,20000
214,So11111111111111111111111111111111111111112-CmpuL8k9KY3NrpfDRoJrVmuwd1zRMFRUxX55avyGpump,WSOL-Jarvis,WSOL,So11111111111111111111111111111111111111112,Jarvis,CmpuL8k9KY3NrpfDRoJrVmuwd1zRMFRUxX55avyGpump,104492.46,81696.6,143604.2,236701.87,1,2,3,1,2,400,20000
215,85cQsFgbi8mBZxiPppbpPXuV7j1hA8tBwhjF4gKW6mHg-So11111111111111111111111111111111111111112,Rizzmas-WSOL,Rizzmas,85cQsFgbi8mBZxiPppbpPXuV7j1hA8tBwhjF4gKW6mHg,WSOL,So11111111111111111111111111111111111111112,521170.8,80071.45,339670.0,2308733.21,2,13,15,1,2,400,20000
216,So11111111111111111111111111111111111111112-CdZuiJEgdwQVZBWZrd6MvYwZshsT5HvB6tJYAjzuUTAP,WSOL-TAPS,WSOL,So11111111111111111111111111111111111111112,TAPS,CdZuiJEgdwQVZBWZrd6MvYwZshsT5HvB6tJYAjzuUTAP,144758.83,79560.66,1053682.82,4604590.3,1,1,2,1,2,400,20000
217,So11111111111111111111111111111111111111112-Foot4fxy8CHxM37W8BeHwK6aLd8VH2yHTFu43KCxbCqc,WSOL-BIG,WSOL,So11111111111111111111111111111111111111112,BIG,Foot4fxy8CHxM37W8BeHwK6aLd8VH2yHTFu43KCxbCqc,264668.52,78671.94,574457.63,2040440.9,3,0,3,1,2,400,20000
218,So11111111111111111111111111111111111111112-FABELyo4mGW399dBZJhMeD988o2hEPu3B3LNWtuW4ueN,WSOL-FABEL,WSOL,So11111111111111111111111111111111111111112,FABEL,FABELyo4mGW399dBZJhMeD988o2hEPu3B3LNWtuW4ueN,137871.61,78642.2,188582.68,2908866.94,2,1,3,1,2,400,20000
219,degod39zqQWzpG6h4b7SJLLTCFE6FeZnZD8BwHBFxaN-So11111111111111111111111111111111111111112,DEGOD-WSOL,DEGOD,degod39zqQWzpG6h4b7SJLLTCFE6FeZnZD8BwHBFxaN,WSOL,So11111111111111111111111111111111111111112,723992.76,77814.56,122433.26,303958.53,2,0,2,1,2,400,20000
220,So11111111111111111111111111111111111111112-AxDKAyDsC7p8C5MeDFX6FKV2MPCSGwzkRfGY2qZZpump,WSOL-NOVA,WSOL,So11111111111111111111111111111111111111112,NOVA,AxDKAyDsC7p8C5MeDFX6FKV2MPCSGwzkRfGY2qZZpump,165366.86,76052.65,187465.92,753646.2,2,0,2,1,2,400,20000
221,FU1q8vJpZNUrmqsciSjp8bAKKidGsLmouB8CBdf8TKQv-So11111111111111111111111111111111111111112,tremp-WSOL,tremp,FU1q8vJpZNUrmqsciSjp8bAKKidGsLmouB8CBdf8TKQv,WSOL,So11111111111111111111111111111111111111112,833561.49,75020.11,277769.29,822563.42,2,14,16,1,2,400,20000
222,So11111111111111111111111111111111111111112-EfgEGG9PxLhyk1wqtqgGnwgfVC7JYic3vC9BCWLvpump,WSOL-GYAT,WSOL,So11111111111111111111111111111111111111112,GYAT,EfgEGG9PxLhyk1wqtqgGnwgfVC7JYic3vC9BCWLvpump,365755.26,73476.69,393491.44,2034436.38,2,17,19,1,2,400,20000
223,So11111111111111111111111111111111111111112-7M3gDRgozcumFsiTeXwjB8cYxpg7Q9R7rH7rkw2Fpump,WSOL-CRIME,WSOL,So11111111111111111111111111111111111111112,CRIME,7M3gDRgozcumFsiTeXwjB8cYxpg7Q9R7rH7rkw2Fpump,221467.21,72935.49,726293.52,876790.8,1,4,5,1,2,400,20000
224,So11111111111111111111111111111111111111112-BAezfVmia8UYLt4rst6PCU4dvL2i2qHzqn4wGhytpNJW,WSOL-Ainti,WSOL,So11111111111111111111111111111111111111112,Ainti,BAezfVmia8UYLt4rst6PCU4dvL2i2qHzqn4wGhytpNJW,482811.02,72766.45,179028.98,437775.56,3,11,14,1,2,400,20000
225,So11111111111111111111111111111111111111112-5UUH9RTDiSpq6HKS6bp4NdU9PNJpXRXuiw6ShBTBhgH2,WSOL-TROLL,WSOL,So11111111111111111111111111111111111111112,TROLL,5UUH9RTDiSpq6HKS6bp4NdU9PNJpXRXuiw6ShBTBhgH2,37824.73,72030.3,641016.28,4934144.83,2,16,18,1,2,400,20000
226,9gwTegFJJErDpWJKjPfLr2g2zrE3nL1v5zpwbtsk3c6P-So11111111111111111111111111111111111111112,USEDCAR-WSOL,USEDCAR,9gwTegFJJErDpWJKjPfLr2g2zrE3nL1v5zpwbtsk3c6P,WSOL,So11111111111111111111111111111111111111112,250650.59,71021.44,217989.27,495497.01,2,0,2,1,2,400,20000
227,So11111111111111111111111111111111111111112-FQgtfugBdpFN7PZ6NdPrZpVLDBrPGxXesi4gVu3vErhY,WSOL-BMT,WSOL,So11111111111111111111111111111111111111112,BMT,FQgtfugBdpFN7PZ6NdPrZpVLDBrPGxXesi4gVu3vErhY,936911.41,70525.85,1332498.58,5940778.48,1,4,5,1,2,400,20000
228,So11111111111111111111111111111111111111112-7b36cKRYFZsMp3vLByVwfVQxW2ndcYth5rhPnyypump,WSOL-PINO,WSOL,So11111111111111111111111111111111111111112,PINO,7b36cKRYFZsMp3vLByVwfVQxW2ndcYth5rhPnyypump,525393.93,69922.14,329866.38,2560371.61,1,17,18,1,2,400,20000
229,So11111111111111111111111111111111111111112-AnGzGiQ6ddzdqWDuWy6vmibqDv8rsT2QKhcgDrwTpump,WSOL-GAYCOIN,WSOL,So11111111111111111111111111111111111111112,GAYCOIN,AnGzGiQ6ddzdqWDuWy6vmibqDv8rsT2QKhcgDrwTpump,172763.86,69555.49,184737.86,1756210.2,1,10,11,1,2,400,20000
230,AujTJJ7aMS8LDo3bFzoyXDwT3jBALUbu4VZhzZdTZLmG-So11111111111111111111111111111111111111112,$BEER-WSOL,$BEER,AujTJJ7aMS8LDo3bFzoyXDwT3jBALUbu4VZhzZdTZLmG,WSOL,So11111111111111111111111111111111111111112,2251251.04,69295.29,203444.46,1052125.48,2,0,2,1,2,400,20000
231,So11111111111111111111111111111111111111112-4HBQm2EhdpUWZkTYxttxNDnsoWi5beRAGWHpjVo8pump,WSOL-CAT,WSOL,So11111111111111111111111111111111111111112,CAT,4HBQm2EhdpUWZkTYxttxNDnsoWi5beRAGWHpjVo8pump,274999.99,68850.34,165647.63,617939.07,2,0,2,1,2,400,20000
232,So11111111111111111111111111111111111111112-FkBF9u1upwEMUPxnXjcydxxVSxgr8f3k1YXbz7G7bmtA,WSOL-glorp,WSOL,So11111111111111111111111111111111111111112,glorp,FkBF9u1upwEMUPxnXjcydxxVSxgr8f3k1YXbz7G7bmtA,230428.32,68767.49,183916.02,487288.97,2,0,2,1,2,400,20000
233,So11111111111111111111111111111111111111112-8YiB8B43EwDeSx5Jp91VQjgBU4mfCgVvyNahadtzpump,WSOL-Y2K,WSOL,So11111111111111111111111111111111111111112,Y2K,8YiB8B43EwDeSx5Jp91VQjgBU4mfCgVvyNahadtzpump,379865.4,68236.11,590893.69,2158869.7,1,4,5,1,2,400,20000
234,rndrizKT3MK1iimdxRdWabcF7Zg7AR5T4nud4EkHBof-EPjFWdd5AufqSSqeM2qN1xzybapC8G4wEGGkZwyTDt1v,RENDER-USDC,RENDER,rndrizKT3MK1iimdxRdWabcF7Zg7AR5T4nud4EkHBof,USDC,EPjFWdd5AufqSSqeM2qN1xzybapC8G4wEGGkZwyTDt1v,55367.37,67929.71,320046.48,1363280.55,1,7,8,1,2,400,20000
235,So11111111111111111111111111111111111111112-H33XL6HHDReCVRgSApZpsXM7Hy7JGyLztRJaGxjapump,WSOL-APPLE,WSOL,So11111111111111111111111111111111111111112,APPLE,H33XL6HHDReCVRgSApZpsXM7Hy7JGyLztRJaGxjapump,234193.24,64514.91,184942.56,576756.53,1,13,14,1,2,400,20000
236,2Dyzu65QA9zdX1UeE7Gx71k7fiwyUK6sZdrvJ7auq5wm-So11111111111111111111111111111111111111112,TURBO-WSOL,TURBO,2Dyzu65QA9zdX1UeE7Gx71k7fiwyUK6sZdrvJ7auq5wm,WSOL,So11111111111111111111111111111111111111112,64232.93,63373.34,411675.42,1562222.35,2,0,2,1,2,400,20000
237,So11111111111111111111111111111111111111112-5XyKkFaJpAmsH4Tf2EFj3S61W3hC5cJhxNZQQ5h1pump,WSOL-Luigi,WSOL,So11111111111111111111111111111111111111112,Luigi,5XyKkFaJpAmsH4Tf2EFj3S61W3hC5cJhxNZQQ5h1pump,613818.16,63022.79,254752.19,2386716.02,3,21,24,1,2,400,20000
238,So11111111111111111111111111111111111111112-2KgAN8nLAU74wjiyKi85m4ZT6Z9MtqrUTGfse8Xapump,WSOL-SHEGEN,WSOL,So11111111111111111111111111111111111111112,SHEGEN,2KgAN8nLAU74wjiyKi85m4ZT6Z9MtqrUTGfse8Xapump,249881.86,63012.68,111850.25,358508.69,3,0,3,1,2,400,20000
239,So11111111111111111111111111111111111111112-FqnqT1GKi8S4Gyk5wnSKvJjXW48HqGtKJt9WS4o2pump,WSOL-Bakso,WSOL,So11111111111111111111111111111111111111112,Bakso,FqnqT1GKi8S4Gyk5wnSKvJjXW48HqGtKJt9WS4o2pump,90209.13,62898.92,167486.02,191560.09,1,6,7,1,2,400,20000
240,So11111111111111111111111111111111111111112-FViMp5phQH2bX81S7Yyn1yXjj3BRddFBNcMCbTH8FCze,WSOL-$TOAD,WSOL,So11111111111111111111111111111111111111112,$TOAD,FViMp5phQH2bX81S7Yyn1yXjj3BRddFBNcMCbTH8FCze,320870.93,62820.75,258940.12,976651.73,3,0,3,1,2,400,20000
241,So11111111111111111111111111111111111111112-62mETtNRaVY5iNsJr5YexsbVg1uyyoLwtoWLSnjApump,WSOL-Stoic,WSOL,So11111111111111111111111111111111111111112,Stoic,62mETtNRaVY5iNsJr5YexsbVg1uyyoLwtoWLSnjApump,159455.47,62715.1,227686.31,552618.92,1,9,10,1,2,400,20000
242,7dHbWXmci3dT8UFYWYZweBLXgycu7Y3iL6trKn1Y7ARj-EPjFWdd5AufqSSqeM2qN1xzybapC8G4wEGGkZwyTDt1v,stSOL-USDC,stSOL,7dHbWXmci3dT8UFYWYZweBLXgycu7Y3iL6trKn1Y7ARj,USDC,EPjFWdd5AufqSSqeM2qN1xzybapC8G4wEGGkZwyTDt1v,465315.56,62460.28,255870.39,818143.38,3,0,3,1,2,400,20000
243,So11111111111111111111111111111111111111112-Ce2gx9KGXJ6C9Mp5b5x1sn9Mg87JwEbrQby4Zqo3pump,WSOL-neet,WSOL,So11111111111111111111111111111111111111112,neet,Ce2gx9KGXJ6C9Mp5b5x1sn9Mg87JwEbrQby4Zqo3pump,22784.82,60520.02,678866.47,1657945.56,1,11,12,1,2,400,20000
244,So11111111111111111111111111111111111111112-GqmEdRD3zGUZdYPeuDeXxCc8Cj1DBmGSYK97TCwSpump,WSOL-e/acc,WSOL,So11111111111111111111111111111111111111112,e/acc,GqmEdRD3zGUZdYPeuDeXxCc8Cj1DBmGSYK97TCwSpump,214241.83,60045.63,115958.75,253621.2,1,6,7,1,2,400,20000
245,So11111111111111111111111111111111111111112-89S9RdgynPq5odSRmcCDAzg26iYuRw4wqUmzMbjUpump,WSOL-EKKO,WSOL,So11111111111111111111111111111111111111112,EKKO,89S9RdgynPq5odSRmcCDAzg26iYuRw4wqUmzMbjUpump,152774.41,59163.79,180405.46,1020172.71,1,5,6,1,2,400,20000
246,So11111111111111111111111111111111111111112-8AS9yeGsAwvTs9gCDKMmB2MgX8NiSvv4uppH61yqpump,WSOL-$horny,WSOL,So11111111111111111111111111111111111111112,$horny,8AS9yeGsAwvTs9gCDKMmB2MgX8NiSvv4uppH61yqpump,209199.45,58726.8,347253.72,2291008.21,1,7,8,1,2,400,20000
247,So11111111111111111111111111111111111111112-BP8RUdhLKBL2vgVXc3n7oTSZKWaQVbD8S6QcPaMVBAPo,WSOL-FAFO,WSOL,So11111111111111111111111111111111111111112,FAFO,BP8RUdhLKBL2vgVXc3n7oTSZKWaQVbD8S6QcPaMVBAPo,339513.0,57156.0,330858.06,1578537.83,2,24,26,1,2,400,20000
248,85VBFQZC9TZkfaptBWjvUw7YbZjy52A6mjtPGjstQAmQ-EPjFWdd5AufqSSqeM2qN1xzybapC8G4wEGGkZwyTDt1v,W-USDC,W,85VBFQZC9TZkfaptBWjvUw7YbZjy52A6mjtPGjstQAmQ,USDC,EPjFWdd5AufqSSqeM2qN1xzybapC8G4wEGGkZwyTDt1v,232331.27,56428.09,255400.85,940629.42,2,16,18,1,2,400,20000
249,So11111111111111111111111111111111111111112-EQs4DEeaSyrhRPM6JPsf2ptLf4EHkcGXB7ybeufxpump,WSOL-saint,WSOL,So11111111111111111111111111111111111111112,saint,EQs4DEeaSyrhRPM6JPsf2ptLf4EHkcGXB7ybeufxpump,173172.38,56314.59,578148.9,4060864.18,2,0,2,1,2,400,20000
250,So11111111111111111111111111111111111111112-CPBQqugWWCcyehezHf4uSJtET2kmYNqPuhyb57H5pump,WSOL-GREED 3,WSOL,So11111111111111111111111111111111111111112,GREED 3,CPBQqugWWCcyehezHf4uSJtET2kmYNqPuhyb57H5pump,120372.14,55650.51,202760.76,1025682.32,1,9,10,1,2,400,20000
251,RAPRz9fd87y9qcBGj1VVqUbbUM6DaBggSDA58zc3N2b-EPjFWdd5AufqSSqeM2qN1xzybapC8G4wEGGkZwyTDt1v,RAPR-USDC,RAPR,RAPRz9fd87y9qcBGj1VVqUbbUM6DaBggSDA58zc3N2b,USDC,EPjFWdd5AufqSSqeM2qN1xzybapC8G4wEGGkZwyTDt1v,98403.85,55276.17,224010.47,944673.72,2,0,2,1,2,400,20000
252,So11111111111111111111111111111111111111112-BEgBsVSKJSxreiCE1XmWWq8arnwit7xDqQXSWYgay9xP,WSOL-WYAC,WSOL,So11111111111111111111111111111111111111112,WYAC,BEgBsVSKJSxreiCE1XmWWq8arnwit7xDqQXSWYgay9xP,277722.76,54306.51,192522.2,609631.11,1,12,13,1,2,400,20000
253,So11111111111111111111111111111111111111112-5SKLS8gvhJgAtmtmRr7SQg7NjoehutwK3vAzYPAYpump,WSOL-UPONLY,WSOL,So11111111111111111111111111111111111111112,UPONLY,5SKLS8gvhJgAtmtmRr7SQg7NjoehutwK3vAzYPAYpump,114272.94,52858.53,310501.7,499572.53,1,6,7,1,2,400,20000
254,So11111111111111111111111111111111111111112-ZMGtFgx3pjcU1QNd9zUPn3ckNcotqVkja77q8AHbonk,WSOL-BRAWL,WSOL,So11111111111111111111111111111111111111112,BRAWL,ZMGtFgx3pjcU1QNd9zUPn3ckNcotqVkja77q8AHbonk,73777.48,52705.31,318491.5,11402374.21,1,3,4,1,2,400,20000
255,6N7CrWe6qNt27G4sHXcjQMMy6btKRb7i9n4RYkKboop-So11111111111111111111111111111111111111112,BETTY-WSOL,BETTY,6N7CrWe6qNt27G4sHXcjQMMy6btKRb7i9n4RYkKboop,WSOL,So11111111111111111111111111111111111111112,50367.45,52404.89,746813.03,41774711.91,2,9,11,1,2,400,20000
256,So11111111111111111111111111111111111111112-GangK9z6ebVdonVRAbMwsQzy2ougUAK5x1GQ7Uf7daos,WSOL-BBL,WSOL,So11111111111111111111111111111111111111112,BBL,GangK9z6ebVdonVRAbMwsQzy2ougUAK5x1GQ7Uf7daos,97806.42,51793.96,967230.16,967230.16,4,0,4,1,2,400,20000
257,So11111111111111111111111111111111111111112-GACpABn18xqiSJbD9ZEyArJDT9RHRMUut5nK9Z9Spump,WSOL-TRENCH,WSOL,So11111111111111111111111111111111111111112,TRENCH,GACpABn18xqiSJbD9ZEyArJDT9RHRMUut5nK9Z9Spump,214500.02,51296.45,196781.88,521492.95,1,4,5,1,2,400,20000
258,So11111111111111111111111111111111111111112-9So52ugZh2BLBT3f7p61947q91uQh2DyvbfyMDeRpump,WSOL-MUSKIT,WSOL,So11111111111111111111111111111111111111112,MUSKIT,9So52ugZh2BLBT3f7p61947q91uQh2DyvbfyMDeRpump,270033.45,50429.58,346634.96,3996385.25,2,6,8,1,2,400,20000
259,So11111111111111111111111111111111111111112-FLJYGHpCCcfYUdzhcfHSeSd2peb5SMajNWaCsRnhpump,WSOL-STORE,WSOL,So11111111111111111111111111111111111111112,STORE,FLJYGHpCCcfYUdzhcfHSeSd2peb5SMajNWaCsRnhpump,235267.16,50208.81,336807.17,1476706.1,1,6,7,1,2,400,20000
260,So11111111111111111111111111111111111111112-B5UsiUYcTD3PcQa8r2uXcVgRmDL8jUYuXPiYjrY7pump,WSOL-SOLA,WSOL,So11111111111111111111111111111111111111112,SOLA,B5UsiUYcTD3PcQa8r2uXcVgRmDL8jUYuXPiYjrY7pump,193756.12,49948.38,281391.02,1127125.86,2,18,20,1,2,400,20000
261,So11111111111111111111111111111111111111112-6HgJHzGpq3fSLmkepsaC8F3VtpUWfXcG4hmUaf4Vpump,WSOL-REGENT,WSOL,So11111111111111111111111111111111111111112,REGENT,6HgJHzGpq3fSLmkepsaC8F3VtpUWfXcG4hmUaf4Vpump,221697.18,49893.22,193576.89,666758.97,1,5,6,1,2,400,20000
262,GinNabffZL4fUj9Vactxha74GDAW8kDPGaHqMtMzps2f-So11111111111111111111111111111111111111112,GINNAN-WSOL,GINNAN,GinNabffZL4fUj9Vactxha74GDAW8kDPGaHqMtMzps2f,WSOL,So11111111111111111111111111111111111111112,235341.27,49780.54,265670.36,455371.74,2,8,10,1,2,400,20000
263,So11111111111111111111111111111111111111112-nosXBVoaCTtYdLvKY6Csb4AC8JCdQKKAaWYtx2ZMoo7,WSOL-NOS,WSOL,So11111111111111111111111111111111111111112,NOS,nosXBVoaCTtYdLvKY6Csb4AC8JCdQKKAaWYtx2ZMoo7,38482.76,48545.55,67650.73,86350.09,2,10,12,1,2,400,20000
264,So11111111111111111111111111111111111111112-GwkEDwePTa6aFosh9xzAniGK1zvLrQ5yPJfLnqwmuyhG,WSOL-HYPERSKIDS,WSOL,So11111111111111111111111111111111111111112,HYPERSKIDS,GwkEDwePTa6aFosh9xzAniGK1zvLrQ5yPJfLnqwmuyhG,57305.02,47800.66,274576.83,1134650.51,1,12,13,1,2,400,20000
265,So11111111111111111111111111111111111111112-69G8CpUVZAxbPMiEBrfCCCH445NwFxH6PzVL693Xpump,WSOL-xavier,WSOL,So11111111111111111111111111111111111111112,xavier,69G8CpUVZAxbPMiEBrfCCCH445NwFxH6PzVL693Xpump,240082.77,47674.56,219740.0,993882.45,2,6,8,1,2,400,20000
266,So11111111111111111111111111111111111111112-KFTSxPQxDV1wGjEvzKHWD7mG6e9TsMVq4eF4mQppump,WSOL-Duo,WSOL,So11111111111111111111111111111111111111112,Duo,KFTSxPQxDV1wGjEvzKHWD7mG6e9TsMVq4eF4mQppump,159318.14,47595.93,107393.75,361561.6,2,16,18,1,2,400,20000
267,CckLtcfEtsYzg8sUrVBBrFKt16iExpvEurc1dhKmmoon-So11111111111111111111111111111111111111112,T3AI-WSOL,T3AI,CckLtcfEtsYzg8sUrVBBrFKt16iExpvEurc1dhKmmoon,WSOL,So11111111111111111111111111111111111111112,176463.85,46900.13,243589.94,765146.52,1,15,16,1,2,400,20000
268,So11111111111111111111111111111111111111112-DHoadXCbf6TcadkcMGJ8kFRdDa2sXPQ1KrgodUDRpump,WSOL-CHIIKAWA,WSOL,So11111111111111111111111111111111111111112,CHIIKAWA,DHoadXCbf6TcadkcMGJ8kFRdDa2sXPQ1KrgodUDRpump,55958.54,46765.0,79776.42,138530.06,1,2,3,1,2,400,20000
269,So11111111111111111111111111111111111111112-4JFcUJ1HfFKz2F8thdu2frk558EjrLvKEmeMq1ZM2xBP,WSOL-VNTR,WSOL,So11111111111111111111111111111111111111112,VNTR,4JFcUJ1HfFKz2F8thdu2frk558EjrLvKEmeMq1ZM2xBP,206164.09,45516.88,502814.76,2101679.44,2,0,2,1,2,400,20000
270,So11111111111111111111111111111111111111112-4NBTf8PfLH4oLFnwf3knv46FY9i5oXjDxffCetXRpump,WSOL-YzY,WSOL,So11111111111111111111111111111111111111112,YzY,4NBTf8PfLH4oLFnwf3knv46FY9i5oXjDxffCetXRpump,482996.97,45270.72,512729.16,3663348.3,2,0,2,1,2,400,20000
271,So11111111111111111111111111111111111111112-CVU6QRwpHz94UGyPFFehm1G1sFYRH7xDk9UhZ9RApump,WSOL-000,WSOL,So11111111111111111111111111111111111111112,000,CVU6QRwpHz94UGyPFFehm1G1sFYRH7xDk9UhZ9RApump,157543.4,44216.88,93136.84,179025.7,1,5,6,1,2,400,20000
272,So11111111111111111111111111111111111111112-BfdVHnbt9LSNAFCZU9kvTjbrH3jX78sv2siLKGQ7pump,WSOL-koto,WSOL,So11111111111111111111111111111111111111112,koto,BfdVHnbt9LSNAFCZU9kvTjbrH3jX78sv2siLKGQ7pump,383834.94,43885.98,200767.3,756147.26,2,6,8,1,2,400,20000
273,KQijDbNJ6rPCqhtXrfH6gKa5cH3a39At8vHq34nnPbF-So11111111111111111111111111111111111111112,DOGE-WSOL,DOGE,KQijDbNJ6rPCqhtXrfH6gKa5cH3a39At8vHq34nnPbF,WSOL,So11111111111111111111111111111111111111112,201953.2,43503.29,282940.61,768378.78,2,0,2,1,2,400,20000
274,So11111111111111111111111111111111111111112-yLUD35WTiPLEY6DUqEj5W2JVXF2DfKB5arPkKJXpump,WSOL-APY,WSOL,So11111111111111111111111111111111111111112,APY,yLUD35WTiPLEY6DUqEj5W2JVXF2DfKB5arPkKJXpump,255516.25,42783.84,178759.75,1368414.05,1,11,12,1,2,400,20000
275,AZsHEMXd36Bj1EMNXhowJajpUXzrKcK57wW4ZGXVa7yR-EPjFWdd5AufqSSqeM2qN1xzybapC8G4wEGGkZwyTDt1v,GUAC-USDC,GUAC,AZsHEMXd36Bj1EMNXhowJajpUXzrKcK57wW4ZGXVa7yR,USDC,EPjFWdd5AufqSSqeM2qN1xzybapC8G4wEGGkZwyTDt1v,325567.59,42614.16,140238.42,672945.0,2,7,9,1,2,400,20000
276,So11111111111111111111111111111111111111112-9Yt5tHLFB2Uz1yg3cyEpTN4KTSWhiGpKxXPJ8HX3hat,WSOL-KWANT,WSOL,So11111111111111111111111111111111111111112,KWANT,9Yt5tHLFB2Uz1yg3cyEpTN4KTSWhiGpKxXPJ8HX3hat,109839.27,42584.95,134942.54,452711.74,1,7,8,1,2,400,20000
277,So11111111111111111111111111111111111111112-AHdVQs56QpEEkRx6m8yiYYEiqM2sKjQxVd6mGH12pump,WSOL-FatCat,WSOL,So11111111111111111111111111111111111111112,FatCat,AHdVQs56QpEEkRx6m8yiYYEiqM2sKjQxVd6mGH12pump,481121.74,42520.32,133159.23,335272.1,3,0,3,1,2,400,20000
278,9EYScpiysGnEimnQPzazr7Jn9GVfxFYzgTEj85hV9L6U-So11111111111111111111111111111111111111112,tooker-WSOL,tooker,9EYScpiysGnEimnQPzazr7Jn9GVfxFYzgTEj85hV9L6U,WSOL,So11111111111111111111111111111111111111112,204609.72,42475.75,140316.57,361189.11,3,0,3,1,2,400,20000
279,So11111111111111111111111111111111111111112-5DQSDg6SGkbsbykq4mQstpcL4d5raEHc6rY7LgBwpump,WSOL-lou,WSOL,So11111111111111111111111111111111111111112,lou,5DQSDg6SGkbsbykq4mQstpcL4d5raEHc6rY7LgBwpump,303105.49,42226.23,109191.09,602819.9,1,12,13,1,2,400,20000
280,8WzDFPNjUSV7ZPpNiqKY8NcWH9J4tDSgSeifp6Kboop-So11111111111111111111111111111111111111112,Toshi-WSOL,Toshi,8WzDFPNjUSV7ZPpNiqKY8NcWH9J4tDSgSeifp6Kboop,WSOL,So11111111111111111111111111111111111111112,74250.32,42197.11,671727.29,5278973.76,3,0,3,1,2,400,20000
281,So11111111111111111111111111111111111111112-9sbrLLnk4vxJajnZWXP9h5qk1NDFw7dz2eHjgemcpump,WSOL-Beenz,WSOL,So11111111111111111111111111111111111111112,Beenz,9sbrLLnk4vxJajnZWXP9h5qk1NDFw7dz2eHjgemcpump,216011.27,41942.55,150481.51,1646705.16,2,8,10,1,2,400,20000
282,So11111111111111111111111111111111111111112-7iagMTDPfNSR5zVcERT1To7A9eaQoz58dJAh42EMHcCC,WSOL-YAKUB,WSOL,So11111111111111111111111111111111111111112,YAKUB,7iagMTDPfNSR5zVcERT1To7A9eaQoz58dJAh42EMHcCC,215368.4,41472.05,228452.19,470808.28,2,0,2,1,2,400,20000
283,So11111111111111111111111111111111111111112-788ucb6esrNwVxHzcpKjSakXvJWe2Ygw3QtHVwrUpump,WSOL-Canada,WSOL,So11111111111111111111111111111111111111112,Canada,788ucb6esrNwVxHzcpKjSakXvJWe2Ygw3QtHVwrUpump,29852.02,41383.93,130472.76,229295.46,2,3,5,1,2,400,20000
284,65nTNuJGHme4PQvKQyJykKp1bJAkK4A8Q66sd2yBWugf-So11111111111111111111111111111111111111112,RBT-WSOL,RBT,65nTNuJGHme4PQvKQyJykKp1bJAkK4A8Q66sd2yBWugf,WSOL,So11111111111111111111111111111111111111112,428499.81,41349.52,202150.96,1020093.04,2,0,2,1,2,400,20000
285,So11111111111111111111111111111111111111112-8WnQQRbuEZ3CCDbH5MCVioBbw6o75NKANq9WdPhBDsWo,WSOL-coby,WSOL,So11111111111111111111111111111111111111112,coby,8WnQQRbuEZ3CCDbH5MCVioBbw6o75NKANq9WdPhBDsWo,159317.36,41156.03,78869.74,195149.04,2,13,15,1,2,400,20000
286,So11111111111111111111111111111111111111112-7UN8WkBumTUCofVPXCPjNWQ6msQhzrg9tFQRP48Nmw5V,WSOL-xencat,WSOL,So11111111111111111111111111111111111111112,xencat,7UN8WkBumTUCofVPXCPjNWQ6msQhzrg9tFQRP48Nmw5V,230435.4,40304.6,249141.8,495388.24,2,0,2,1,2,400,20000
287,So11111111111111111111111111111111111111112-8BtoThi2ZoXnF7QQK1Wjmh2JuBw9FjVvhnGMVZ2vpump,WSOL-DARK,WSOL,So11111111111111111111111111111111111111112,DARK,8BtoThi2ZoXnF7QQK1Wjmh2JuBw9FjVvhnGMVZ2vpump,21642.32,40078.48,138701.9,3404381.17,2,13,15,1,2,400,20000
288,BEyp5W9oQosUDD2hPt2Qeg6fuAkNUbnvR6ZJhD8Ybonk-So11111111111111111111111111111111111111112,BONKBOY-WSOL,BONKBOY,BEyp5W9oQosUDD2hPt2Qeg6fuAkNUbnvR6ZJhD8Ybonk,WSOL,So11111111111111111111111111111111111111112,26618.91,38248.57,350004.57,1858837.35,2,0,2,1,2,400,20000
289,ULwSJmmpxmnRfpu6BjnK6rprKXqD5jXUmPpS1FxHXFy-So11111111111111111111111111111111111111112,HEGE-WSOL,HEGE,ULwSJmmpxmnRfpu6BjnK6rprKXqD5jXUmPpS1FxHXFy,WSOL,So11111111111111111111111111111111111111112,1004068.98,37973.31,532627.68,1713650.31,2,6,8,1,2,400,20000
290,So11111111111111111111111111111111111111112-AshG5mHt4y4etsjhKFb2wA2rq1XZxKks1EPzcuXwpump,WSOL-Fullsend,WSOL,So11111111111111111111111111111111111111112,Fullsend,AshG5mHt4y4etsjhKFb2wA2rq1XZxKks1EPzcuXwpump,337443.96,37497.56,187410.77,556400.31,1,13,14,1,2,400,20000
291,GJgHsc1HU4ibmzW6oWQr8L2RRT95ATc1BoNuLkp94AwU-So11111111111111111111111111111111111111112,WBS-WSOL,WBS,GJgHsc1HU4ibmzW6oWQr8L2RRT95ATc1BoNuLkp94AwU,WSOL,So11111111111111111111111111111111111111112,336528.89,37389.29,190090.4,1010916.36,2,0,2,1,2,400,20000
292,Av6qVigkb7USQyPXJkUvAEm4f599WTRvd75PUWBA9eNm-So11111111111111111111111111111111111111112,COST-WSOL,COST,Av6qVigkb7USQyPXJkUvAEm4f599WTRvd75PUWBA9eNm,WSOL,So11111111111111111111111111111111111111112,251644.58,37188.87,242388.99,458824.56,2,0,2,1,2,400,20000
293,So11111111111111111111111111111111111111112-7JA5eZdCzztSfQbJvS8aVVxMFfd81Rs9VvwnocV1mKHu,WSOL-GEOD,WSOL,So11111111111111111111111111111111111111112,GEOD,7JA5eZdCzztSfQbJvS8aVVxMFfd81Rs9VvwnocV1mKHu,218279.23,37143.22,178270.38,780261.5,1,3,4,1,2,400,20000
294,So11111111111111111111111111111111111111112-FrkF4GNdqKZLuzWXTk1imqMJRGK9uxCRE3PaBKZbpump,WSOL-DRIP,WSOL,So11111111111111111111111111111111111111112,DRIP,FrkF4GNdqKZLuzWXTk1imqMJRGK9uxCRE3PaBKZbpump,138783.32,37141.29,331855.63,3508045.92,2,0,2,1,2,400,20000
295,So11111111111111111111111111111111111111112-3MyaQBG7y3SHLQZa282Jh2xtB2TZKHGzNp1CuZ4Cpump,WSOL-Qude,WSOL,So11111111111111111111111111111111111111112,Qude,3MyaQBG7y3SHLQZa282Jh2xtB2TZKHGzNp1CuZ4Cpump,219706.62,36940.62,224140.86,1352231.47,3,8,11,1,2,400,20000
296,CQSPU12VppGZB7LeRkEaKzrRBzvo1LyA9mR2ydiwKHaL-So11111111111111111111111111111111111111112,YE-WSOL,YE,CQSPU12VppGZB7LeRkEaKzrRBzvo1LyA9mR2ydiwKHaL,WSOL,So11111111111111111111111111111111111111112,172838.43,36550.29,247945.63,627607.86,1,7,8,1,2,400,20000
297,So11111111111111111111111111111111111111112-DvjbEsdca43oQcw2h3HW1CT7N3x5vRcr3QrvTUHnXvgV,WSOL-DOOD,WSOL,So11111111111111111111111111111111111111112,DOOD,DvjbEsdca43oQcw2h3HW1CT7N3x5vRcr3QrvTUHnXvgV,26841.57,36219.22,978321.4,978321.4,4,17,21,1,2,400,20000
298,So11111111111111111111111111111111111111112-3MadWqcN9cSrULn8ikDnan9mF3znoQmBPXtVy6BfSTDB,WSOL-GrokCoin,WSOL,So11111111111111111111111111111111111111112,GrokCoin,3MadWqcN9cSrULn8ikDnan9mF3znoQmBPXtVy6BfSTDB,182346.42,35797.3,215277.56,2426404.87,1,14,15,1,2,400,20000
299,So11111111111111111111111111111111111111112-8TbsZ3yH1mBHytVpmMn4qED2UeF3FgWUVt1pd5RBpump,WSOL-CUR,WSOL,So11111111111111111111111111111111111111112,CUR,8TbsZ3yH1mBHytVpmMn4qED2UeF3FgWUVt1pd5RBpump,74143.01,35676.65,85693.04,126069.95,1,4,5,1,2,400,20000
300,So11111111111111111111111111111111111111112-BkVeSP2GsXV3AYoRJBSZTpFE8sXmcuGnRQcFgoWspump,WSOL-autism,WSOL,So11111111111111111111111111111111111111112,autism,BkVeSP2GsXV3AYoRJBSZTpFE8sXmcuGnRQcFgoWspump,198182.03,35671.08,100791.88,310467.19,2,6,8,1,2,400,20000
301,So11111111111111111111111111111111111111112-GhBPHgnNF99EThYxt4bxUfPX1hCPyAS72RCBgLjLpump,WSOL-ARIA,WSOL,So11111111111111111111111111111111111111112,ARIA,GhBPHgnNF99EThYxt4bxUfPX1hCPyAS72RCBgLjLpump,196245.39,35040.47,180049.32,897711.74,1,2,3,1,2,400,20000
302,So11111111111111111111111111111111111111112-EmhVWGUa2Q9PN4QjzFjvuVyzFKg4s3ERwjKR9dQDpump,WSOL-DTF,WSOL,So11111111111111111111111111111111111111112,DTF,EmhVWGUa2Q9PN4QjzFjvuVyzFKg4s3ERwjKR9dQDpump,222418.41,34884.3,90968.18,792913.52,2,4,6,1,2,400,20000
303,So11111111111111111111111111111111111111112-GxdTh6udNstGmLLk9ztBb6bkrms7oLbrJp5yzUaVpump,WSOL-scihub,WSOL,So11111111111111111111111111111111111111112,scihub,GxdTh6udNstGmLLk9ztBb6bkrms7oLbrJp5yzUaVpump,285910.35,34612.02,165497.56,759608.1,2,8,10,1,2,400,20000
304,So11111111111111111111111111111111111111112-4BBjpGwLgGmUxtT82YFK9xMhcvyy3zgf3HpxTRip1YoU,WSOL-Mundi,WSOL,So11111111111111111111111111111111111111112,Mundi,4BBjpGwLgGmUxtT82YFK9xMhcvyy3zgf3HpxTRip1YoU,357029.75,34077.75,111846.01,1984844.7,2,4,6,1,2,400,20000
305,So11111111111111111111111111111111111111112-AUdUEc98MGfEHJiJfCgMaW8gKdcfNDio8BFzGKBwjztC,WSOL-Digi,WSOL,So11111111111111111111111111111111111111112,Digi,AUdUEc98MGfEHJiJfCgMaW8gKdcfNDio8BFzGKBwjztC,209402.96,33431.54,213017.24,1255855.59,2,10,12,1,2,400,20000
306,So11111111111111111111111111111111111111112-7M9KJcPNC65ShLDmJmTNhVFcuY95Y1VMeYngKgt67D1t,WSOL-r/snoofi,WSOL,So11111111111111111111111111111111111111112,r/snoofi,7M9KJcPNC65ShLDmJmTNhVFcuY95Y1VMeYngKgt67D1t,210881.47,32949.51,123531.08,290064.41,2,15,17,1,2,400,20000
307,So11111111111111111111111111111111111111112-GwKKPsJdY5oWMJ8RReWLcvb82KzW6FKy2bKoYW7kHr16,WSOL-LLD,WSOL,So11111111111111111111111111111111111111112,LLD,GwKKPsJdY5oWMJ8RReWLcvb82KzW6FKy2bKoYW7kHr16,529249.51,32605.16,75338.07,641394.65,4,0,4,1,2,400,20000
308,So11111111111111111111111111111111111111112-7oBYdEhV4GkXC19ZfgAvXpJWp2Rn9pm1Bx2cVNxFpump,WSOL-CAR,WSOL,So11111111111111111111111111111111111111112,CAR,7oBYdEhV4GkXC19ZfgAvXpJWp2Rn9pm1Bx2cVNxFpump,847520.54,32331.44,136211.42,1531987.45,3,25,28,1,2,400,20000
309,So11111111111111111111111111111111111111112-5XUUN5z1yBPEwoLztu4qMenmFe6GQnZptBFsnFnEpump,WSOL-WAVE,WSOL,So11111111111111111111111111111111111111112,WAVE,5XUUN5z1yBPEwoLztu4qMenmFe6GQnZptBFsnFnEpump,164355.11,31882.16,124600.05,732209.19,2,10,12,1,2,400,20000
310,So11111111111111111111111111111111111111112-4AdDFsG1xzz1L7zKGo2fbiqv256Z92u8uCcJCgYuTBLo,WSOL-TJRM,WSOL,So11111111111111111111111111111111111111112,TJRM,4AdDFsG1xzz1L7zKGo2fbiqv256Z92u8uCcJCgYuTBLo,171261.57,31224.91,281494.29,665226.2,4,0,4,1,2,400,20000
311,So11111111111111111111111111111111111111112-AaWVpk6eZbgBfVbq1UfXw3EXBmAvw4QXov1xHuG7pump,WSOL-TrenchAI,WSOL,So11111111111111111111111111111111111111112,TrenchAI,AaWVpk6eZbgBfVbq1UfXw3EXBmAvw4QXov1xHuG7pump,161401.5,31008.32,195707.6,654346.58,2,14,16,1,2,400,20000
312,So11111111111111111111111111111111111111112-5SRer48NRfmhsut1n4ZwSAVUJAErNjdKcXTMVaxdpump,WSOL-GARY,WSOL,So11111111111111111111111111111111111111112,GARY,5SRer48NRfmhsut1n4ZwSAVUJAErNjdKcXTMVaxdpump,192772.61,30697.11,401063.28,1465881.52,1,2,3,1,2,400,20000
313,So11111111111111111111111111111111111111112-3an8rhdepsLCya22af7qDBKPbdomw8K4iCHXaA2Gpump,WSOL-Quant,WSOL,So11111111111111111111111111111111111111112,Quant,3an8rhdepsLCya22af7qDBKPbdomw8K4iCHXaA2Gpump,388527.82,30330.96,147391.68,694884.52,2,11,13,1,2,400,20000
314,7fb49Wrtx5xksfzGxsa8Y1zV1CCyeimmysGYKkirzCUm-EPjFWdd5AufqSSqeM2qN1xzybapC8G4wEGGkZwyTDt1v,DAILYBET-USDC,DAILYBET,7fb49Wrtx5xksfzGxsa8Y1zV1CCyeimmysGYKkirzCUm,USDC,EPjFWdd5AufqSSqeM2qN1xzybapC8G4wEGGkZwyTDt1v,221355.76,29487.98,148084.28,999729.51,2,0,2,1,2,400,20000
315,So11111111111111111111111111111111111111112-6QSVGUEyBZWRshnXKhS96NQ97vGWiTu61SyHLAbYpump,WSOL-KACY,WSOL,So11111111111111111111111111111111111111112,KACY,6QSVGUEyBZWRshnXKhS96NQ97vGWiTu61SyHLAbYpump,189693.05,29085.97,65790.69,292272.54,2,16,18,1,2,400,20000
316,So11111111111111111111111111111111111111112-EWWDzCwq4UYW3ERTXbdgd6X6sdkKHFMJqRz1ZiFcpump,WSOL-FATHA,WSOL,So11111111111111111111111111111111111111112,FATHA,EWWDzCwq4UYW3ERTXbdgd6X6sdkKHFMJqRz1ZiFcpump,241473.49,28706.02,76189.56,412500.73,3,15,18,1,2,400,20000
317,So11111111111111111111111111111111111111112-62CsquahdQ3J286G9UTqV6whxryfihdV4yg7kSJnpump,WSOL-BGG1,WSOL,So11111111111111111111111111111111111111112,BGG1,62CsquahdQ3J286G9UTqV6whxryfihdV4yg7kSJnpump,250638.02,28561.11,120100.49,410101.53,1,10,11,1,2,400,20000
318,So11111111111111111111111111111111111111112-8bdhP1UQMevciC9oJ7NrvgDfoW8XPXPfbkkm6vKtMS7N,WSOL-SPORE,WSOL,So11111111111111111111111111111111111111112,SPORE,8bdhP1UQMevciC9oJ7NrvgDfoW8XPXPfbkkm6vKtMS7N,242513.69,27786.55,80514.63,423858.15,2,7,9,1,2,400,20000
319,So11111111111111111111111111111111111111112-6TcoT3vcexjsMuuLvS9DhBUrVVcoqBMHEppQGQLMpump,WSOL-BNTY,WSOL,So11111111111111111111111111111111111111112,BNTY,6TcoT3vcexjsMuuLvS9DhBUrVVcoqBMHEppQGQLMpump,195699.44,27754.78,170572.17,918362.48,1,6,7,1,2,400,20000
320,poLisWXnNRwC6oBu1vHiuKQzFjGL4XDSu4g9qjz9qVk-EPjFWdd5AufqSSqeM2qN1xzybapC8G4wEGGkZwyTDt1v,POLIS-USDC,POLIS,poLisWXnNRwC6oBu1vHiuKQzFjGL4XDSu4g9qjz9qVk,USDC,EPjFWdd5AufqSSqeM2qN1xzybapC8G4wEGGkZwyTDt1v,54766.73,27662.31,142073.58,363424.31,1,2,3,1,2,400,20000
321,HfMbPyDdZH6QMaDDUokjYCkHxzjoGBMpgaUvpLWGbF5p-So11111111111111111111111111111111111111112,PBTC-WSOL,PBTC,HfMbPyDdZH6QMaDDUokjYCkHxzjoGBMpgaUvpLWGbF5p,WSOL,So11111111111111111111111111111111111111112,287359.33,27342.39,184168.89,863858.67,2,10,12,1,2,400,20000
322,So11111111111111111111111111111111111111112-BkYAUVMar1gLwuFLv2n5cmB6HhcNtvd86kU3gqAypump,WSOL-Elon4AfD,WSOL,So11111111111111111111111111111111111111112,Elon4AfD,BkYAUVMar1gLwuFLv2n5cmB6HhcNtvd86kU3gqAypump,639278.94,27316.51,272408.32,1871298.24,2,0,2,1,2,400,20000
323,So11111111111111111111111111111111111111112-Bw5K8eZaf361uDLHgX2UUn1PNfC7XtgQVvY9sSappump,WSOL-MANA,WSOL,So11111111111111111111111111111111111111112,MANA,Bw5K8eZaf361uDLHgX2UUn1PNfC7XtgQVvY9sSappump,176782.5,27230.38,92037.44,542626.52,2,11,13,1,2,400,20000
324,So11111111111111111111111111111111111111112-FAFxVxnkzZHMCodkWyoccgUNgVScqMw2mhhQBYDFjFAF,WSOL-FAF,WSOL,So11111111111111111111111111111111111111112,FAF,FAFxVxnkzZHMCodkWyoccgUNgVScqMw2mhhQBYDFjFAF,227886.78,27140.13,107915.35,1476280.58,1,2,3,1,2,400,20000
325,So11111111111111111111111111111111111111112-XANDuUoVoUqniKkpcKhrxmvYJybpJvUxJLr21Gaj3Hx,WSOL-XAND,WSOL,So11111111111111111111111111111111111111112,XAND,XANDuUoVoUqniKkpcKhrxmvYJybpJvUxJLr21Gaj3Hx,252757.83,26297.5,148547.09,293225.01,3,0,3,1,2,400,20000
326,So11111111111111111111111111111111111111112-3t4yhNHfy5jZ9skJw9ZMRHvLJw1WUPouJ4TSxatTpump,WSOL-N2,WSOL,So11111111111111111111111111111111111111112,N2,3t4yhNHfy5jZ9skJw9ZMRHvLJw1WUPouJ4TSxatTpump,128305.17,25591.37,104723.05,264965.12,1,5,6,1,2,400,20000
327,So11111111111111111111111111111111111111112-5ZMUboLJUeneKouqrqu4jeLE68vX68ehE5qprV3Upump,WSOL-TIRED,WSOL,So11111111111111111111111111111111111111112,TIRED,5ZMUboLJUeneKouqrqu4jeLE68vX68ehE5qprV3Upump,174894.68,25547.44,212463.23,964076.11,2,0,2,1,2,400,20000
328,So11111111111111111111111111111111111111112-HW7D5MyYG4Dz2C98axfjVBeLWpsEnofrqy6ZUwqwpump,WSOL-VIRAL,WSOL,So11111111111111111111111111111111111111112,VIRAL,HW7D5MyYG4Dz2C98axfjVBeLWpsEnofrqy6ZUwqwpump,81486.44,25139.37,2285396.57,7498583.44,2,7,9,1,2,400,20000
329,So11111111111111111111111111111111111111112-44uPypuyR3TSzfvXeKEcKfrBkc9oFeGeX5o92Nyapump,WSOL-CCC,WSOL,So11111111111111111111111111111111111111112,CCC,44uPypuyR3TSzfvXeKEcKfrBkc9oFeGeX5o92Nyapump,97483.17,25077.05,101969.29,220193.08,2,0,2,1,2,400,20000
330,So11111111111111111111111111111111111111112-FLqmVrv6cp7icjobpRMQJMEyjF3kF84QmC4HXpySpump,WSOL-BUCK,WSOL,So11111111111111111111111111111111111111112,BUCK,FLqmVrv6cp7icjobpRMQJMEyjF3kF84QmC4HXpySpump,405043.23,24937.35,129281.42,712405.86,2,0,2,1,2,400,20000
331,So11111111111111111111111111111111111111112-J2bUGZDxRDpsVfjZqKwn6yYCUKFmqzHgt8UajhGtpump,WSOL-∅,WSOL,So11111111111111111111111111111111111111112,∅,J2bUGZDxRDpsVfjZqKwn6yYCUKFmqzHgt8UajhGtpump,76668.86,24736.78,121855.79,694483.64,1,10,11,1,2,400,20000
332,hntyVP6YFm1Hg25TN9WGLqM12b8TQmcknKrdu1oxWux-EPjFWdd5AufqSSqeM2qN1xzybapC8G4wEGGkZwyTDt1v,HNT-USDC,HNT,hntyVP6YFm1Hg25TN9WGLqM12b8TQmcknKrdu1oxWux,USDC,EPjFWdd5AufqSSqeM2qN1xzybapC8G4wEGGkZwyTDt1v,48520.98,24703.46,123700.99,716556.45,1,2,3,1,2,400,20000
333,FYa25XnBsXQXAdTnsyKBKd5gZ1VZhChBRF57CqfRxJZX-So11111111111111111111111111111111111111112,monk-WSOL,monk,FYa25XnBsXQXAdTnsyKBKd5gZ1VZhChBRF57CqfRxJZX,WSOL,So11111111111111111111111111111111111111112,238907.2,24574.97,213482.69,354031.85,2,6,8,1,2,400,20000
334,So11111111111111111111111111111111111111112-CXPLyc3EX8WySgEXLbjhuA7vy8EKQokVJYQuJm2jpump,WSOL-SENTAI,WSOL,So11111111111111111111111111111111111111112,SENTAI,CXPLyc3EX8WySgEXLbjhuA7vy8EKQokVJYQuJm2jpump,142823.59,24479.67,154002.55,369888.13,2,0,2,1,2,400,20000
335,49ztDWXk7qEfz8Y1t8owmhLhewiA3ptVNPpRGAjRd8Wh-So11111111111111111111111111111111111111112,NYAN-WSOL,NYAN,49ztDWXk7qEfz8Y1t8owmhLhewiA3ptVNPpRGAjRd8Wh,WSOL,So11111111111111111111111111111111111111112,103600.27,23750.24,116263.78,508628.85,2,5,7,1,2,400,20000
336,So11111111111111111111111111111111111111112-3vJenGaGsuKG5shPhi7rjnuy3MV6xjmBTGjYqYzXpump,WSOL-RAT,WSOL,So11111111111111111111111111111111111111112,RAT,3vJenGaGsuKG5shPhi7rjnuy3MV6xjmBTGjYqYzXpump,146728.43,23585.95,112209.77,199003.92,2,0,2,1,2,400,20000
337,METAewgxyPbgwsseH8T16a39CQ5VyVxZi9zXiDPY18m-EPjFWdd5AufqSSqeM2qN1xzybapC8G4wEGGkZwyTDt1v,MPLX-USDC,MPLX,METAewgxyPbgwsseH8T16a39CQ5VyVxZi9zXiDPY18m,USDC,EPjFWdd5AufqSSqeM2qN1xzybapC8G4wEGGkZwyTDt1v,193011.44,23457.87,103083.86,256522.48,2,3,5,1,2,400,20000
338,So11111111111111111111111111111111111111112-4ELGifwr2jHtEaFZUXXvQLAYiE6W5bvpWYZbJTRSpump,WSOL-TTG,WSOL,So11111111111111111111111111111111111111112,TTG,4ELGifwr2jHtEaFZUXXvQLAYiE6W5bvpWYZbJTRSpump,177494.03,22065.53,131724.78,828813.01,2,5,7,1,2,400,20000
339,E2BGnzHdJNUBtAVR7EyQMuEMHqgv65JL8J9ZyqyXUVvA-So11111111111111111111111111111111111111112,CHINA-WSOL,CHINA,E2BGnzHdJNUBtAVR7EyQMuEMHqgv65JL8J9ZyqyXUVvA,WSOL,So11111111111111111111111111111111111111112,113060.34,22026.06,63005.71,243089.48,1,2,3,1,2,400,20000
340,So11111111111111111111111111111111111111112-J1ow1c3ExcJYQmgNFRPfCp1LMYRf6P3A33isDcBmpump,WSOL-ZODs,WSOL,So11111111111111111111111111111111111111112,ZODs,J1ow1c3ExcJYQmgNFRPfCp1LMYRf6P3A33isDcBmpump,201378.97,21842.47,126956.92,229910.75,1,6,7,1,2,400,20000
341,So11111111111111111111111111111111111111112-71AZt4P5kc5vpfTJR1HjNbMzD84G7vxam4DtL3kJpump,WSOL-blormmy,WSOL,So11111111111111111111111111111111111111112,blormmy,71AZt4P5kc5vpfTJR1HjNbMzD84G7vxam4DtL3kJpump,496082.93,21811.44,148576.15,886605.07,1,7,8,1,2,400,20000
342,So11111111111111111111111111111111111111112-GRFK7sv4KhkMzJ7BXDUBy4PLyZVBeXuW1FeaT6Mnpump,WSOL-RICH,WSOL,So11111111111111111111111111111111111111112,RICH,GRFK7sv4KhkMzJ7BXDUBy4PLyZVBeXuW1FeaT6Mnpump,114888.43,21797.56,72617.44,361345.4,1,7,8,1,2,400,20000
343,So11111111111111111111111111111111111111112-DWDnYfhVMnNBbWz4uEVvLVZLdYQoSuBosSU2vmHSpump,WSOL-BIOS,WSOL,So11111111111111111111111111111111111111112,BIOS,DWDnYfhVMnNBbWz4uEVvLVZLdYQoSuBosSU2vmHSpump,153796.75,21757.24,126389.2,856386.37,3,10,13,1,2,400,20000
344,So11111111111111111111111111111111111111112-7ZCm8WBN9aLa3o47SoYctU6iLdj7wkGG5SV2hE5CgtD5,WSOL-ELON,WSOL,So11111111111111111111111111111111111111112,ELON,7ZCm8WBN9aLa3o47SoYctU6iLdj7wkGG5SV2hE5CgtD5,186214.49,21702.92,143384.35,410607.9,2,0,2,1,2,400,20000
345,So11111111111111111111111111111111111111112-FZnSMd1hPu5MVgttmtfDZUPN5gcuexvrh3CB67UuQshb,WSOL-HELIA,WSOL,So11111111111111111111111111111111111111112,HELIA,FZnSMd1hPu5MVgttmtfDZUPN5gcuexvrh3CB67UuQshb,73848.17,21598.83,49359.21,270136.49,1,3,4,1,2,400,20000
346,So11111111111111111111111111111111111111112-ECY31gWwxy4s2VnMkYhmqDkrV75KrwR2yTtsnrnSpump,WSOL-BARRON,WSOL,So11111111111111111111111111111111111111112,BARRON,ECY31gWwxy4s2VnMkYhmqDkrV75KrwR2yTtsnrnSpump,442676.76,21448.96,114740.37,1337957.43,2,20,22,1,2,400,20000
347,So11111111111111111111111111111111111111112-G8Vy25NzjRmuQtnN35xF7j3X2Z1TrV39XijZu8Mg4w8n,WSOL-COOK,WSOL,So11111111111111111111111111111111111111112,COOK,G8Vy25NzjRmuQtnN35xF7j3X2Z1TrV39XijZu8Mg4w8n,154658.2,21361.05,110872.73,441013.51,2,0,2,1,2,400,20000
348,So11111111111111111111111111111111111111112-UCYaUNhgB2344N8Qpg4t712V9RHahcpTCejwXKspump,WSOL-mxyz,WSOL,So11111111111111111111111111111111111111112,mxyz,UCYaUNhgB2344N8Qpg4t712V9RHahcpTCejwXKspump,186484.44,21205.61,325765.85,2636170.77,1,9,10,1,2,400,20000
349,5e41GfrQwTP74LgGt6WP9kw6xa1jQhAERCjnFKf74y52-So11111111111111111111111111111111111111112,VHS -WSOL,VHS ,5e41GfrQwTP74LgGt6WP9kw6xa1jQhAERCjnFKf74y52,WSOL,So11111111111111111111111111111111111111112,126540.97,20843.6,62233.12,237224.46,1,9,10,1,2,400,20000
350,So11111111111111111111111111111111111111112-FMhxJLNmbw6UVKN3ANDKhFdgdEgqJiUEDnBgtDW4pump,WSOL-JASPER,WSOL,So11111111111111111111111111111111111111112,JASPER,FMhxJLNmbw6UVKN3ANDKhFdgdEgqJiUEDnBgtDW4pump,113911.69,20775.36,66450.73,123238.35,1,7,8,1,2,400,20000
351,So11111111111111111111111111111111111111112-7RDvypx3p9EWq4nZZKux1ZQAc7DUWXpHTVKxCCnupump,WSOL-KNOT,WSOL,So11111111111111111111111111111111111111112,KNOT,7RDvypx3p9EWq4nZZKux1ZQAc7DUWXpHTVKxCCnupump,186084.4,20561.04,245227.4,355754.47,2,0,2,1,2,400,20000
352,2YxixFk9sdoB9BPXpkeyW53fE3Kqo9U1mQ46S3z2bEYE-EPjFWdd5AufqSSqeM2qN1xzybapC8G4wEGGkZwyTDt1v,EYE-USDC,EYE,2YxixFk9sdoB9BPXpkeyW53fE3Kqo9U1mQ46S3z2bEYE,USDC,EPjFWdd5AufqSSqeM2qN1xzybapC8G4wEGGkZwyTDt1v,191083.53,20014.78,65149.14,289109.63,2,0,2,1,2,400,20000
353,So11111111111111111111111111111111111111112-on1ymEH2bpWnhkten2jibzDVhaxJ8RpyWYwS61aQ7M4,WSOL-ONLYBLINK,WSOL,So11111111111111111111111111111111111111112,ONLYBLINK,on1ymEH2bpWnhkten2jibzDVhaxJ8RpyWYwS61aQ7M4,86959.56,19752.81,26500.6,90332.8,1,9,10,1,2,400,20000
354,So11111111111111111111111111111111111111112-BjjvKX5k7gQoGRmvQAA5WMr7EkQ2cirGTSGxAznDpump,WSOL-EARL,WSOL,So11111111111111111111111111111111111111112,EARL,BjjvKX5k7gQoGRmvQAA5WMr7EkQ2cirGTSGxAznDpump,75285.93,19287.26,51894.52,213802.86,1,11,12,1,2,400,20000
355,So11111111111111111111111111111111111111112-8fZL148nnC168RAVCZh4PkjvMZmxMEfMLDhoziWVPnqf,WSOL-NiggaButt,WSOL,So11111111111111111111111111111111111111112,NiggaButt,8fZL148nnC168RAVCZh4PkjvMZmxMEfMLDhoziWVPnqf,242293.88,18958.29,147208.93,383951.54,2,0,2,1,2,400,20000
356,So11111111111111111111111111111111111111112-orcaEKTdK7LKz57vaAYr9QeNsVEPfiu6QeMU1kektZE,WSOL-ORCA,WSOL,So11111111111111111111111111111111111111112,ORCA,orcaEKTdK7LKz57vaAYr9QeNsVEPfiu6QeMU1kektZE,28538.71,18934.66,126153.86,541447.44,1,9,10,1,2,400,20000
357,So11111111111111111111111111111111111111112-CHVggq5Bu2UKLB1MQtLciDV3UKv5hwLkJwA14egApump,WSOL-momo,WSOL,So11111111111111111111111111111111111111112,momo,CHVggq5Bu2UKLB1MQtLciDV3UKv5hwLkJwA14egApump,79231.05,18324.44,35653.45,612904.97,1,5,6,1,2,400,20000
358,So11111111111111111111111111111111111111112-8CzPPqenpfRXvjE5DHfE3kMDgJhHwWZ1WXRzs44KsamW,WSOL-YAPSTER,WSOL,So11111111111111111111111111111111111111112,YAPSTER,8CzPPqenpfRXvjE5DHfE3kMDgJhHwWZ1WXRzs44KsamW,291111.07,17748.77,133863.73,1267817.76,2,3,5,1,2,400,20000
359,A6qrLQUcnWE8ZHgScmxhiTpMs4EmAkZd2PErHFwCq1ML-So11111111111111111111111111111111111111112,Deal-WSOL,Deal,A6qrLQUcnWE8ZHgScmxhiTpMs4EmAkZd2PErHFwCq1ML,WSOL,So11111111111111111111111111111111111111112,40153.13,16591.85,46266.36,46266.36,3,0,3,1,2,400,20000
360,7nFYpHyhDgzg3ioU2JFko5kaVwm6bjkL4MtbUiVAiYbJ-So11111111111111111111111111111111111111112,NET-WSOL,NET,7nFYpHyhDgzg3ioU2JFko5kaVwm6bjkL4MtbUiVAiYbJ,WSOL,So11111111111111111111111111111111111111112,41148.64,16575.53,25300.53,155859.0,2,0,2,1,2,400,20000
361,So11111111111111111111111111111111111111112-Em8WF6pg9FmKDy1dXkWhXxpgmfhj5Bes3ZCE8PCCJSHt,WSOL-SHRUB,WSOL,So11111111111111111111111111111111111111112,SHRUB,Em8WF6pg9FmKDy1dXkWhXxpgmfhj5Bes3ZCE8PCCJSHt,133653.51,16565.98,85790.1,214237.21,2,0,2,1,2,400,20000
362,So11111111111111111111111111111111111111112-8fJCtfbuAaFzdwTnQP84nNhSpZdVy4Uc929eXZRBN8H4,WSOL-PHRZ,WSOL,So11111111111111111111111111111111111111112,PHRZ,8fJCtfbuAaFzdwTnQP84nNhSpZdVy4Uc929eXZRBN8H4,1214585.53,16532.04,138522.9,843009.71,3,1,4,1,2,400,20000
363,So11111111111111111111111111111111111111112-A3vBwL3Pd6nkBqVo87D6TLWYG4ekWuDeqCoLFeyvRMcb,WSOL-SUMMIT,WSOL,So11111111111111111111111111111111111111112,SUMMIT,A3vBwL3Pd6nkBqVo87D6TLWYG4ekWuDeqCoLFeyvRMcb,157458.71,16294.33,117711.19,905317.83,2,0,2,1,2,400,20000
364,So11111111111111111111111111111111111111112-B4gipVUHKJ7keVN3MWEYDQCHjkdoXGsbmZoTSJDZpump,WSOL-RADIO ,WSOL,So11111111111111111111111111111111111111112,RADIO ,B4gipVUHKJ7keVN3MWEYDQCHjkdoXGsbmZoTSJDZpump,154670.25,16123.37,80711.68,342863.38,1,5,6,1,2,400,20000
365,So11111111111111111111111111111111111111112-Ep83qXdvJbofEgpPqphGRq4eMnpjBVUGPYz32QyrWaaC,WSOL-pondSOL,WSOL,So11111111111111111111111111111111111111112,pondSOL,Ep83qXdvJbofEgpPqphGRq4eMnpjBVUGPYz32QyrWaaC,25275.16,16094.21,78424.5,122555.02,2,3,5,1,2,400,20000
366,So11111111111111111111111111111111111111112-T1oYbAejEESrZLtSAjumAXhzFqZGNxQ4kVN9vPUoxMv,WSOL-$daumen,WSOL,So11111111111111111111111111111111111111112,$daumen,T1oYbAejEESrZLtSAjumAXhzFqZGNxQ4kVN9vPUoxMv,73036.37,15635.78,52606.94,79650.16,1,1,2,1,2,400,20000
367,So11111111111111111111111111111111111111112-2CsJHNyj74zK6Jaiq2UayPAXFEjmL5UKhpeLNaH45Fud,WSOL-GIZMO,WSOL,So11111111111111111111111111111111111111112,GIZMO,2CsJHNyj74zK6Jaiq2UayPAXFEjmL5UKhpeLNaH45Fud,136475.3,15546.81,24121.25,83722.41,2,0,2,1,2,400,20000
368,So11111111111111111111111111111111111111112-4ytpZgVoNB66bFs6NRCUaAVsLdtYk2fHq4U92Jnjpump,WSOL-BTW,WSOL,So11111111111111111111111111111111111111112,BTW,4ytpZgVoNB66bFs6NRCUaAVsLdtYk2fHq4U92Jnjpump,132121.61,15505.88,33494.76,160789.22,2,0,2,1,2,400,20000
369,So11111111111111111111111111111111111111112-2HHgCLfKA5Rd1Fn9xAxfYzS3XoR5NnuxKDYz2EmWpump,WSOL-SBR,WSOL,So11111111111111111111111111111111111111112,SBR,2HHgCLfKA5Rd1Fn9xAxfYzS3XoR5NnuxKDYz2EmWpump,170259.93,15274.2,152148.78,543794.97,1,11,12,1,2,400,20000
370,So11111111111111111111111111111111111111112-AbrMJWfDVRZ2EWCQ1xSCpoVeVgZNpq1U2AoYG98oRXfn,WSOL-Cheese,WSOL,So11111111111111111111111111111111111111112,Cheese,AbrMJWfDVRZ2EWCQ1xSCpoVeVgZNpq1U2AoYG98oRXfn,136576.21,15018.53,35683.22,175548.22,1,8,9,1,2,400,20000
371,So11111111111111111111111111111111111111112-HCq9orwso55TowciCZkD3Yb7c74iHYRGvQrubz4ppump,WSOL-SSEC,WSOL,So11111111111111111111111111111111111111112,SSEC,HCq9orwso55TowciCZkD3Yb7c74iHYRGvQrubz4ppump,60630.1,14844.06,19459.24,30855.72,2,0,2,1,2,400,20000
372,So11111111111111111111111111111111111111112-5Wd2ALxQfnpgQKCyH4WL9giBiiuuLuJs84CJxfQccvmN,WSOL-speed,WSOL,So11111111111111111111111111111111111111112,speed,5Wd2ALxQfnpgQKCyH4WL9giBiiuuLuJs84CJxfQccvmN,119764.88,14754.41,45804.42,107256.96,1,7,8,1,2,400,20000
373,BQQzEvYT4knThhkSPBvSKBLg1LEczisWLhx5ydJipump-EPjFWdd5AufqSSqeM2qN1xzybapC8G4wEGGkZwyTDt1v,Buckazoids-USDC,Buckazoids,BQQzEvYT4knThhkSPBvSKBLg1LEczisWLhx5ydJipump,USDC,EPjFWdd5AufqSSqeM2qN1xzybapC8G4wEGGkZwyTDt1v,26336.91,14704.38,52833.09,90968.07,2,4,6,1,2,400,20000
374,So11111111111111111111111111111111111111112-GFUgXbMeDnLkhZaJS3nYFqunqkFNMRo9ukhyajeXpump,WSOL-EVAN,WSOL,So11111111111111111111111111111111111111112,EVAN,GFUgXbMeDnLkhZaJS3nYFqunqkFNMRo9ukhyajeXpump,273260.54,13765.77,52560.83,618579.61,2,0,2,1,2,400,20000
375,So11111111111111111111111111111111111111112-Cg93SZJkHePybZqGDuyXLf5Ag5sB2cpWfHUG8wNPpump,WSOL-alpha,WSOL,So11111111111111111111111111111111111111112,alpha,Cg93SZJkHePybZqGDuyXLf5Ag5sB2cpWfHUG8wNPpump,126593.61,13744.18,49836.5,382722.15,1,8,9,1,2,400,20000
376,So11111111111111111111111111111111111111112-BDW8YHasD3NSDjSHU9Xy6KXtshGayMGQfj5bJpLcpump,WSOL-HTERM,WSOL,So11111111111111111111111111111111111111112,HTERM,BDW8YHasD3NSDjSHU9Xy6KXtshGayMGQfj5bJpLcpump,93094.57,13514.41,93862.41,415568.14,1,12,13,1,2,400,20000
377,So11111111111111111111111111111111111111112-F8tDt7QRAYicWQPK5LTh8kZR4zKJPdTiEq5dwCcVpump,WSOL-SENSUS,WSOL,So11111111111111111111111111111111111111112,SENSUS,F8tDt7QRAYicWQPK5LTh8kZR4zKJPdTiEq5dwCcVpump,121128.19,13511.65,77686.61,212139.44,1,2,3,1,2,400,20000
378,DeaKMzAeZja3Mh5okZE6WUvygLP3Lfuvm6Rg78HqXTz9-So11111111111111111111111111111111111111112,SOLNIC-WSOL,SOLNIC,DeaKMzAeZja3Mh5okZE6WUvygLP3Lfuvm6Rg78HqXTz9,WSOL,So11111111111111111111111111111111111111112,458463.31,12601.43,105847.66,451994.52,2,0,2,1,2,400,20000
379,So11111111111111111111111111111111111111112-2KchKijPuwnwC92LPWVjFjRwB3WxKtzx9bbXZ7kRpump,WSOL-FUKU,WSOL,So11111111111111111111111111111111111111112,FUKU,2KchKijPuwnwC92LPWVjFjRwB3WxKtzx9bbXZ7kRpump,121252.38,12515.22,93128.12,300187.18,2,10,12,1,2,400,20000
380,So11111111111111111111111111111111111111112-2q8Y8rubbsaaA3faq8Ytsk382JXgtKdn23qjNXhSpump,WSOL-ROSS,WSOL,So11111111111111111111111111111111111111112,ROSS,2q8Y8rubbsaaA3faq8Ytsk382JXgtKdn23qjNXhSpump,413436.54,12387.78,48956.05,300302.0,4,13,17,1,2,400,20000
381,So11111111111111111111111111111111111111112-6bn6rKWbTRAQwizwqEfcmpAtoAMnqzfG7F8DYMK5reYn,WSOL-WOJAK,WSOL,So11111111111111111111111111111111111111112,WOJAK,6bn6rKWbTRAQwizwqEfcmpAtoAMnqzfG7F8DYMK5reYn,26514.82,12264.82,42067.84,188619.21,2,0,2,1,2,400,20000
382,orairHM3Yw2PbTfCty1PXy7tEUx3uBMfjouNbm4KnRJ-So11111111111111111111111111111111111111112,JPOW-WSOL,JPOW,orairHM3Yw2PbTfCty1PXy7tEUx3uBMfjouNbm4KnRJ,WSOL,So11111111111111111111111111111111111111112,47668.16,12120.01,40464.65,127399.2,2,0,2,1,2,400,20000
383,So11111111111111111111111111111111111111112-76PsEyML7UV9uiBDWMdG3itRRuupDuRs6nNpjNBpump,WSOL-PPCOIN,WSOL,So11111111111111111111111111111111111111112,PPCOIN,76PsEyML7UV9uiBDWMdG3itRRuupDuRs6nNpjNBpump,124467.64,11925.43,69257.17,159458.72,1,6,7,1,2,400,20000
384,So11111111111111111111111111111111111111112-zi87E9xtFPRQ2o9qqerFxUDQLZgEkHrhpHDxxZhYi9a,WSOL-SUPA,WSOL,So11111111111111111111111111111111111111112,SUPA,zi87E9xtFPRQ2o9qqerFxUDQLZgEkHrhpHDxxZhYi9a,44198.57,11699.3,29082.53,187166.83,1,10,11,1,2,400,20000
385,So11111111111111111111111111111111111111112-7uJrMsDN2Wxdc3VAq1iK9N5AHaTA7wUpbm1wqRonpump,WSOL-BETH,WSOL,So11111111111111111111111111111111111111112,BETH,7uJrMsDN2Wxdc3VAq1iK9N5AHaTA7wUpbm1wqRonpump,77928.5,11292.3,79235.58,255652.72,3,0,3,1,2,400,20000
386,So11111111111111111111111111111111111111112-APoM2sXUzdRHTkUjXSsdUheX1wPPdP4HFLotmtRNMU8P,WSOL-rot,WSOL,So11111111111111111111111111111111111111112,rot,APoM2sXUzdRHTkUjXSsdUheX1wPPdP4HFLotmtRNMU8P,97759.8,11110.42,29830.58,94958.36,1,7,8,1,2,400,20000
387,Fm9rHUTF5v3hwMLbStjZXqNBBoZyGriQaFM6sTFz3K8A-EPjFWdd5AufqSSqeM2qN1xzybapC8G4wEGGkZwyTDt1v,MBS-USDC,MBS,Fm9rHUTF5v3hwMLbStjZXqNBBoZyGriQaFM6sTFz3K8A,USDC,EPjFWdd5AufqSSqeM2qN1xzybapC8G4wEGGkZwyTDt1v,89765.25,10994.37,54550.44,233157.75,2,0,2,1,2,400,20000
388,WENWENvqqNya429ubCdR81ZmD69brwQaaBYY6p3LCpk-So11111111111111111111111111111111111111112,WEN-WSOL,WEN,WENWENvqqNya429ubCdR81ZmD69brwQaaBYY6p3LCpk,WSOL,So11111111111111111111111111111111111111112,22523.14,10911.74,62909.71,195321.56,3,21,24,1,2,400,20000
389,So11111111111111111111111111111111111111112-5UmDWgyLV1JBg8Jr8NwyezXdQkiU3vHGJu2efm7Cpump,WSOL-AGENCY,WSOL,So11111111111111111111111111111111111111112,AGENCY,5UmDWgyLV1JBg8Jr8NwyezXdQkiU3vHGJu2efm7Cpump,122446.59,10906.57,59077.19,196012.28,1,9,10,1,2,400,20000
390,A2khRbhRJNrAEHj95htivC4cR4VbJwfssDH5FPPbP4m9-So11111111111111111111111111111111111111112,duk-WSOL,duk,A2khRbhRJNrAEHj95htivC4cR4VbJwfssDH5FPPbP4m9,WSOL,So11111111111111111111111111111111111111112,70057.5,10860.29,21754.36,59394.29,1,6,7,1,2,400,20000
391,So11111111111111111111111111111111111111112-8J6CexwfJ8CSzn2DgWhzQe1NHd2hK9DKX59FCNNMo2hu,WSOL-MINIDOGE,WSOL,So11111111111111111111111111111111111111112,MINIDOGE,8J6CexwfJ8CSzn2DgWhzQe1NHd2hK9DKX59FCNNMo2hu,91729.97,10856.26,52735.63,222545.73,2,0,2,1,2,400,20000
392,So11111111111111111111111111111111111111112-8vCAUbxejdtaxn6jnX5uaQTyTZLmXALg9u1bvFCAjtx7,WSOL-ZACK,WSOL,So11111111111111111111111111111111111111112,ZACK,8vCAUbxejdtaxn6jnX5uaQTyTZLmXALg9u1bvFCAjtx7,205576.33,10771.63,25469.7,152230.22,2,0,2,1,2,400,20000
393,8c71AvjQeKKeWRe8jtTGG1bJ2WiYXQdbjqFbUfhHgSVk-EPjFWdd5AufqSSqeM2qN1xzybapC8G4wEGGkZwyTDt1v,$GARY-USDC,$GARY,8c71AvjQeKKeWRe8jtTGG1bJ2WiYXQdbjqFbUfhHgSVk,USDC,EPjFWdd5AufqSSqeM2qN1xzybapC8G4wEGGkZwyTDt1v,300145.24,10762.53,39103.22,77818.79,2,0,2,1,2,400,20000
394,So11111111111111111111111111111111111111112-H7VfCzzPJvnqfs1b8uA9uUuVjXiYfzAUDw5gmyV9pump,WSOL-$EXPERT,WSOL,So11111111111111111111111111111111111111112,$EXPERT,H7VfCzzPJvnqfs1b8uA9uUuVjXiYfzAUDw5gmyV9pump,172084.02,10686.65,70587.62,149819.38,2,0,2,1,2,400,20000
395,So11111111111111111111111111111111111111112-Gh8yeA9vH5Fun7J6esFH3mV65cQTBpxk9Z5XpzU7pump,WSOL-RHUN,WSOL,So11111111111111111111111111111111111111112,RHUN,Gh8yeA9vH5Fun7J6esFH3mV65cQTBpxk9Z5XpzU7pump,103736.62,10608.01,40409.32,161747.22,1,7,8,1,2,400,20000
396,So11111111111111111111111111111111111111112-F7Hwf8ib5DVCoiuyGr618Y3gon429Rnd1r5F9R5upump,WSOL-WORK,WSOL,So11111111111111111111111111111111111111112,WORK,F7Hwf8ib5DVCoiuyGr618Y3gon429Rnd1r5F9R5upump,118702.73,10567.14,54126.2,297482.57,1,11,12,1,2,400,20000
397,EPjFWdd5AufqSSqeM2qN1xzybapC8G4wEGGkZwyTDt1v-Hg8bKz4mvs8KNj9zew1cEF9tDw1x2GViB4RFZjVEmfrD,USDC-,USDC,EPjFWdd5AufqSSqeM2qN1xzybapC8G4wEGGkZwyTDt1v,,Hg8bKz4mvs8KNj9zew1cEF9tDw1x2GViB4RFZjVEmfrD,26329.85,10433.25,32751.98,38823.65,2,0,2,1,2,400,20000
398,So11111111111111111111111111111111111111112-7d5uLATMiAoRC1n9yNc7VCrhx44H6bjEzDx7Gxuhpump,WSOL-SSR,WSOL,So11111111111111111111111111111111111111112,SSR,7d5uLATMiAoRC1n9yNc7VCrhx44H6bjEzDx7Gxuhpump,115359.73,10429.14,62709.84,263166.88,3,0,3,1,2,400,20000
399,So11111111111111111111111111111111111111112-8xzoj8mVmXtBQm6d2euJGFPvQ2QsTV5R8cdexi2qpump,WSOL-MOE,WSOL,So11111111111111111111111111111111111111112,MOE,8xzoj8mVmXtBQm6d2euJGFPvQ2QsTV5R8cdexi2qpump,100246.22,10004.01,30279.72,165788.61,1,5,6,1,2,400,20000
400,So11111111111111111111111111111111111111112-5KHQeeQvM4qBtmX3WnaCMGpM3Th7jYpqcHf3c6qzPodM,WSOL-SMOL,WSOL,So11111111111111111111111111111111111111112,SMOL,5KHQeeQvM4qBtmX3WnaCMGpM3Th7jYpqcHf3c6qzPodM,109175.83,9337.95,14020.17,167302.0,2,0,2,1,2,400,20000
401,So11111111111111111111111111111111111111112-DriFtupJYLTosbwoN8koMbEYSx54aFAVLddWsbksjwg7,WSOL-DRIFT,WSOL,So11111111111111111111111111111111111111112,DRIFT,DriFtupJYLTosbwoN8koMbEYSx54aFAVLddWsbksjwg7,31891.78,9140.34,85196.39,252587.27,1,21,22,1,2,400,20000
402,So11111111111111111111111111111111111111112-9XS6ayT8aCaoH7tDmTgNyEXRLeVpgyHKtZk5xTXpump,WSOL-Mizuki,WSOL,So11111111111111111111111111111111111111112,Mizuki,9XS6ayT8aCaoH7tDmTgNyEXRLeVpgyHKtZk5xTXpump,101332.57,8928.53,30806.56,133422.6,1,11,12,1,2,400,20000
403,8c71AvjQeKKeWRe8jtTGG1bJ2WiYXQdbjqFbUfhHgSVk-So11111111111111111111111111111111111111112,$GARY-WSOL,$GARY,8c71AvjQeKKeWRe8jtTGG1bJ2WiYXQdbjqFbUfhHgSVk,WSOL,So11111111111111111111111111111111111111112,186329.95,8921.69,35273.51,88629.01,3,0,3,1,2,400,20000
404,So11111111111111111111111111111111111111112-9UNqoPEXXxEnEphmyYsZYdL5dnmAUtdiKRUchpnUF5Ph,WSOL-$WHISKEY,WSOL,So11111111111111111111111111111111111111112,$WHISKEY,9UNqoPEXXxEnEphmyYsZYdL5dnmAUtdiKRUchpnUF5Ph,319934.53,8886.04,47221.5,188195.23,2,0,2,1,2,400,20000
405,ENoD8J2J6wNHkcJkvVBkwq5JMiR1oNBfBZRkoHCQogyT-So11111111111111111111111111111111111111112,AABL-WSOL,AABL,ENoD8J2J6wNHkcJkvVBkwq5JMiR1oNBfBZRkoHCQogyT,WSOL,So11111111111111111111111111111111111111112,81880.63,8885.91,44033.39,161252.29,1,5,6,1,2,400,20000
406,So11111111111111111111111111111111111111112-3Rcc6tMyS7ZEa29dxV4g3J5StorS9J1dn98gd42pZTk1,WSOL-MIMANY,WSOL,So11111111111111111111111111111111111111112,MIMANY,3Rcc6tMyS7ZEa29dxV4g3J5StorS9J1dn98gd42pZTk1,135004.99,8355.7,60433.48,219368.53,2,7,9,1,2,400,20000
407,So11111111111111111111111111111111111111112-UbESBaztbkxJRWxPcfDeK8Fft15igTbrv3sed1bsegM,WSOL-GCATS,WSOL,So11111111111111111111111111111111111111112,GCATS,UbESBaztbkxJRWxPcfDeK8Fft15igTbrv3sed1bsegM,68955.6,8336.18,210781.98,17921915.82,1,7,8,1,2,400,20000
408,So11111111111111111111111111111111111111112-9dLuVbJMd4ZpTpFgmaFHAGSsFwVjtcnzFWaLAA1expHg,WSOL-HEEHEE,WSOL,So11111111111111111111111111111111111111112,HEEHEE,9dLuVbJMd4ZpTpFgmaFHAGSsFwVjtcnzFWaLAA1expHg,234388.94,7992.82,48603.25,217409.04,3,0,3,1,2,400,20000
409,So11111111111111111111111111111111111111112-e8NFqLCMJBfDTUUARoniADgQtSEFmZNBksPxYzepump,WSOL-gooch coin,WSOL,So11111111111111111111111111111111111111112,gooch coin,e8NFqLCMJBfDTUUARoniADgQtSEFmZNBksPxYzepump,70396.32,7978.95,61692.19,1004042.81,3,14,17,1,2,400,20000
410,So11111111111111111111111111111111111111112-HELn8rSM1rp8vAjNH4NYXzX6FvCbwWMGqLfaMgiBnZFV,WSOL-RIO,WSOL,So11111111111111111111111111111111111111112,RIO,HELn8rSM1rp8vAjNH4NYXzX6FvCbwWMGqLfaMgiBnZFV,201690.24,7682.81,88028.21,393738.41,2,0,2,1,2,400,20000
411,EJPtJEDogxzDbvM8qvAsqYbLmPj5n1vQeqoAzj9Yfv3q-So11111111111111111111111111111111111111112,-WSOL,,EJPtJEDogxzDbvM8qvAsqYbLmPj5n1vQeqoAzj9Yfv3q,WSOL,So11111111111111111111111111111111111111112,49816.72,7626.79,53430.91,194272.68,2,3,5,1,2,400,20000
412,So11111111111111111111111111111111111111112-8PVFdKx7fX1FmmoASfTu5CUPEWuD1WY73Z24UTgCpump,WSOL-MPUP,WSOL,So11111111111111111111111111111111111111112,MPUP,8PVFdKx7fX1FmmoASfTu5CUPEWuD1WY73Z24UTgCpump,97059.54,7479.83,39480.4,84728.88,1,3,4,1,2,400,20000
413,So11111111111111111111111111111111111111112-5AnPDx9GposBi9jSW2dFfE5QQD3FmXbudoquMNDxpump,WSOL-DOLLAR,WSOL,So11111111111111111111111111111111111111112,DOLLAR,5AnPDx9GposBi9jSW2dFfE5QQD3FmXbudoquMNDxpump,85938.84,7418.99,21200.11,131488.94,1,6,7,1,2,400,20000
414,So11111111111111111111111111111111111111112-8vSwZHKP5WJ8ov6awAntB31Kuyh6NYVwi3qmyZsiivRE,WSOL-SNP500,WSOL,So11111111111111111111111111111111111111112,SNP500,8vSwZHKP5WJ8ov6awAntB31Kuyh6NYVwi3qmyZsiivRE,66051.65,7300.83,51539.41,926368.89,2,0,2,1,2,400,20000
415,So11111111111111111111111111111111111111112-AKzAhPPLMH5NG35kGbgkwtrTLeGyVrfCtApjnvqAATcm,WSOL-OI,WSOL,So11111111111111111111111111111111111111112,OI,AKzAhPPLMH5NG35kGbgkwtrTLeGyVrfCtApjnvqAATcm,21019.75,7117.81,41695.15,122920.45,1,5,6,1,2,400,20000
416,So11111111111111111111111111111111111111112-AXGmqhcKcPC4bC7vNpxGtu5oEwoEEnyeQUdw9YwYWF1q,WSOL-URKO,WSOL,So11111111111111111111111111111111111111112,URKO,AXGmqhcKcPC4bC7vNpxGtu5oEwoEEnyeQUdw9YwYWF1q,51316.14,6887.74,29522.45,103095.23,3,0,3,1,2,400,20000
417,So11111111111111111111111111111111111111112-AuQaustGiaqxRvj2gtCdrd22PBzTn8kM3kEPEkZCtuDw,WSOL-ADX,WSOL,So11111111111111111111111111111111111111112,ADX,AuQaustGiaqxRvj2gtCdrd22PBzTn8kM3kEPEkZCtuDw,168816.17,6743.58,77338.12,546567.22,1,5,6,1,2,400,20000
418,So11111111111111111111111111111111111111112-DAMqxQRG5FKsnMNXEdBQMdTSiz86b5BziH4p6FS6pump,WSOL-brokie,WSOL,So11111111111111111111111111111111111111112,brokie,DAMqxQRG5FKsnMNXEdBQMdTSiz86b5BziH4p6FS6pump,71272.25,6677.1,21148.42,35525.28,2,0,2,1,2,400,20000
419,So11111111111111111111111111111111111111112-3fGoNjPohYRVPk9iJuwEW5WuURU5gmAdSRgNgeaanexQ,WSOL-KEYDOG,WSOL,So11111111111111111111111111111111111111112,KEYDOG,3fGoNjPohYRVPk9iJuwEW5WuURU5gmAdSRgNgeaanexQ,85052.17,6627.07,53878.6,80789.31,2,3,5,1,2,400,20000
420,So11111111111111111111111111111111111111112-HhUVkZ1qz8vfMqZDemLyxBFxrHFKVSYAk7a6227Lpump,WSOL-LI,WSOL,So11111111111111111111111111111111111111112,LI,HhUVkZ1qz8vfMqZDemLyxBFxrHFKVSYAk7a6227Lpump,281643.15,6612.88,25448.79,137508.43,2,0,2,1,2,400,20000
421,So11111111111111111111111111111111111111112-HaL8cPcEZgwLaCbwyf6aAPh7rhw7iHck22zFXSNjpump,WSOL-Claude,WSOL,So11111111111111111111111111111111111111112,Claude,HaL8cPcEZgwLaCbwyf6aAPh7rhw7iHck22zFXSNjpump,67979.03,6225.72,223232.38,487286.4,2,3,5,1,2,400,20000
422,AuQaustGiaqxRvj2gtCdrd22PBzTn8kM3kEPEkZCtuDw-EPjFWdd5AufqSSqeM2qN1xzybapC8G4wEGGkZwyTDt1v,ADX-USDC,ADX,AuQaustGiaqxRvj2gtCdrd22PBzTn8kM3kEPEkZCtuDw,USDC,EPjFWdd5AufqSSqeM2qN1xzybapC8G4wEGGkZwyTDt1v,138575.57,6217.75,62415.94,477798.95,2,7,9,1,2,400,20000
423,So11111111111111111111111111111111111111112-6gh8b2mqUrVb6Ew8Mwt89tNyN9keCDNstzT5cdp5pump,WSOL-VOID,WSOL,So11111111111111111111111111111111111111112,VOID,6gh8b2mqUrVb6Ew8Mwt89tNyN9keCDNstzT5cdp5pump,91380.24,6040.74,58877.55,90471.56,3,0,3,1,2,400,20000
424,So11111111111111111111111111111111111111112-8CuPzHKuZQUyYbear8fi3u6iuTY652WVZT2cHZ2yeNbE,WSOL-EARN,WSOL,So11111111111111111111111111111111111111112,EARN,8CuPzHKuZQUyYbear8fi3u6iuTY652WVZT2cHZ2yeNbE,204951.26,6007.9,18522.1,44034.8,3,0,3,1,2,400,20000
425,So11111111111111111111111111111111111111112-61yG5LCoeoqzBdopXPy6BsVPTGdRXht95L68hj5ipump,WSOL-SANDY,WSOL,So11111111111111111111111111111111111111112,SANDY,61yG5LCoeoqzBdopXPy6BsVPTGdRXht95L68hj5ipump,102432.38,5924.33,21183.0,113474.32,1,6,7,1,2,400,20000
426,So11111111111111111111111111111111111111112-5qsZAnWuR7vMJbiznrJEY2ddVqZXjNYmFvR3eXSxpump,WSOL-Focai,WSOL,So11111111111111111111111111111111111111112,Focai,5qsZAnWuR7vMJbiznrJEY2ddVqZXjNYmFvR3eXSxpump,55478.3,5907.69,20463.4,235095.35,2,12,14,1,2,400,20000
427,So11111111111111111111111111111111111111112-DexxZWtZd8hdmeth9gKYXgTWa1VYdMVrWFBZ9RXXXhBn,WSOL-Kekec,WSOL,So11111111111111111111111111111111111111112,Kekec,DexxZWtZd8hdmeth9gKYXgTWa1VYdMVrWFBZ9RXXXhBn,37117.23,5667.06,61582.53,122997.97,3,3,6,1,2,400,20000
428,So11111111111111111111111111111111111111112-G6haJithfeUgSghVpu1rDPCq2NFiYcJFHNpHEANbpump,WSOL-RM9000,WSOL,So11111111111111111111111111111111111111112,RM9000,G6haJithfeUgSghVpu1rDPCq2NFiYcJFHNpHEANbpump,123970.08,5574.39,29575.58,152889.82,1,7,8,1,2,400,20000
429,So11111111111111111111111111111111111111112-8NCievmJCg2d9Vc2TWgz2HkE6ANeSX7kwvdq5AL7pump,WSOL-BUNKER,WSOL,So11111111111111111111111111111111111111112,BUNKER,8NCievmJCg2d9Vc2TWgz2HkE6ANeSX7kwvdq5AL7pump,70790.89,5518.17,22957.7,309260.17,1,2,3,1,2,400,20000
430,So11111111111111111111111111111111111111112-7AJ1KjzjstMnQGzZk1HAKx2atmvvRqWvmRbdYmnviryq,WSOL-XWH,WSOL,So11111111111111111111111111111111111111112,XWH,7AJ1KjzjstMnQGzZk1HAKx2atmvvRqWvmRbdYmnviryq,154552.51,5513.8,42374.6,331412.12,1,6,7,1,2,400,20000
431,3FoUAsGDbvTD6YZ4wVKJgTB76onJUKz7GPEBNiR5b8wc-EPjFWdd5AufqSSqeM2qN1xzybapC8G4wEGGkZwyTDt1v,CHEEMS-USDC,CHEEMS,3FoUAsGDbvTD6YZ4wVKJgTB76onJUKz7GPEBNiR5b8wc,USDC,EPjFWdd5AufqSSqeM2qN1xzybapC8G4wEGGkZwyTDt1v,69806.0,5379.37,30187.38,371024.21,2,0,2,1,2,400,20000
432,So11111111111111111111111111111111111111112-AATECgWF4KjALbpgUXjabqFKHmdtjWdfdFNzCH3ipump,WSOL-ITMT,WSOL,So11111111111111111111111111111111111111112,ITMT,AATECgWF4KjALbpgUXjabqFKHmdtjWdfdFNzCH3ipump,129221.34,5281.48,41713.79,150928.09,1,3,4,1,2,400,20000
433,Comai3YgiVY2p5ep635Pk4P6jNQHNhigvzeTcB6V7dyj-So11111111111111111111111111111111111111112,wCOMAI-WSOL,wCOMAI,Comai3YgiVY2p5ep635Pk4P6jNQHNhigvzeTcB6V7dyj,WSOL,So11111111111111111111111111111111111111112,32881.19,5107.22,22119.8,86960.93,2,0,2,1,2,400,20000
434,GENEtH5amGSi8kHAtQoezp1XEXwZJ8vcuePYnXdKrMYz-EPjFWdd5AufqSSqeM2qN1xzybapC8G4wEGGkZwyTDt1v,GENE-USDC,GENE,GENEtH5amGSi8kHAtQoezp1XEXwZJ8vcuePYnXdKrMYz,USDC,EPjFWdd5AufqSSqeM2qN1xzybapC8G4wEGGkZwyTDt1v,28649.24,5015.42,91748.54,229950.61,1,2,3,1,2,400,20000
435,So11111111111111111111111111111111111111112-2aWos2YsA6YjN5DHX77diRUx7SKMg7H1U8hqL2N1iy5o,WSOL-GRFT,WSOL,So11111111111111111111111111111111111111112,GRFT,2aWos2YsA6YjN5DHX77diRUx7SKMg7H1U8hqL2N1iy5o,77971.87,4981.78,26660.12,88057.11,2,2,4,1,2,400,20000
436,So11111111111111111111111111111111111111112-3u4XvCjmTmQmcvjoxo1z8y3wnRdtnCuv6N9WkiE6FJvH,WSOL-FUNGI,WSOL,So11111111111111111111111111111111111111112,FUNGI,3u4XvCjmTmQmcvjoxo1z8y3wnRdtnCuv6N9WkiE6FJvH,138418.11,4807.05,35354.99,141225.13,1,1,2,1,2,400,20000
437,So11111111111111111111111111111111111111112-2Tr3i2qjSPUb7e7BSFWTq7gsRzJEnYBKc7wRAYu3pump,WSOL-BeffAI,WSOL,So11111111111111111111111111111111111111112,BeffAI,2Tr3i2qjSPUb7e7BSFWTq7gsRzJEnYBKc7wRAYu3pump,68928.6,4793.68,8359.42,116249.87,1,5,6,1,2,400,20000
438,oraiJP7H3LAt57DkFXNLDbLdBFNRRPvS8jg2j5AZkd9-So11111111111111111111111111111111111111112,GNRT-WSOL,GNRT,oraiJP7H3LAt57DkFXNLDbLdBFNRRPvS8jg2j5AZkd9,WSOL,So11111111111111111111111111111111111111112,57300.63,4758.85,19919.99,44820.48,2,0,2,1,2,400,20000
439,So11111111111111111111111111111111111111112-jUpa2aDCzvdR9EF4fqDXmuyMUkonPTohphABLmRkRFj,WSOL-RIFT,WSOL,So11111111111111111111111111111111111111112,RIFT,jUpa2aDCzvdR9EF4fqDXmuyMUkonPTohphABLmRkRFj,406741.76,4754.94,37881.75,111193.4,3,14,17,1,2,400,20000
440,So11111111111111111111111111111111111111112-HmAgiwjjP9CXqK5wQNsHKtjAt2CH3Kv8Q7xH5kGL2nqZ,WSOL-Barron,WSOL,So11111111111111111111111111111111111111112,Barron,HmAgiwjjP9CXqK5wQNsHKtjAt2CH3Kv8Q7xH5kGL2nqZ,159972.97,4675.71,34616.48,198072.85,2,0,2,1,2,400,20000
441,So11111111111111111111111111111111111111112-CwdjgD54hgTQChspxHhirWLQWqy3EsxtndrcpLBqpump,WSOL-GOBI,WSOL,So11111111111111111111111111111111111111112,GOBI,CwdjgD54hgTQChspxHhirWLQWqy3EsxtndrcpLBqpump,45597.6,4608.11,62541.36,97379.86,1,9,10,1,2,400,20000
442,So11111111111111111111111111111111111111112-2iygm3ZBu3YRDiJREMrZTLayffBJBShTrhEe9iyYpump,WSOL-UP,WSOL,So11111111111111111111111111111111111111112,UP,2iygm3ZBu3YRDiJREMrZTLayffBJBShTrhEe9iyYpump,42405.68,4599.66,46576.61,80662.47,2,0,2,1,2,400,20000
443,So11111111111111111111111111111111111111112-DqrcZRHM9JuCUhnLyaWF7rLLjxE5h3MbiG7iferUpump,WSOL-CATG,WSOL,So11111111111111111111111111111111111111112,CATG,DqrcZRHM9JuCUhnLyaWF7rLLjxE5h3MbiG7iferUpump,52757.91,4434.18,336887.08,385206.0,2,14,16,1,2,400,20000
444,JDwzFSxcUvLubUb9xAuuZNvh4bbcEJcuM9TezpmRHVWF-So11111111111111111111111111111111111111112,doodoo-WSOL,doodoo,JDwzFSxcUvLubUb9xAuuZNvh4bbcEJcuM9TezpmRHVWF,WSOL,So11111111111111111111111111111111111111112,559477.78,4155.49,20498.38,61662.6,2,0,2,1,2,400,20000
445,So11111111111111111111111111111111111111112-ES1KLhatf4uiDs4Gt5MJkNMCKdYzcwaJnKWt5fTn1ca2,WSOL-BBC,WSOL,So11111111111111111111111111111111111111112,BBC,ES1KLhatf4uiDs4Gt5MJkNMCKdYzcwaJnKWt5fTn1ca2,53440.49,4146.41,25150.31,101172.99,1,2,3,1,2,400,20000
446,So11111111111111111111111111111111111111112-361pUXTPohPEgcnCVm7DUvNziizK37gVxLN3cw9Vpump,WSOL-CHORUZ,WSOL,So11111111111111111111111111111111111111112,CHORUZ,361pUXTPohPEgcnCVm7DUvNziizK37gVxLN3cw9Vpump,89360.14,4063.38,26684.81,166201.38,1,4,5,1,2,400,20000
447,So11111111111111111111111111111111111111112-229vWzBTiUNdraYpVtSH9usTwwVxcyPDbBWf1zEPpump,WSOL-CALVIN,WSOL,So11111111111111111111111111111111111111112,CALVIN,229vWzBTiUNdraYpVtSH9usTwwVxcyPDbBWf1zEPpump,114808.09,4053.16,35192.87,91750.55,1,3,4,1,2,400,20000
448,So11111111111111111111111111111111111111112-aPig1huDbdDTR9HmJBSHK5jiHrG3o2ZThdG4xPDpump,WSOL-SOURCE,WSOL,So11111111111111111111111111111111111111112,SOURCE,aPig1huDbdDTR9HmJBSHK5jiHrG3o2ZThdG4xPDpump,51070.08,3854.48,18872.86,55537.9,2,2,4,1,2,400,20000
449,So11111111111111111111111111111111111111112-5Kh2xc7X2qfRig2DZyGkuEXw7jeXUXoei7U6GBjfpump,WSOL-SEDUX,WSOL,So11111111111111111111111111111111111111112,SEDUX,5Kh2xc7X2qfRig2DZyGkuEXw7jeXUXoei7U6GBjfpump,37692.79,3811.02,4621.61,20579.3,1,3,4,1,2,400,20000
450,So11111111111111111111111111111111111111112-2xK7SDPUY1oCwch8G8guUPtTSGiAQCbZykR5Y4dCpump,WSOL-STONES,WSOL,So11111111111111111111111111111111111111112,STONES,2xK7SDPUY1oCwch8G8guUPtTSGiAQCbZykR5Y4dCpump,46500.46,3685.38,14891.3,48123.62,2,0,2,1,2,400,20000
451,So11111111111111111111111111111111111111112-HmfNGq7kxE6ppMDGW87xPuMU6wnKbeYBZf76K7t33w3s,WSOL-KOHLER,WSOL,So11111111111111111111111111111111111111112,KOHLER,HmfNGq7kxE6ppMDGW87xPuMU6wnKbeYBZf76K7t33w3s,80463.98,3670.87,21021.87,52194.52,1,3,4,1,2,400,20000
452,So11111111111111111111111111111111111111112-CPcf58MNikQw2G23kTVWQevRDeFDpdxMH7KkR7Lhpump,WSOL-DOBBY,WSOL,So11111111111111111111111111111111111111112,DOBBY,CPcf58MNikQw2G23kTVWQevRDeFDpdxMH7KkR7Lhpump,51833.77,3641.68,20799.9,101445.75,3,0,3,1,2,400,20000
453,So11111111111111111111111111111111111111112-AzC1u8NPdpS6DVBs8Mv3P6egZ2AhN9KaGaY64xVMpump,WSOL-DEEBO,WSOL,So11111111111111111111111111111111111111112,DEEBO,AzC1u8NPdpS6DVBs8Mv3P6egZ2AhN9KaGaY64xVMpump,48503.66,3593.01,32727.54,63250.26,1,13,14,1,2,400,20000
454,So11111111111111111111111111111111111111112-7KuFdcfzbc3LLoRHNRWfW1dhbPNzuCv41hyYbfSUpump,WSOL-TDS,WSOL,So11111111111111111111111111111111111111112,TDS,7KuFdcfzbc3LLoRHNRWfW1dhbPNzuCv41hyYbfSUpump,81730.34,3496.1,20980.12,250611.51,2,9,11,1,2,400,20000
455,So11111111111111111111111111111111111111112-Bhu2wBWxfWkRJ6pFn5NodnEvMCqj9DLfCU5qMvt7pump,WSOL-CHATOSHI,WSOL,So11111111111111111111111111111111111111112,CHATOSHI,Bhu2wBWxfWkRJ6pFn5NodnEvMCqj9DLfCU5qMvt7pump,610422.6,3442.69,34162.51,487775.23,2,0,2,1,2,400,20000
456,So11111111111111111111111111111111111111112-7wM4MnbsPsG95A3WhZgbrPWvMtydKmJjqKr2ZVJVpump,WSOL-NAVAL,WSOL,So11111111111111111111111111111111111111112,NAVAL,7wM4MnbsPsG95A3WhZgbrPWvMtydKmJjqKr2ZVJVpump,51878.89,3378.43,11355.32,100028.46,1,5,6,1,2,400,20000
457,So11111111111111111111111111111111111111112-Fu4jQQpUnECSVQrVfeeVPpQpXQffM75LL328EJPtpump,WSOL-symx,WSOL,So11111111111111111111111111111111111111112,symx,Fu4jQQpUnECSVQrVfeeVPpQpXQffM75LL328EJPtpump,76446.14,3336.15,20437.3,133626.64,1,8,9,1,2,400,20000
458,piinKrjeiUVwhnXzsgNCV2aVGsBc4GwHQ9eCtkAgcTw-So11111111111111111111111111111111111111112,piin-WSOL,piin,piinKrjeiUVwhnXzsgNCV2aVGsBc4GwHQ9eCtkAgcTw,WSOL,So11111111111111111111111111111111111111112,76176.63,3263.12,19567.87,109016.4,3,0,3,1,2,400,20000
459,So11111111111111111111111111111111111111112-E4wg8YF472u8oiLvSNKB84Y23gZhkSQ3PSCJaUj4pump,WSOL-LEXICON,WSOL,So11111111111111111111111111111111111111112,LEXICON,E4wg8YF472u8oiLvSNKB84Y23gZhkSQ3PSCJaUj4pump,102321.43,3028.17,9249.08,31838.99,1,14,15,1,2,400,20000
460,So11111111111111111111111111111111111111112-tqrRt3AsuGa3aYYSvABMDrPJEWVzpAnh3p6LxXGpump,WSOL-ponzi,WSOL,So11111111111111111111111111111111111111112,ponzi,tqrRt3AsuGa3aYYSvABMDrPJEWVzpAnh3p6LxXGpump,68066.89,2880.51,21142.33,282211.2,1,6,7,1,2,400,20000
461,So11111111111111111111111111111111111111112-FuQASH8ps9NPeDu4h3rVtMBygKYoSiSTZ4uSiA5tpump,WSOL-Banana,WSOL,So11111111111111111111111111111111111111112,Banana,FuQASH8ps9NPeDu4h3rVtMBygKYoSiSTZ4uSiA5tpump,81719.18,2788.36,9111.34,21632.17,2,0,2,1,2,400,20000
462,D2JGRcNqq1mLzyL4ruCb27pzYw8FF3nTK4hMz6GmMW56-So11111111111111111111111111111111111111112,🫃-WSOL,🫃,D2JGRcNqq1mLzyL4ruCb27pzYw8FF3nTK4hMz6GmMW56,WSOL,So11111111111111111111111111111111111111112,40553.87,2759.03,83236.81,140194.25,2,0,2,1,2,400,20000
463,So11111111111111111111111111111111111111112-ENTxR2RP8NtvhXzMNFCxE1HazzdV9x7SuZqGyAb4jdED,WSOL-ENT,WSOL,So11111111111111111111111111111111111111112,ENT,ENTxR2RP8NtvhXzMNFCxE1HazzdV9x7SuZqGyAb4jdED,315845.01,2748.62,20902.73,108155.55,4,0,4,1,2,400,20000
464,So11111111111111111111111111111111111111112-CwsQd329uL1ccxT3my2EJCEsciT1CUfk2BUmPF8Ppump,WSOL-DATAWITCH,WSOL,So11111111111111111111111111111111111111112,DATAWITCH,CwsQd329uL1ccxT3my2EJCEsciT1CUfk2BUmPF8Ppump,44180.89,2727.86,20385.98,91551.77,1,5,6,1,2,400,20000
465,8CkiSHHJDHJV4LUoiRMLUhqG58cUkbyJRtcP4Z3mCXNf-So11111111111111111111111111111111111111112,POWSCHE-WSOL,POWSCHE,8CkiSHHJDHJV4LUoiRMLUhqG58cUkbyJRtcP4Z3mCXNf,WSOL,So11111111111111111111111111111111111111112,134640.56,2691.46,19159.75,143082.36,1,1,2,1,2,400,20000
466,So11111111111111111111111111111111111111112-97Mbx6Jym1iEkQdVfLf5PMWL5tARGnQ5na5jhR9Lpump,WSOL-PILLZUMI,WSOL,So11111111111111111111111111111111111111112,PILLZUMI,97Mbx6Jym1iEkQdVfLf5PMWL5tARGnQ5na5jhR9Lpump,67758.39,2650.62,49696.81,111154.31,1,8,9,1,2,400,20000
467,So11111111111111111111111111111111111111112-RufNMBEbKJr6CM1t3nwakZ3BaE9csF2AR15s32VWcRE,WSOL-MIRA,WSOL,So11111111111111111111111111111111111111112,MIRA,RufNMBEbKJr6CM1t3nwakZ3BaE9csF2AR15s32VWcRE,160241.98,2561.62,4423.34,34904.45,2,18,20,1,2,400,20000
468,So11111111111111111111111111111111111111112-STKmfGGegeoYqrHrJ3nvTafSvRC6GJJBbLwN1cqpump,WSOL-NOVA,WSOL,So11111111111111111111111111111111111111112,NOVA,STKmfGGegeoYqrHrJ3nvTafSvRC6GJJBbLwN1cqpump,64882.53,2499.14,6954.51,18902.21,1,6,7,1,2,400,20000
469,Bhu2wBWxfWkRJ6pFn5NodnEvMCqj9DLfCU5qMvt7pump-EPjFWdd5AufqSSqeM2qN1xzybapC8G4wEGGkZwyTDt1v,CHATOSHI-USDC,CHATOSHI,Bhu2wBWxfWkRJ6pFn5NodnEvMCqj9DLfCU5qMvt7pump,USDC,EPjFWdd5AufqSSqeM2qN1xzybapC8G4wEGGkZwyTDt1v,289998.05,2489.53,17562.92,164272.93,3,0,3,1,2,400,20000
470,So11111111111111111111111111111111111111112-28YzheH23A58kUGPpEvwyE4kh5iU4FQAHnsUxYY4SNtQ,WSOL-Idiot,WSOL,So11111111111111111111111111111111111111112,Idiot,28YzheH23A58kUGPpEvwyE4kh5iU4FQAHnsUxYY4SNtQ,27872.06,2450.11,14892.91,117039.01,2,0,2,1,2,400,20000
471,So11111111111111111111111111111111111111112-DqWf9DDK6H5c7KmEHkNJxnzNPSM6mzxonZJjK6yxpump,WSOL-Minion,WSOL,So11111111111111111111111111111111111111112,Minion,DqWf9DDK6H5c7KmEHkNJxnzNPSM6mzxonZJjK6yxpump,38889.14,2432.63,3964.25,20478.04,1,3,4,1,2,400,20000
472,So11111111111111111111111111111111111111112-7wUwkXo8Qjt3cYM8BaHHHeyfDY7ZSn7qvod92pNupump,WSOL-SL,WSOL,So11111111111111111111111111111111111111112,SL,7wUwkXo8Qjt3cYM8BaHHHeyfDY7ZSn7qvod92pNupump,94848.39,2390.87,7064.11,12791.66,1,6,7,1,2,400,20000
473,LSZmgFnezyfSyWW5xn6dc8fC253cnwYTGgf1TZLGapE-So11111111111111111111111111111111111111112,DEFAPE-WSOL,DEFAPE,LSZmgFnezyfSyWW5xn6dc8fC253cnwYTGgf1TZLGapE,WSOL,So11111111111111111111111111111111111111112,47044.1,2379.48,38688.21,814557.84,1,2,3,1,2,400,20000
474,So11111111111111111111111111111111111111112-EoRe4xECTe9imaYtwfdmrGoinD2S1N5yMeu1LrjQpump,WSOL-MWOR,WSOL,So11111111111111111111111111111111111111112,MWOR,EoRe4xECTe9imaYtwfdmrGoinD2S1N5yMeu1LrjQpump,54902.66,2379.25,123390.56,525931.43,2,0,2,1,2,400,20000
475,So11111111111111111111111111111111111111112-ByXTsen3ftsd7SsqgXpSZqrEeoMV8Smhz1vox9j6pump,WSOL-SUCHIR,WSOL,So11111111111111111111111111111111111111112,SUCHIR,ByXTsen3ftsd7SsqgXpSZqrEeoMV8Smhz1vox9j6pump,95669.27,2341.61,42408.26,246037.77,1,16,17,1,2,400,20000
476,So11111111111111111111111111111111111111112-6UxB5HCuuNm2HoHCp4TFVkPPE38L5zktESYKZ7Q5RC3f,WSOL-INTERN,WSOL,So11111111111111111111111111111111111111112,INTERN,6UxB5HCuuNm2HoHCp4TFVkPPE38L5zktESYKZ7Q5RC3f,57914.22,2338.68,35069.74,88072.27,1,5,6,1,2,400,20000
477,So11111111111111111111111111111111111111112-9pnDLVWmWyccy6HhZKcCiwrQEBX1UHQ5ikKPo5xrpump,WSOL-THURSTON,WSOL,So11111111111111111111111111111111111111112,THURSTON,9pnDLVWmWyccy6HhZKcCiwrQEBX1UHQ5ikKPo5xrpump,42045.55,2337.8,15890.26,100952.03,2,0,2,1,2,400,20000
478,So11111111111111111111111111111111111111112-FR382Gv7RxrEb2q1MZkP9athyJC9rUBt8M2jKfyKpump,WSOL-Jarvis,WSOL,So11111111111111111111111111111111111111112,Jarvis,FR382Gv7RxrEb2q1MZkP9athyJC9rUBt8M2jKfyKpump,40001.08,2272.2,14859.88,65936.65,1,3,4,1,2,400,20000
479,So11111111111111111111111111111111111111112-7yZFFUhq9ac7DY4WobLL539pJEUbMnQ5AGQQuuEMpump,WSOL-OBOT,WSOL,So11111111111111111111111111111111111111112,OBOT,7yZFFUhq9ac7DY4WobLL539pJEUbMnQ5AGQQuuEMpump,176491.64,2087.01,12038.95,25840.94,1,7,8,1,2,400,20000
480,So11111111111111111111111111111111111111112-FFgfStKwuF3DSxEeogA69FNkPrkb7XDA5Tw29TBEpump,WSOL-GNZ,WSOL,So11111111111111111111111111111111111111112,GNZ,FFgfStKwuF3DSxEeogA69FNkPrkb7XDA5Tw29TBEpump,50671.77,2018.07,49065.48,230522.16,1,10,11,1,2,400,20000
481,So11111111111111111111111111111111111111112-BgpmfuCZxrbvD6wrybrT7ztwtf8vwKW94kc39MAdpump,WSOL-REDnote,WSOL,So11111111111111111111111111111111111111112,REDnote,BgpmfuCZxrbvD6wrybrT7ztwtf8vwKW94kc39MAdpump,30640.74,2012.28,3053.5,11557.68,2,3,5,1,2,400,20000
482,So11111111111111111111111111111111111111112-69veVD4oo3QbJzXrAH7Rans8sue68AsgYyirWUrxSQUy,WSOL-HENTAI6900,WSOL,So11111111111111111111111111111111111111112,HENTAI6900,69veVD4oo3QbJzXrAH7Rans8sue68AsgYyirWUrxSQUy,32729.69,1954.56,9329.46,74783.0,2,0,2,1,2,400,20000
483,So11111111111111111111111111111111111111112-Ep5tnKTSkLDeQ12ctS3RhQNcbcApkcyJcGPgHh4dpump,WSOL-CRYING,WSOL,So11111111111111111111111111111111111111112,CRYING,Ep5tnKTSkLDeQ12ctS3RhQNcbcApkcyJcGPgHh4dpump,56186.9,1931.7,6163.3,14522.73,1,4,5,1,2,400,20000
484,So11111111111111111111111111111111111111112-45ZAM7JK8ZGHuBQiJ8kvhdiVdiQGsTQGgt3gRAEQpump,WSOL-Asha,WSOL,So11111111111111111111111111111111111111112,Asha,45ZAM7JK8ZGHuBQiJ8kvhdiVdiQGsTQGgt3gRAEQpump,68198.71,1888.95,8489.99,31421.83,1,7,8,1,2,400,20000
485,8PMJczfs9W8TDKiNBD85AuqxE8tWACCDeUwxpUeadL3j-So11111111111111111111111111111111111111112,CEICAT-WSOL,CEICAT,8PMJczfs9W8TDKiNBD85AuqxE8tWACCDeUwxpUeadL3j,WSOL,So11111111111111111111111111111111111111112,34137.23,1851.76,4215.06,118525.7,1,2,3,1,2,400,20000
486,So11111111111111111111111111111111111111112-CbUPTbC4K7zdAEWxfa1nad4468xpX3LpWPhZVnzybhfN,WSOL-WAIT,WSOL,So11111111111111111111111111111111111111112,WAIT,CbUPTbC4K7zdAEWxfa1nad4468xpX3LpWPhZVnzybhfN,60460.87,1784.76,136181.66,141836.72,1,7,8,1,2,400,20000
487,6DSqVXg9WLTWgz6LACqxN757QdHe1sCqkUfojWmxWtok-So11111111111111111111111111111111111111112,CORN-WSOL,CORN,6DSqVXg9WLTWgz6LACqxN757QdHe1sCqkUfojWmxWtok,WSOL,So11111111111111111111111111111111111111112,104323.01,1694.12,32856.94,79905.65,1,5,6,1,2,400,20000
488,So11111111111111111111111111111111111111112-GVxCVNbMrnRFztSXMDFAheoN7JJdSTr1dTawrmwXPh2n,WSOL-MSTASH,WSOL,So11111111111111111111111111111111111111112,MSTASH,GVxCVNbMrnRFztSXMDFAheoN7JJdSTr1dTawrmwXPh2n,29739.8,1658.21,7965.64,36296.3,2,0,2,1,2,400,20000
489,So11111111111111111111111111111111111111112-5tZHKgJpnF1hsjSnQ5N9NA2c3S4QzaFw3uq2ARGspump,WSOL-gort,WSOL,So11111111111111111111111111111111111111112,gort,5tZHKgJpnF1hsjSnQ5N9NA2c3S4QzaFw3uq2ARGspump,44230.56,1561.04,16509.94,29005.15,3,0,3,1,2,400,20000
490,9cLx6w1fN6b67VxsGxaFaCTgQcNqsA51p4uMWdkgQqmC-So11111111111111111111111111111111111111112,BOYS-WSOL,BOYS,9cLx6w1fN6b67VxsGxaFaCTgQcNqsA51p4uMWdkgQqmC,WSOL,So11111111111111111111111111111111111111112,34989.07,1535.04,15130.82,65346.93,2,0,2,1,2,400,20000
491,So11111111111111111111111111111111111111112-5bs3kHmjo1F3ZL42scfYyx9re3hhnayZYF8NkUr5D8HE,WSOL-SOAP,WSOL,So11111111111111111111111111111111111111112,SOAP,5bs3kHmjo1F3ZL42scfYyx9re3hhnayZYF8NkUr5D8HE,95890.7,1532.93,23529.0,189704.81,2,0,2,1,2,400,20000
492,So11111111111111111111111111111111111111112-95WzV2CsTRFBjPCBhQRR4TGVp5kXo8f8qZVt7iVwpump,WSOL-DRONES,WSOL,So11111111111111111111111111111111111111112,DRONES,95WzV2CsTRFBjPCBhQRR4TGVp5kXo8f8qZVt7iVwpump,42939.77,1431.42,2864.95,46550.53,1,9,10,1,2,400,20000
493,So11111111111111111111111111111111111111112-4xieJTWvYfWGTdZYjxZNePjqGu74NexmcjLUpfFLVAPx,WSOL-CYB,WSOL,So11111111111111111111111111111111111111112,CYB,4xieJTWvYfWGTdZYjxZNePjqGu74NexmcjLUpfFLVAPx,33808.41,1403.05,20192.73,110339.68,2,3,5,1,2,400,20000
494,HfYFjMKNZygfMC8LsQ8LtpPsPxEJoXJx4M6tqi75Hajo-EPjFWdd5AufqSSqeM2qN1xzybapC8G4wEGGkZwyTDt1v,CWAR-USDC,CWAR,HfYFjMKNZygfMC8LsQ8LtpPsPxEJoXJx4M6tqi75Hajo,USDC,EPjFWdd5AufqSSqeM2qN1xzybapC8G4wEGGkZwyTDt1v,66168.2,1347.97,8128.22,37369.59,2,0,2,1,2,400,20000
495,EjJhYzvz2vhmZrq8fP7offFpeuTxdP1dWJuW1q6w8cHH-So11111111111111111111111111111111111111112,DIGICASH-WSOL,DIGICASH,EjJhYzvz2vhmZrq8fP7offFpeuTxdP1dWJuW1q6w8cHH,WSOL,So11111111111111111111111111111111111111112,22109.27,1320.12,8538.44,325518.17,1,3,4,1,2,400,20000
496,E6Eg7Esj5tfSwkbDGdrzhrotqptv7ghJNarLZ9rbHDSG-So11111111111111111111111111111111111111112,SHARE-WSOL,SHARE,E6Eg7Esj5tfSwkbDGdrzhrotqptv7ghJNarLZ9rbHDSG,WSOL,So11111111111111111111111111111111111111112,37072.4,1294.26,16502.78,24220.55,2,0,2,1,2,400,20000
497,SAVEaeeqeXNKYb4Lyx28DkUms5gyZ76vGa6fCfdzWfK-EPjFWdd5AufqSSqeM2qN1xzybapC8G4wEGGkZwyTDt1v,SAVE-USDC,SAVE,SAVEaeeqeXNKYb4Lyx28DkUms5gyZ76vGa6fCfdzWfK,USDC,EPjFWdd5AufqSSqeM2qN1xzybapC8G4wEGGkZwyTDt1v,108770.29,1287.37,28054.93,309727.41,2,4,6,1,2,400,20000
498,So11111111111111111111111111111111111111112-8EHC2gfTLDb2eGQfjm17mVNLWPGRc9YVD75bepZ2nZJa,WSOL-$dicki,WSOL,So11111111111111111111111111111111111111112,$dicki,8EHC2gfTLDb2eGQfjm17mVNLWPGRc9YVD75bepZ2nZJa,30999.86,1219.36,3783.56,16163.32,1,5,6,1,2,400,20000
499,So11111111111111111111111111111111111111112-pepo1CFNU2RXf7yXX7HNXazXwxsq8WrPvDHpHriwoLY,WSOL-PEPO,WSOL,So11111111111111111111111111111111111111112,PEPO,pepo1CFNU2RXf7yXX7HNXazXwxsq8WrPvDHpHriwoLY,106240.47,1140.13,17754.76,25638.53,3,3,6,1,2,400,20000
500,DFL1zNkaGPWm1BqAVqRjCZvHmwTFrEaJtbzJWgseoNJh-EPjFWdd5AufqSSqeM2qN1xzybapC8G4wEGGkZwyTDt1v,DFL-USDC,DFL,DFL1zNkaGPWm1BqAVqRjCZvHmwTFrEaJtbzJWgseoNJh,USDC,EPjFWdd5AufqSSqeM2qN1xzybapC8G4wEGGkZwyTDt1v,57850.61,1105.97,7777.51,23107.11,2,3,5,1,2,400,20000
501,MEFNBXixkEbait3xn9bkm8WsJzXtVsaJEn4c8Sam21u-So11111111111111111111111111111111111111112,ME-WSOL,ME,MEFNBXixkEbait3xn9bkm8WsJzXtVsaJEn4c8Sam21u,WSOL,So11111111111111111111111111111111111111112,61589.21,1056.51,5032.1,43725.99,2,46,48,1,2,400,20000
502,So11111111111111111111111111111111111111112-BieefG47jAHCGZBxi2q87RDuHyGZyYC3vAzxpyu8pump,WSOL-EZSIS,WSOL,So11111111111111111111111111111111111111112,EZSIS,BieefG47jAHCGZBxi2q87RDuHyGZyYC3vAzxpyu8pump,29107.01,1054.82,3182.99,18540.06,1,3,4,1,2,400,20000
503,So11111111111111111111111111111111111111112-4Qur8tvJG195EXmhsuPvpa3qmMiAugtbDaoGwVGV6oJD,WSOL-SKAI,WSOL,So11111111111111111111111111111111111111112,SKAI,4Qur8tvJG195EXmhsuPvpa3qmMiAugtbDaoGwVGV6oJD,46590.86,1051.8,4145.35,22327.93,1,5,6,1,2,400,20000
504,So11111111111111111111111111111111111111112-3UYS3XXYC9yWvNyBWFKqqb5w9YQfX65RQzoAKd8jEUCB,WSOL-WING,WSOL,So11111111111111111111111111111111111111112,WING,3UYS3XXYC9yWvNyBWFKqqb5w9YQfX65RQzoAKd8jEUCB,99206.77,1046.46,27196.24,82197.97,4,0,4,1,2,400,20000
505,So11111111111111111111111111111111111111112-MoNAoCoXKLb38Y2VpbukGacdNYhvRTyVn92DvRApXep,WSOL-Mona,WSOL,So11111111111111111111111111111111111111112,Mona,MoNAoCoXKLb38Y2VpbukGacdNYhvRTyVn92DvRApXep,82561.84,1036.42,4353.54,21202.08,2,0,2,1,2,400,20000
506,So11111111111111111111111111111111111111112-8sWKTMrh9bWUrvykK4H3jzEzGbEqvJNpS2f7joYKpump,WSOL-schizo,WSOL,So11111111111111111111111111111111111111112,schizo,8sWKTMrh9bWUrvykK4H3jzEzGbEqvJNpS2f7joYKpump,45779.31,1026.01,9322.48,27121.51,2,0,2,1,2,400,20000
507,So11111111111111111111111111111111111111112-2wUGjvMqXusgfzYP3Vj149bSM9MwTPLS4maxkdGfpump,WSOL-SOLENG,WSOL,So11111111111111111111111111111111111111112,SOLENG,2wUGjvMqXusgfzYP3Vj149bSM9MwTPLS4maxkdGfpump,59031.83,1013.47,5392.86,145243.02,1,2,3,1,2,400,20000
508,So11111111111111111111111111111111111111112-22Xeo6diWfJrScaoVFzgkwzrCByPukK45fdwkJyrpump,WSOL-Mustard,WSOL,So11111111111111111111111111111111111111112,Mustard,22Xeo6diWfJrScaoVFzgkwzrCByPukK45fdwkJyrpump,103600.92,1009.76,7706.8,32955.05,1,12,13,1,2,400,20000
509,So11111111111111111111111111111111111111112-DECqp3qgUAarXoP2FssBnFXPsqtLhc5Y9UuvjxWMpump,WSOL-QFE,WSOL,So11111111111111111111111111111111111111112,QFE,DECqp3qgUAarXoP2FssBnFXPsqtLhc5Y9UuvjxWMpump,36666.63,986.96,8673.77,30975.92,1,13,14,1,2,400,20000
510,So11111111111111111111111111111111111111112-92kxUXDsBQLy5ptGxtmH9CDYd5E6ZQynzf2eFPiUpump,WSOL-blob,WSOL,So11111111111111111111111111111111111111112,blob,92kxUXDsBQLy5ptGxtmH9CDYd5E6ZQynzf2eFPiUpump,43669.56,972.17,3491.53,6693.41,1,11,12,1,2,400,20000
511,So11111111111111111111111111111111111111112-GoGoxxkBetBo4EYsHWhiyStVYkvbsAKdrp6dBpcy8a9E,WSOL-GOGO,WSOL,So11111111111111111111111111111111111111112,GOGO,GoGoxxkBetBo4EYsHWhiyStVYkvbsAKdrp6dBpcy8a9E,28568.31,962.18,5082.06,14562.96,2,0,2,1,2,400,20000
512,7qmWe2vUhhV1PJyN5aYUK3D5gBPkyFiwc4x5FrDcnTHZ-So11111111111111111111111111111111111111112,UPONLY-WSOL,UPONLY,7qmWe2vUhhV1PJyN5aYUK3D5gBPkyFiwc4x5FrDcnTHZ,WSOL,So11111111111111111111111111111111111111112,23370.59,948.57,7640.75,9992528.27,2,0,2,1,2,400,20000
513,MM8o3Sk58NufoS8Zds7MYTC1LcStfCaqinN5T2pdNtp-So11111111111111111111111111111111111111112,ETFS-WSOL,ETFS,MM8o3Sk58NufoS8Zds7MYTC1LcStfCaqinN5T2pdNtp,WSOL,So11111111111111111111111111111111111111112,165431.81,894.43,21978.98,276414.4,5,0,5,1,2,400,20000
514,BNT4uhSStq1beFADv3cq4wQAVfWB392PjAaxTBpNeWxu-So11111111111111111111111111111111111111112,MEDIA-WSOL,MEDIA,BNT4uhSStq1beFADv3cq4wQAVfWB392PjAaxTBpNeWxu,WSOL,So11111111111111111111111111111111111111112,28098.57,877.96,2654.37,38370.02,2,0,2,1,2,400,20000
515,So11111111111111111111111111111111111111112-JBSVUpKgYNHt4GLtNebQxTJmZgftTMWENQrziHtGpump,WSOL-Swarm,WSOL,So11111111111111111111111111111111111111112,Swarm,JBSVUpKgYNHt4GLtNebQxTJmZgftTMWENQrziHtGpump,170483.08,854.09,22552.31,42931.15,1,5,6,1,2,400,20000
516,So11111111111111111111111111111111111111112-BXNGghGbqrt2PcM3Y2Une5fD4kbU6VVSPC4uPjf8pump,WSOL-FYBN,WSOL,So11111111111111111111111111111111111111112,FYBN,BXNGghGbqrt2PcM3Y2Une5fD4kbU6VVSPC4uPjf8pump,248470.48,822.42,15816.84,411054.82,3,0,3,1,2,400,20000
517,So11111111111111111111111111111111111111112-7Yg9Lzgsvjy49mf3LdGyfmn2tT2rGBDUc77267SUpump,WSOL-300BAUD,WSOL,So11111111111111111111111111111111111111112,300BAUD,7Yg9Lzgsvjy49mf3LdGyfmn2tT2rGBDUc77267SUpump,79102.79,805.11,24471.55,85553.89,1,9,10,1,2,400,20000
518,So11111111111111111111111111111111111111112-A6WCD9dzgpCpCofGG7boCN3jJitmBSoXS7tgZa4rGooD,WSOL-GOOD,WSOL,So11111111111111111111111111111111111111112,GOOD,A6WCD9dzgpCpCofGG7boCN3jJitmBSoXS7tgZa4rGooD,237810.58,775.09,17088.59,95405.74,2,0,2,1,2,400,20000
519,So11111111111111111111111111111111111111112-7dHbWXmci3dT8UFYWYZweBLXgycu7Y3iL6trKn1Y7ARj,WSOL-stSOL,WSOL,So11111111111111111111111111111111111111112,stSOL,7dHbWXmci3dT8UFYWYZweBLXgycu7Y3iL6trKn1Y7ARj,157385.26,762.86,1553.61,3848.53,3,0,3,1,2,400,20000
520,So11111111111111111111111111111111111111112-7yn2PRbB96TgcCkkMK4zD6vvMth6Co5B5Nma6XvPpump,WSOL-Thales,WSOL,So11111111111111111111111111111111111111112,Thales,7yn2PRbB96TgcCkkMK4zD6vvMth6Co5B5Nma6XvPpump,96473.63,722.53,31008.77,136078.43,2,6,8,1,2,400,20000
521,So11111111111111111111111111111111111111112-FCzioYCxRXWbFAoG1pBmAsWXnEFdLLs5znH2azwjJ2fY,WSOL-🧛,WSOL,So11111111111111111111111111111111111111112,🧛,FCzioYCxRXWbFAoG1pBmAsWXnEFdLLs5znH2azwjJ2fY,39066.44,717.2,5788.87,19352.77,3,1,4,1,2,400,20000
522,So11111111111111111111111111111111111111112-93vpr9tx4jXzeyt14Jwqcd4q4d9CBP9jb674pQ5vpump,WSOL-YDWTL,WSOL,So11111111111111111111111111111111111111112,YDWTL,93vpr9tx4jXzeyt14Jwqcd4q4d9CBP9jb674pQ5vpump,56756.76,714.01,1301.45,20685.58,2,0,2,1,2,400,20000
523,So11111111111111111111111111111111111111112-CmAtKbUSM2HErtaQmonrxiV7qXo3mDganWw9KEimbutt,WSOL-BBC,WSOL,So11111111111111111111111111111111111111112,BBC,CmAtKbUSM2HErtaQmonrxiV7qXo3mDganWw9KEimbutt,45537.59,649.33,2224.99,6303.32,2,0,2,1,2,400,20000
524,So11111111111111111111111111111111111111112-Gv8mfuosgCKCj9tPs9VWS1GzETemr69Lnr2jwjbWpump,WSOL-HSM,WSOL,So11111111111111111111111111111111111111112,HSM,Gv8mfuosgCKCj9tPs9VWS1GzETemr69Lnr2jwjbWpump,57233.07,647.21,5925.04,54814.57,1,12,13,1,2,400,20000
525,So11111111111111111111111111111111111111112-7JXwBQDSPQZH4gUy1RGY4Tm5atf8g9v1eNG3h5trrB7X,WSOL-Vicky,WSOL,So11111111111111111111111111111111111111112,Vicky,7JXwBQDSPQZH4gUy1RGY4Tm5atf8g9v1eNG3h5trrB7X,32184.6,646.79,3073.6,9882.7,3,0,3,1,2,400,20000
526,So11111111111111111111111111111111111111112-E5DpUjFJtiyj8qK7eQtLVjiNxB9o2iHmQbMYVn93bfe4,WSOL-PURE,WSOL,So11111111111111111111111111111111111111112,PURE,E5DpUjFJtiyj8qK7eQtLVjiNxB9o2iHmQbMYVn93bfe4,62317.94,636.64,1624.11,12905.96,2,0,2,1,2,400,20000
527,So11111111111111111111111111111111111111112-Crtok2AHswrU1RBBJvbcLjsV7nBVUArNhbLdWqJZpump,WSOL-gigacycle,WSOL,So11111111111111111111111111111111111111112,gigacycle,Crtok2AHswrU1RBBJvbcLjsV7nBVUArNhbLdWqJZpump,20957.97,630.42,4486.79,6974.55,2,0,2,1,2,400,20000
528,So11111111111111111111111111111111111111112-DL9sLSN488yMbots3wsbzHZ3UpKSkM42kr1y13CPpump,WSOL-Bob,WSOL,So11111111111111111111111111111111111111112,Bob,DL9sLSN488yMbots3wsbzHZ3UpKSkM42kr1y13CPpump,31327.25,604.79,8247.35,57224.61,1,5,6,1,2,400,20000
529,So11111111111111111111111111111111111111112-AEXbqWmEHY4wXS1XeLfieBDh3ZEvVqkAdDzdaMAwpump,WSOL-LIGMA,WSOL,So11111111111111111111111111111111111111112,LIGMA,AEXbqWmEHY4wXS1XeLfieBDh3ZEvVqkAdDzdaMAwpump,36840.86,602.12,11409.09,68249.69,3,0,3,1,2,400,20000
530,So11111111111111111111111111111111111111112-FViZQJymuQ9FaxmpudCQS7ffJUt4udHzwJKPBiy7pump,WSOL-PanterAI,WSOL,So11111111111111111111111111111111111111112,PanterAI,FViZQJymuQ9FaxmpudCQS7ffJUt4udHzwJKPBiy7pump,26250.53,572.83,5659.36,15576.28,1,2,3,1,2,400,20000
531,SCSuPPNUSypLBsV4darsrYNg4ANPgaGhKhsA3GmMyjz-So11111111111111111111111111111111111111112,SCS-WSOL,SCS,SCSuPPNUSypLBsV4darsrYNg4ANPgaGhKhsA3GmMyjz,WSOL,So11111111111111111111111111111111111111112,30193.28,571.44,7188.56,36692.32,1,8,9,1,2,400,20000
532,E1R4RF89GcKxz62DVfojxDJteLFFs8rtiXcGcrx5HbTj-EPjFWdd5AufqSSqeM2qN1xzybapC8G4wEGGkZwyTDt1v,$MATRIX-USDC,$MATRIX,E1R4RF89GcKxz62DVfojxDJteLFFs8rtiXcGcrx5HbTj,USDC,EPjFWdd5AufqSSqeM2qN1xzybapC8G4wEGGkZwyTDt1v,129723.87,562.25,6772.44,26060.62,2,0,2,1,2,400,20000
533,So11111111111111111111111111111111111111112-6xbPNG5m1PPJh8ts9B9zxeqgjkjkgdbxxJp8gJqpsEFK,WSOL-$BTC25,WSOL,So11111111111111111111111111111111111111112,$BTC25,6xbPNG5m1PPJh8ts9B9zxeqgjkjkgdbxxJp8gJqpsEFK,99157.31,529.54,2414.96,7179.18,2,0,2,1,2,400,20000
534,So11111111111111111111111111111111111111112-2Yufe8mbyi75Zrye56KYz7CVKoX7oCtDZRksd8tQpump,WSOL-AUTO,WSOL,So11111111111111111111111111111111111111112,AUTO,2Yufe8mbyi75Zrye56KYz7CVKoX7oCtDZRksd8tQpump,319717.65,508.54,3733.96,19665.04,2,0,2,1,2,400,20000
535,So11111111111111111111111111111111111111112-6mZ76DjmTYhtEGLcVSEyeS5VcByHauxpw6oYQL4spump,WSOL-0x0x,WSOL,So11111111111111111111111111111111111111112,0x0x,6mZ76DjmTYhtEGLcVSEyeS5VcByHauxpw6oYQL4spump,52681.76,463.19,2389.04,39255.37,1,3,4,1,2,400,20000
536,F23fFqpRNsmWjuUrFpfM1pvoVvMSpLuN6hY978Y1JXLt-So11111111111111111111111111111111111111112,USDCAT-WSOL,USDCAT,F23fFqpRNsmWjuUrFpfM1pvoVvMSpLuN6hY978Y1JXLt,WSOL,So11111111111111111111111111111111111111112,47681.25,448.82,6438.56,14796.0,1,4,5,1,2,400,20000
537,EUxS8Kqvbe8zDr8bG1RYtgjVNzEhMTG6B6H3WwrCHfwA-So11111111111111111111111111111111111111112,BIRDFLU-WSOL,BIRDFLU,EUxS8Kqvbe8zDr8bG1RYtgjVNzEhMTG6B6H3WwrCHfwA,WSOL,So11111111111111111111111111111111111111112,36748.87,443.71,2991.29,51734.02,2,0,2,1,2,400,20000
538,So11111111111111111111111111111111111111112-HswqmpB6is4ih9pPLNwYCFnG7YbAdwKvdZXW18aKpump,WSOL-SS,WSOL,So11111111111111111111111111111111111111112,SS,HswqmpB6is4ih9pPLNwYCFnG7YbAdwKvdZXW18aKpump,45893.27,425.55,1150.05,10177.03,1,4,5,1,2,400,20000
