No.,pair_name,display_pair_name,token_1_name,token_1_address,token_2_name,token_2_address,total_tvl,total_day_volume,total_week_volume,total_month_volume,raydium_pool_count,meteora_pool_count,sum_of_raydium_and_meteora_pool_count,required_raydium_pool_count,required_sum_of_raydium_and_meteora_pool_count,required_total_day_trade_volume,required_minimum_total_tvl
1,So11111111111111111111111111111111111111112-9gyfbPVwwZx4y1hotNSLcqXCQNpNqqz6ZRvo8yTLpump,WSOL-YZY,WSOL,So11111111111111111111111111111111111111112,YZY,9gyfbPVwwZx4y1hotNSLcqXCQNpNqqz6ZRvo8yTLpump,910276.01,17414354.18,117663973.07,117663973.07,2,17,19,1,2,400,20000
2,So11111111111111111111111111111111111111112-CniPCE4b3s8gSUPhUiyMjXnytrEqUrMfSsnbBjLCpump,WSOL-pwease,WSOL,So11111111111111111111111111111111111111112,pwease,CniPCE4b3s8gSUPhUiyMjXnytrEqUrMfSsnbBjLCpump,1055601.18,10078963.92,85536776.23,281986488.12,4,23,27,1,2,400,20000
3,EPjFWdd5AufqSSqeM2qN1xzybapC8G4wEGGkZwyTDt1v-HzwqbKZw8HxMN6bF2yFZNrht3c2iXXzpKcFu7uBEDKtr,USDC-EURC,USDC,EPjFWdd5AufqSSqeM2qN1xzybapC8G4wEGGkZwyTDt1v,EURC,HzwqbKZw8HxMN6bF2yFZNrht3c2iXXzpKcFu7uBEDKtr,1236105.3,9013629.97,69469719.06,211521739.71,1,6,7,1,2,400,20000
4,So11111111111111111111111111111111111111112-FQgtfugBdpFN7PZ6NdPrZpVLDBrPGxXesi4gVu3vErhY,WSOL-BMT,WSOL,So11111111111111111111111111111111111111112,BMT,FQgtfugBdpFN7PZ6NdPrZpVLDBrPGxXesi4gVu3vErhY,1473752.57,7170543.38,15713421.01,20424095.72,1,8,9,1,2,400,20000
5,So11111111111111111111111111111111111111112-FeR8VBqNRSUD5NtXAj2n3j1dAHkZHfyDktKuLXD4pump,WSOL-jellyjelly,WSOL,So11111111111111111111111111111111111111112,jellyjelly,FeR8VBqNRSUD5NtXAj2n3j1dAHkZHfyDktKuLXD4pump,1367526.02,7076468.8,31060886.98,87660343.05,3,49,52,1,2,400,20000
6,So11111111111111111111111111111111111111112-Gw9fJ5k1gNyUTe6r4UahAKxqai2cZmsvh6YAfvn5pump,WSOL-autopen,WSOL,So11111111111111111111111111111111111111112,autopen,Gw9fJ5k1gNyUTe6r4UahAKxqai2cZmsvh6YAfvn5pump,130792.57,5547863.81,14528483.53,14528483.53,1,10,11,1,2,400,20000
7,So11111111111111111111111111111111111111112-2TK6MgLTmHDhmdh4EtdnBkYKZPkcjMp6cj3gcWhqpump,WSOL-MMC,WSOL,So11111111111111111111111111111111111111112,MMC,2TK6MgLTmHDhmdh4EtdnBkYKZPkcjMp6cj3gcWhqpump,80156.53,5421616.57,9117612.31,9117612.31,1,5,6,1,2,400,20000
8,So11111111111111111111111111111111111111112-AQiE2ghyFbBsbsfHiTEbKWcCLTDgyGzceKEPWftZpump,WSOL-doug,WSOL,So11111111111111111111111111111111111111112,doug,AQiE2ghyFbBsbsfHiTEbKWcCLTDgyGzceKEPWftZpump,83862.26,5073098.79,12892470.89,12892470.89,1,5,6,1,2,400,20000
9,So11111111111111111111111111111111111111112-Hg8bKz4mvs8KNj9zew1cEF9tDw1x2GViB4RFZjVEmfrD,WSOL-TDCCP,WSOL,So11111111111111111111111111111111111111112,TDCCP,Hg8bKz4mvs8KNj9zew1cEF9tDw1x2GViB4RFZjVEmfrD,23974426.92,4558769.93,14396209.25,31502825.55,2,0,2,1,2,400,20000
10,So11111111111111111111111111111111111111112-H4phNbsqjV5rqk8u6FUACTLB6rNZRTAPGnBb8KXJpump,WSOL-SSE,WSOL,So11111111111111111111111111111111111111112,SSE,H4phNbsqjV5rqk8u6FUACTLB6rNZRTAPGnBb8KXJpump,988894.0,3217210.24,16088238.92,89964261.92,3,25,28,1,2,400,20000
11,So11111111111111111111111111111111111111112-BSubUBTHxECeAYUsAs9FmjbuECvMBfuvs1PA8EkKpump,WSOL-Side Eye,WSOL,So11111111111111111111111111111111111111112,Side Eye,BSubUBTHxECeAYUsAs9FmjbuECvMBfuvs1PA8EkKpump,57389.29,3109339.23,5059517.35,5059517.35,1,4,5,1,2,400,20000
12,So11111111111111111111111111111111111111112-FWAr6oWa6CHg6WUcXu8CqkmsdbhtEqL8t31QTonppump,WSOL-PVS,WSOL,So11111111111111111111111111111111111111112,PVS,FWAr6oWa6CHg6WUcXu8CqkmsdbhtEqL8t31QTonppump,332962.59,3072746.11,25244979.81,25244979.81,2,6,8,1,2,400,20000
13,So11111111111111111111111111111111111111112-98mb39tPFKQJ4Bif8iVg9mYb9wsfPZgpgN1sxoVTpump,WSOL-LLM,WSOL,So11111111111111111111111111111111111111112,LLM,98mb39tPFKQJ4Bif8iVg9mYb9wsfPZgpgN1sxoVTpump,463707.16,2572590.99,4920159.82,9866756.13,2,30,32,1,2,400,20000
14,So11111111111111111111111111111111111111112-HkH7mJK8vYHbbr1mFwiUA94rmKDE8Q5NvQQyxQNnpump,WSOL-flow,WSOL,So11111111111111111111111111111111111111112,flow,HkH7mJK8vYHbbr1mFwiUA94rmKDE8Q5NvQQyxQNnpump,124792.52,2207184.02,18164797.88,18164797.88,1,5,6,1,2,400,20000
15,So11111111111111111111111111111111111111112-GHichsGq8aPnqJyz6Jp1ASTK4PNLpB5KrD6XrfDjpump,WSOL-$1,WSOL,So11111111111111111111111111111111111111112,$1,GHichsGq8aPnqJyz6Jp1ASTK4PNLpB5KrD6XrfDjpump,1253911.71,1936822.25,17751685.84,34608572.03,3,17,20,1,2,400,20000
16,So11111111111111111111111111111111111111112-2whk1mdgozfgh8v5G2KS22UVdE8NS3JiaGcXz6Pepump,WSOL-TheLion,WSOL,So11111111111111111111111111111111111111112,TheLion,2whk1mdgozfgh8v5G2KS22UVdE8NS3JiaGcXz6Pepump,113012.0,1934387.97,9533023.37,9533023.37,1,4,5,1,2,400,20000
17,So11111111111111111111111111111111111111112-GJtJuWD9qYcCkrwMBmtY1tpapV1sKfB2zUv9Q4aqpump,WSOL-$RIF,WSOL,So11111111111111111111111111111111111111112,$RIF,GJtJuWD9qYcCkrwMBmtY1tpapV1sKfB2zUv9Q4aqpump,552234.99,1863442.01,5399988.43,11991109.16,2,21,23,1,2,400,20000
18,MEFNBXixkEbait3xn9bkm8WsJzXtVsaJEn4c8Sam21u-EPjFWdd5AufqSSqeM2qN1xzybapC8G4wEGGkZwyTDt1v,ME-USDC,ME,MEFNBXixkEbait3xn9bkm8WsJzXtVsaJEn4c8Sam21u,USDC,EPjFWdd5AufqSSqeM2qN1xzybapC8G4wEGGkZwyTDt1v,2208773.67,1686893.69,5105848.72,40855350.32,4,36,40,1,2,400,20000
19,So11111111111111111111111111111111111111112-HzwqbKZw8HxMN6bF2yFZNrht3c2iXXzpKcFu7uBEDKtr,WSOL-EURC,WSOL,So11111111111111111111111111111111111111112,EURC,HzwqbKZw8HxMN6bF2yFZNrht3c2iXXzpKcFu7uBEDKtr,369621.12,1685423.43,12113613.43,37318740.04,2,3,5,1,2,400,20000
20,So11111111111111111111111111111111111111112-3DRnsQ5GA2XKk8WJ3yB46KbcRWGtA3E6cgFaqzJWpump,WSOL-JIANKUI,WSOL,So11111111111111111111111111111111111111112,JIANKUI,3DRnsQ5GA2XKk8WJ3yB46KbcRWGtA3E6cgFaqzJWpump,92870.46,1617596.89,3921275.54,3921275.54,1,2,3,1,2,400,20000
21,So11111111111111111111111111111111111111112-5LJMJyR8MtAkbtpf8kFUV7S9oFG3xaGDdcnFxYt9pump,WSOL-FAT,WSOL,So11111111111111111111111111111111111111112,FAT,5LJMJyR8MtAkbtpf8kFUV7S9oFG3xaGDdcnFxYt9pump,327479.43,1596256.21,20289429.29,28044413.33,2,8,10,1,2,400,20000
22,So11111111111111111111111111111111111111112-Hjw6bEcHtbHGpQr8onG3izfJY5DJiWdt7uk2BfdSpump,WSOL-SNAI,WSOL,So11111111111111111111111111111111111111112,SNAI,Hjw6bEcHtbHGpQr8onG3izfJY5DJiWdt7uk2BfdSpump,1648414.46,1527531.55,9887535.73,80521043.57,3,24,27,1,2,400,20000
23,So11111111111111111111111111111111111111112-6NcdiK8B5KK2DzKvzvCfqi8EHaEqu48fyEzC8Mm9pump,WSOL-STONKS,WSOL,So11111111111111111111111111111111111111112,STONKS,6NcdiK8B5KK2DzKvzvCfqi8EHaEqu48fyEzC8Mm9pump,2456421.94,1401091.08,9718992.93,98279846.84,3,22,25,1,2,400,20000
24,ukHH6c7mMyiWCf1b9pnWe25TSpkDDt3H5pQZgZ74J82-So11111111111111111111111111111111111111112,BOME-WSOL,BOME,ukHH6c7mMyiWCf1b9pnWe25TSpkDDt3H5pQZgZ74J82,WSOL,So11111111111111111111111111111111111111112,19136223.57,1366020.04,10089479.74,69967977.11,3,9,12,1,2,400,20000
25,So11111111111111111111111111111111111111112-C7heQqfNzdMbUFQwcHkL9FvdwsFsDRBnfwZDDyWYCLTZ,WSOL-$COLLAT,WSOL,So11111111111111111111111111111111111111112,$COLLAT,C7heQqfNzdMbUFQwcHkL9FvdwsFsDRBnfwZDDyWYCLTZ,797185.74,1300446.47,11762689.04,80170624.27,2,21,23,1,2,400,20000
26,So11111111111111111111111111111111111111112-4NBTf8PfLH4oLFnwf3knv46FY9i5oXjDxffCetXRpump,WSOL-YzY,WSOL,So11111111111111111111111111111111111111112,YzY,4NBTf8PfLH4oLFnwf3knv46FY9i5oXjDxffCetXRpump,712229.16,1290635.71,13211573.37,138290757.78,2,19,21,1,2,400,20000
27,So11111111111111111111111111111111111111112-AdwCEWQGzt3vuFMEPMf97AJMiq1eYL2sR7gk2x42pump,WSOL-LENS,WSOL,So11111111111111111111111111111111111111112,LENS,AdwCEWQGzt3vuFMEPMf97AJMiq1eYL2sR7gk2x42pump,97674.86,1139298.43,4469993.17,4469993.17,2,2,4,1,2,400,20000
28,So11111111111111111111111111111111111111112-Grass7B4RdKfBCjTKgSqnXkqjwiGvQyFbuSCUJr3XXjs,WSOL-GRASS,WSOL,So11111111111111111111111111111111111111112,GRASS,Grass7B4RdKfBCjTKgSqnXkqjwiGvQyFbuSCUJr3XXjs,2432620.91,1138706.42,15807217.68,115513074.18,4,36,40,1,2,400,20000
29,So11111111111111111111111111111111111111112-AxriehR6Xw3adzHopnvMn7GcpRFcD41ddpiTWMg6pump,WSOL-jailstool,WSOL,So11111111111111111111111111111111111111112,jailstool,AxriehR6Xw3adzHopnvMn7GcpRFcD41ddpiTWMg6pump,1438795.01,1134473.45,8407829.88,103613363.58,3,44,47,1,2,400,20000
30,So11111111111111111111111111111111111111112-eL5fUxj2J4CiQsmW85k5FG9DvuQjjUoBHoQBi2Kpump,WSOL-UFD,WSOL,So11111111111111111111111111111111111111112,UFD,eL5fUxj2J4CiQsmW85k5FG9DvuQjjUoBHoQBi2Kpump,2641577.86,1110149.63,7886624.73,72053302.55,3,41,44,1,2,400,20000
31,So11111111111111111111111111111111111111112-8x5VqbHA8D7NkD52uNuS5nnt3PwA8pLD34ymskeSo2Wn,WSOL-ZEREBRO,WSOL,So11111111111111111111111111111111111111112,ZEREBRO,8x5VqbHA8D7NkD52uNuS5nnt3PwA8pLD34ymskeSo2Wn,1915587.32,993217.48,6725983.39,59766294.9,3,32,35,1,2,400,20000
32,So11111111111111111111111111111111111111112-Dfh5DzRgSvvCFDoYc2ciTkMrbDfRKybA4SoFbPmApump,WSOL-pippin,WSOL,So11111111111111111111111111111111111111112,pippin,Dfh5DzRgSvvCFDoYc2ciTkMrbDfRKybA4SoFbPmApump,1639960.07,914775.01,5141902.46,44152730.4,2,27,29,1,2,400,20000
33,So11111111111111111111111111111111111111112-3N2ETvNpPNAxhcaXgkhKoY1yDnQfs41Wnxsx5qNJpump,WSOL-NEUR,WSOL,So11111111111111111111111111111111111111112,NEUR,3N2ETvNpPNAxhcaXgkhKoY1yDnQfs41Wnxsx5qNJpump,558946.76,879877.06,2604529.56,14869055.88,3,16,19,1,2,400,20000
34,So11111111111111111111111111111111111111112-9m3nh7YDoF1WSYpNxCjKVU8D1MrXsWRic4HqRaTdcTYB,WSOL-EIC,WSOL,So11111111111111111111111111111111111111112,EIC,9m3nh7YDoF1WSYpNxCjKVU8D1MrXsWRic4HqRaTdcTYB,80701.15,852516.47,32501741.63,32501741.63,1,8,9,1,2,400,20000
35,So11111111111111111111111111111111111111112-3MadWqcN9cSrULn8ikDnan9mF3znoQmBPXtVy6BfSTDB,WSOL-GrokCoin,WSOL,So11111111111111111111111111111111111111112,GrokCoin,3MadWqcN9cSrULn8ikDnan9mF3znoQmBPXtVy6BfSTDB,221213.38,845929.78,11530265.52,182475344.39,1,20,21,1,2,400,20000
36,So11111111111111111111111111111111111111112-9DHe3pycTuymFk4H4bbPoAJ4hQrr2kaLDF6J6aAKpump,WSOL-BUZZ,WSOL,So11111111111111111111111111111111111111112,BUZZ,9DHe3pycTuymFk4H4bbPoAJ4hQrr2kaLDF6J6aAKpump,1333215.69,845281.34,6787003.32,46656577.82,2,31,33,1,2,400,20000
37,So11111111111111111111111111111111111111112-A5o97YGXDgekXdM3HmoEipv8PNgq6ABLyPMc9MnApump,WSOL-JFK,WSOL,So11111111111111111111111111111111111111112,JFK,A5o97YGXDgekXdM3HmoEipv8PNgq6ABLyPMc9MnApump,122116.5,815628.63,1152775.7,1565733.91,2,0,2,1,2,400,20000
38,So11111111111111111111111111111111111111112-GmMautNDHVBsaxt2W38SMi2kqAgrG1HZJkHhdE7Ypump,WSOL-WOF,WSOL,So11111111111111111111111111111111111111112,WOF,GmMautNDHVBsaxt2W38SMi2kqAgrG1HZJkHhdE7Ypump,115446.74,814907.93,21840263.13,21840263.13,2,10,12,1,2,400,20000
39,So11111111111111111111111111111111111111112-t9bFJnG9QvzYUomRuef8239ezZczLteb4fUQ4B3pump,WSOL-Started,WSOL,So11111111111111111111111111111111111111112,Started,t9bFJnG9QvzYUomRuef8239ezZczLteb4fUQ4B3pump,109671.73,813091.3,4140963.81,7687413.14,1,3,4,1,2,400,20000
40,So11111111111111111111111111111111111111112-3JgFwoYV74f6LwWjQWnr3YDPFnmBdwQfNyubv99jqUoq,WSOL-wPOND,WSOL,So11111111111111111111111111111111111111112,wPOND,3JgFwoYV74f6LwWjQWnr3YDPFnmBdwQfNyubv99jqUoq,99801.22,775394.48,1670709.04,2645679.05,4,18,22,1,2,400,20000
41,So11111111111111111111111111111111111111112-CboMcTUYUcy9E6B3yGdFn6aEsGUnYV6yWeoeukw6pump,WSOL-Butthole,WSOL,So11111111111111111111111111111111111111112,Butthole,CboMcTUYUcy9E6B3yGdFn6aEsGUnYV6yWeoeukw6pump,819041.47,751257.21,4991861.62,28353618.5,2,13,15,1,2,400,20000
42,So11111111111111111111111111111111111111112-J1Wpmugrooj1yMyQKrdZ2vwRXG5rhfx3vTnYE39gpump,WSOL-WOULD,WSOL,So11111111111111111111111111111111111111112,WOULD,J1Wpmugrooj1yMyQKrdZ2vwRXG5rhfx3vTnYE39gpump,4157251.44,630392.94,3022286.59,29408948.37,3,9,12,1,2,400,20000
43,So11111111111111111111111111111111111111112-GekTNfm84QfyP2GdAHZ5AgACBRd69aNmgA5FDhZupump,WSOL-GRIFT,WSOL,So11111111111111111111111111111111111111112,GRIFT,GekTNfm84QfyP2GdAHZ5AgACBRd69aNmgA5FDhZupump,1104634.94,617464.66,5153706.8,33657300.17,2,20,22,1,2,400,20000
44,y1AZt42vceCmStjW4zetK3VoNarC1VxJ5iDjpiupump-So11111111111111111111111111111111111111112,FARTBOY-WSOL,FARTBOY,y1AZt42vceCmStjW4zetK3VoNarC1VxJ5iDjpiupump,WSOL,So11111111111111111111111111111111111111112,778294.61,614341.31,6541863.39,58060469.83,1,7,8,1,2,400,20000
45,So11111111111111111111111111111111111111112-EsP4kJfKUDLfX274WoBSiiEy74Sh4tZKUCDjfULHpump,WSOL-FRIC,WSOL,So11111111111111111111111111111111111111112,FRIC,EsP4kJfKUDLfX274WoBSiiEy74Sh4tZKUCDjfULHpump,430681.44,603205.75,2637410.17,12498838.42,2,19,21,1,2,400,20000
46,So11111111111111111111111111111111111111112-E1jCTXdkMRoawoWoqfbhiNkkLbxcSHPssMo36U84pump,WSOL-GFM,WSOL,So11111111111111111111111111111111111111112,GFM,E1jCTXdkMRoawoWoqfbhiNkkLbxcSHPssMo36U84pump,633214.95,600103.66,6682557.48,46729602.69,3,18,21,1,2,400,20000
47,So11111111111111111111111111111111111111112-Cy1GS2FqefgaMbi45UunrUzin1rfEmTUYnomddzBpump,WSOL-MOBY,WSOL,So11111111111111111111111111111111111111112,MOBY,Cy1GS2FqefgaMbi45UunrUzin1rfEmTUYnomddzBpump,609913.4,598999.63,4408134.44,28926856.37,2,44,46,1,2,400,20000
48,So11111111111111111111111111111111111111112-6pKHwNCpzgZuC9o5FzvCZkYSUGfQddhUYtMyDbEVpump,WSOL-Baby,WSOL,So11111111111111111111111111111111111111112,Baby,6pKHwNCpzgZuC9o5FzvCZkYSUGfQddhUYtMyDbEVpump,189960.66,592196.64,10177837.79,83679333.19,1,10,11,1,2,400,20000
49,7XJiwLDrjzxDYdZipnJXzpr1iDTmK55XixSFAa7JgNEL-So11111111111111111111111111111111111111112,MLG-WSOL,MLG,7XJiwLDrjzxDYdZipnJXzpr1iDTmK55XixSFAa7JgNEL,WSOL,So11111111111111111111111111111111111111112,793017.43,550484.6,3284292.17,51576118.44,2,25,27,1,2,400,20000
50,7BgBvyjrZX1YKz4oh9mjb8ZScatkkwb8DzFx7LoiVkM3-So11111111111111111111111111111111111111112,SLERF-WSOL,SLERF,7BgBvyjrZX1YKz4oh9mjb8ZScatkkwb8DzFx7LoiVkM3,WSOL,So11111111111111111111111111111111111111112,32954018.03,546805.59,3770224.58,25305444.83,2,16,18,1,2,400,20000
51,So11111111111111111111111111111111111111112-DTPUUPRxnHAdM3DoiDiUf7M3mym8GXdp6A97AJEZpump,WSOL-PROMETHEUS,WSOL,So11111111111111111111111111111111111111112,PROMETHEUS,DTPUUPRxnHAdM3DoiDiUf7M3mym8GXdp6A97AJEZpump,84816.08,533457.74,34650999.39,45819239.81,2,15,17,1,2,400,20000
52,So11111111111111111111111111111111111111112-FvgqHMfL9yn39V79huDPy3YUNDoYJpuLWng2JfmQpump,WSOL-$URO,WSOL,So11111111111111111111111111111111111111112,$URO,FvgqHMfL9yn39V79huDPy3YUNDoYJpuLWng2JfmQpump,481513.31,532110.41,1499324.1,6226484.62,2,16,18,1,2,400,20000
53,So11111111111111111111111111111111111111112-CBdCxKo9QavR9hfShgpEBG3zekorAeD7W1jfq2o3pump,WSOL-LUCE,WSOL,So11111111111111111111111111111111111111112,LUCE,CBdCxKo9QavR9hfShgpEBG3zekorAeD7W1jfq2o3pump,1101057.14,526592.93,4089562.95,20753384.59,2,36,38,1,2,400,20000
54,Hax9LTgsQkze1YFychnBLtFH8gYbQKtKfWKKg2SP6gdD-So11111111111111111111111111111111111111112,TAI-WSOL,TAI,Hax9LTgsQkze1YFychnBLtFH8gYbQKtKfWKKg2SP6gdD,WSOL,So11111111111111111111111111111111111111112,893413.15,521701.72,4089770.12,22863794.55,2,0,2,1,2,400,20000
55,So11111111111111111111111111111111111111112-G5e2XonmccmdKc98g3eNQe5oBYGw9m8xdMUvVtcZpump,WSOL-MAIAR,WSOL,So11111111111111111111111111111111111111112,MAIAR,G5e2XonmccmdKc98g3eNQe5oBYGw9m8xdMUvVtcZpump,272016.32,516542.59,3019450.8,44378548.72,1,12,13,1,2,400,20000
56,So11111111111111111111111111111111111111112-Zc4uJVrHC2APe9qKwBD11Gg4BbvQr3naM8f7Wiopump,WSOL-pep ,WSOL,So11111111111111111111111111111111111111112,pep ,Zc4uJVrHC2APe9qKwBD11Gg4BbvQr3naM8f7Wiopump,249072.11,506953.52,3402963.08,52337221.01,3,17,20,1,2,400,20000
57,So11111111111111111111111111111111111111112-9McvH6w97oewLmPxqQEoHUAv3u5iYMyQ9AeZZhguYf1T,WSOL-Anon,WSOL,So11111111111111111111111111111111111111112,Anon,9McvH6w97oewLmPxqQEoHUAv3u5iYMyQ9AeZZhguYf1T,1141541.97,498085.71,3555626.84,62238389.34,4,28,32,1,2,400,20000
58,So11111111111111111111111111111111111111112-7ZCm8WBN9aLa3o47SoYctU6iLdj7wkGG5SV2hE5CgtD5,WSOL-ELON,WSOL,So11111111111111111111111111111111111111112,ELON,7ZCm8WBN9aLa3o47SoYctU6iLdj7wkGG5SV2hE5CgtD5,169846.18,493268.91,3551172.7,9264846.04,2,0,2,1,2,400,20000
59,So11111111111111111111111111111111111111112-whispF7G9DHaojYHe2cdhRX5EMJzGBdqq7R57kL6inL,WSOL-WHISP,WSOL,So11111111111111111111111111111111111111112,WHISP,whispF7G9DHaojYHe2cdhRX5EMJzGBdqq7R57kL6inL,335817.55,471031.83,2315241.05,30238495.89,3,12,15,1,2,400,20000
60,So11111111111111111111111111111111111111112-ZEUS1aR7aX8DFFJf5QjWj2ftDDdNTroMNGo8YoQm3Gq,WSOL-ZEUS,WSOL,So11111111111111111111111111111111111111112,ZEUS,ZEUS1aR7aX8DFFJf5QjWj2ftDDdNTroMNGo8YoQm3Gq,463602.98,461408.08,4004632.44,25764137.35,1,25,26,1,2,400,20000
61,So11111111111111111111111111111111111111112-rndrizKT3MK1iimdxRdWabcF7Zg7AR5T4nud4EkHBof,WSOL-RENDER,WSOL,So11111111111111111111111111111111111111112,RENDER,rndrizKT3MK1iimdxRdWabcF7Zg7AR5T4nud4EkHBof,946923.17,454734.58,4350853.53,24224938.16,2,9,11,1,2,400,20000
62,So11111111111111111111111111111111111111112-2RBko3xoz56aH69isQMUpzZd9NYHahhwC23A5F3Spkin,WSOL-PKIN,WSOL,So11111111111111111111111111111111111111112,PKIN,2RBko3xoz56aH69isQMUpzZd9NYHahhwC23A5F3Spkin,932202.85,433342.78,4241118.87,21209390.62,3,28,31,1,2,400,20000
63,So11111111111111111111111111111111111111112-5mbK36SZ7J19An8jFochhQS4of8g6BwUjbeCSxBSoWdp,WSOL-$michi,WSOL,So11111111111111111111111111111111111111112,$michi,5mbK36SZ7J19An8jFochhQS4of8g6BwUjbeCSxBSoWdp,2125031.08,420130.04,4510591.06,40821411.52,3,21,24,1,2,400,20000
64,So11111111111111111111111111111111111111112-9UYAYvVS2cZ3BndbsoG1ScJbjfwyEPGxjE79hh5ipump,WSOL-DOGEAI,WSOL,So11111111111111111111111111111111111111112,DOGEAI,9UYAYvVS2cZ3BndbsoG1ScJbjfwyEPGxjE79hh5ipump,2674688.59,409797.92,5129856.65,68920707.36,2,20,22,1,2,400,20000
65,So11111111111111111111111111111111111111112-CNvitvFnSM5ed6K28RUNSaAjqqz5tX1rA5HgaBN9pump,WSOL-FRED,WSOL,So11111111111111111111111111111111111111112,FRED,CNvitvFnSM5ed6K28RUNSaAjqqz5tX1rA5HgaBN9pump,785354.49,364043.19,2470872.27,20288260.07,2,19,21,1,2,400,20000
66,So11111111111111111111111111111111111111112-GwKKPsJdY5oWMJ8RReWLcvb82KzW6FKy2bKoYW7kHr16,WSOL-LLD,WSOL,So11111111111111111111111111111111111111112,LLD,GwKKPsJdY5oWMJ8RReWLcvb82KzW6FKy2bKoYW7kHr16,812141.53,359512.94,839204.03,4223880.28,4,8,12,1,2,400,20000
67,So11111111111111111111111111111111111111112-7D1iYWfhw2cr9yBZBFE6nZaaSUvXHqG5FizFFEZwpump,WSOL-YNE,WSOL,So11111111111111111111111111111111111111112,YNE,7D1iYWfhw2cr9yBZBFE6nZaaSUvXHqG5FizFFEZwpump,1010386.89,343156.03,1702963.21,17155978.12,2,23,25,1,2,400,20000
68,So11111111111111111111111111111111111111112-BZLbGTNCSFfoth2GYDtwr7e4imWzpR5jqcUuGEwr646K,WSOL-IO,WSOL,So11111111111111111111111111111111111111112,IO,BZLbGTNCSFfoth2GYDtwr7e4imWzpR5jqcUuGEwr646K,1852288.4,333096.21,2975183.49,22754824.43,3,28,31,1,2,400,20000
69,So11111111111111111111111111111111111111112-HeJUFDxfJSzYFUuHLxkMqCgytU31G6mjP4wKviwqpump,WSOL-GNON,WSOL,So11111111111111111111111111111111111111112,GNON,HeJUFDxfJSzYFUuHLxkMqCgytU31G6mjP4wKviwqpump,613729.54,331420.59,671321.44,2906483.73,3,17,20,1,2,400,20000
70,So11111111111111111111111111111111111111112-9eXC6W3ZKnkNnCr9iENExRLJDYfPGLbc4m6qfJzJpump,WSOL-TRIT,WSOL,So11111111111111111111111111111111111111112,TRIT,9eXC6W3ZKnkNnCr9iENExRLJDYfPGLbc4m6qfJzJpump,121499.28,323475.51,2572428.16,22433692.75,1,6,7,1,2,400,20000
71,So11111111111111111111111111111111111111112-8XtRWb4uAAJFMP4QQhoYYCWR6XXb7ybcCdiqPwz9s5WS,WSOL-ALON,WSOL,So11111111111111111111111111111111111111112,ALON,8XtRWb4uAAJFMP4QQhoYYCWR6XXb7ybcCdiqPwz9s5WS,709988.76,315817.11,2121885.01,11736425.3,3,23,26,1,2,400,20000
72,So11111111111111111111111111111111111111112-CDDybYjY6y7RBKXXaCKHRhUhb31y3rjGB7idTdeFpump,WSOL-FU,WSOL,So11111111111111111111111111111111111111112,FU,CDDybYjY6y7RBKXXaCKHRhUhb31y3rjGB7idTdeFpump,289812.08,311632.34,594255.26,7284675.13,1,3,4,1,2,400,20000
73,So11111111111111111111111111111111111111112-3CnqgfQmiCyjMgaDfJpBDi9mjsE11vFnTfniM8BTMBzK,WSOL-MARS,WSOL,So11111111111111111111111111111111111111112,MARS,3CnqgfQmiCyjMgaDfJpBDi9mjsE11vFnTfniM8BTMBzK,45088.71,301382.47,641048.34,799612.55,2,0,2,1,2,400,20000
74,h5NciPdMZ5QCB5BYETJMYBMpVx9ZuitR6HcVjyBhood-So11111111111111111111111111111111111111112,HOOD-WSOL,HOOD,h5NciPdMZ5QCB5BYETJMYBMpVx9ZuitR6HcVjyBhood,WSOL,So11111111111111111111111111111111111111112,424250.97,293194.07,2001145.97,57524478.69,2,19,21,1,2,400,20000
75,So11111111111111111111111111111111111111112-GTLzfPYQFGYHf4HGnHdXHNqNFm6JDfpcPSZTtkH6pump,WSOL-SIDELINED,WSOL,So11111111111111111111111111111111111111112,SIDELINED,GTLzfPYQFGYHf4HGnHdXHNqNFm6JDfpcPSZTtkH6pump,44150.18,290608.73,1027247.05,5269097.58,1,2,3,1,2,400,20000
76,So11111111111111111111111111111111111111112-9PR7nCP9DpcUotnDPVLUBUZKu5WAYkwrCUx9wDnSpump,WSOL-Ban,WSOL,So11111111111111111111111111111111111111112,Ban,9PR7nCP9DpcUotnDPVLUBUZKu5WAYkwrCUx9wDnSpump,2314219.51,290221.7,2426909.15,94030356.32,3,20,23,1,2,400,20000
77,So11111111111111111111111111111111111111112-3S8qX1MsMqRbiwKg2cQyx7nis1oHMgaCuc9c4VfvVdPN,WSOL-MOTHER,WSOL,So11111111111111111111111111111111111111112,MOTHER,3S8qX1MsMqRbiwKg2cQyx7nis1oHMgaCuc9c4VfvVdPN,878262.94,267577.96,1249137.9,6278988.67,2,49,51,1,2,400,20000
78,So11111111111111111111111111111111111111112-FasH397CeZLNYWkd3wWK9vrmjd1z93n3b59DssRXpump,WSOL-BUTTCOIN,WSOL,So11111111111111111111111111111111111111112,BUTTCOIN,FasH397CeZLNYWkd3wWK9vrmjd1z93n3b59DssRXpump,362319.97,260622.69,2138112.01,22245893.6,1,10,11,1,2,400,20000
79,6ogzHhzdrQr9Pgv6hZ2MNze7UrzBMAFyBBWUYp1Fhitx-So11111111111111111111111111111111111111112,RETARDIO-WSOL,RETARDIO,6ogzHhzdrQr9Pgv6hZ2MNze7UrzBMAFyBBWUYp1Fhitx,WSOL,So11111111111111111111111111111111111111112,1196629.95,258794.92,2344448.85,16446010.78,2,24,26,1,2,400,20000
80,So11111111111111111111111111111111111111112-4FkNq8RcCYg4ZGDWh14scJ7ej3m5vMjYTcWoJVkupump,WSOL-LUMO,WSOL,So11111111111111111111111111111111111111112,LUMO,4FkNq8RcCYg4ZGDWh14scJ7ej3m5vMjYTcWoJVkupump,341020.12,253331.87,1825153.68,26544835.5,3,15,18,1,2,400,20000
81,So11111111111111111111111111111111111111112-CreiuhfwdWCN5mJbMJtA9bBpYQrQF2tCBuZwSPWfpump,WSOL-PYTHIA,WSOL,So11111111111111111111111111111111111111112,PYTHIA,CreiuhfwdWCN5mJbMJtA9bBpYQrQF2tCBuZwSPWfpump,706446.89,244658.89,1409385.73,13398447.15,2,14,16,1,2,400,20000
82,So11111111111111111111111111111111111111112-9So52ugZh2BLBT3f7p61947q91uQh2DyvbfyMDeRpump,WSOL-MUSKIT,WSOL,So11111111111111111111111111111111111111112,MUSKIT,9So52ugZh2BLBT3f7p61947q91uQh2DyvbfyMDeRpump,263301.16,237483.92,1632913.51,11100556.31,3,11,14,1,2,400,20000
83,So11111111111111111111111111111111111111112-H2c31USxu35MDkBrGph8pUDUnmzo2e4Rf4hnvL2Upump,WSOL-Shoggoth,WSOL,So11111111111111111111111111111111111111112,Shoggoth,H2c31USxu35MDkBrGph8pUDUnmzo2e4Rf4hnvL2Upump,684972.51,237470.04,1312906.24,6570631.39,2,28,30,1,2,400,20000
84,So11111111111111111111111111111111111111112-5SVG3T9CNQsm2kEwzbRq6hASqh1oGfjqTtLXYUibpump,WSOL-SIGMA,WSOL,So11111111111111111111111111111111111111112,SIGMA,5SVG3T9CNQsm2kEwzbRq6hASqh1oGfjqTtLXYUibpump,889577.37,236483.34,2691203.6,14844477.42,2,17,19,1,2,400,20000
85,So11111111111111111111111111111111111111112-CRAMvzDsSpXYsFpcoDr6vFLJMBeftez1E7277xwPpump,WSOL-PEPECAT,WSOL,So11111111111111111111111111111111111111112,PEPECAT,CRAMvzDsSpXYsFpcoDr6vFLJMBeftez1E7277xwPpump,407138.6,235522.92,1332903.88,8044198.34,2,0,2,1,2,400,20000
86,So11111111111111111111111111111111111111112-4HBQm2EhdpUWZkTYxttxNDnsoWi5beRAGWHpjVo8pump,WSOL-CAT,WSOL,So11111111111111111111111111111111111111112,CAT,4HBQm2EhdpUWZkTYxttxNDnsoWi5beRAGWHpjVo8pump,194811.86,227426.81,1632365.89,3577005.56,2,0,2,1,2,400,20000
87,8wXtPeU6557ETkp9WHFY1n1EcU6NxDvbAggHGsMYiHsB-So11111111111111111111111111111111111111112,GME-WSOL,GME,8wXtPeU6557ETkp9WHFY1n1EcU6NxDvbAggHGsMYiHsB,WSOL,So11111111111111111111111111111111111111112,2102362.07,226738.82,974298.02,8821921.32,2,34,36,1,2,400,20000
88,So11111111111111111111111111111111111111112-42kgc4RDpWBMM5qtuaHenJuMzfk7nu1t7HSau74cpump,WSOL-FAIR³,WSOL,So11111111111111111111111111111111111111112,FAIR³,42kgc4RDpWBMM5qtuaHenJuMzfk7nu1t7HSau74cpump,443909.08,223710.57,937304.85,9637222.01,2,0,2,1,2,400,20000
89,So11111111111111111111111111111111111111112-HW7D5MyYG4Dz2C98axfjVBeLWpsEnofrqy6ZUwqwpump,WSOL-VIRAL,WSOL,So11111111111111111111111111111111111111112,VIRAL,HW7D5MyYG4Dz2C98axfjVBeLWpsEnofrqy6ZUwqwpump,402225.29,222280.21,2088538.67,16770635.94,2,8,10,1,2,400,20000
90,AGwPhVjqE9GKDfj1cXbssdpBDzHHMX3ueivKFHtdWBwY-So11111111111111111111111111111111111111112,AIB-WSOL,AIB,AGwPhVjqE9GKDfj1cXbssdpBDzHHMX3ueivKFHtdWBwY,WSOL,So11111111111111111111111111111111111111112,22072.9,221146.45,261273.95,331171.78,4,0,4,1,2,400,20000
91,So11111111111111111111111111111111111111112-VaxZxmFXV8tmsd72hUn22ex6GFzZ5uq9DVJ5wA5pump,WSOL-OIIAOIIA,WSOL,So11111111111111111111111111111111111111112,OIIAOIIA,VaxZxmFXV8tmsd72hUn22ex6GFzZ5uq9DVJ5wA5pump,470537.88,218420.8,2491504.45,13039156.08,1,9,10,1,2,400,20000
92,So11111111111111111111111111111111111111112-BP8RUdhLKBL2vgVXc3n7oTSZKWaQVbD8S6QcPaMVBAPo,WSOL-FAFO,WSOL,So11111111111111111111111111111111111111112,FAFO,BP8RUdhLKBL2vgVXc3n7oTSZKWaQVbD8S6QcPaMVBAPo,347266.51,213037.75,1218215.36,20590681.35,2,30,32,1,2,400,20000
93,So11111111111111111111111111111111111111112-C7AEUE3MJ8siPxwM6C2ysth4ZqhpeTJnS8oXiRqTpump,WSOL-CAPYL,WSOL,So11111111111111111111111111111111111111112,CAPYL,C7AEUE3MJ8siPxwM6C2ysth4ZqhpeTJnS8oXiRqTpump,165061.69,211258.98,1339733.51,6607081.79,2,0,2,1,2,400,20000
94,So11111111111111111111111111111111111111112-6JGSHS9GrE9uG8ix63w3DPMYHrgrJ6J4QyHbBhAepump,WSOL-Crashout,WSOL,So11111111111111111111111111111111111111112,Crashout,6JGSHS9GrE9uG8ix63w3DPMYHrgrJ6J4QyHbBhAepump,248570.88,207225.23,1591384.58,7543831.1,1,13,14,1,2,400,20000
95,So11111111111111111111111111111111111111112-HgBRWfYxEfvPhtqkaeymCQtHCrKE46qQ43pKe8HCpump,WSOL-Bert,WSOL,So11111111111111111111111111111111111111112,Bert,HgBRWfYxEfvPhtqkaeymCQtHCrKE46qQ43pKe8HCpump,752476.75,202455.8,1452312.81,13820562.37,4,8,12,1,2,400,20000
96,So11111111111111111111111111111111111111112-5voS9evDjxF589WuEub5i4ti7FWQmZCsAsyD5ucbuRqM,WSOL-ELIZA,WSOL,So11111111111111111111111111111111111111112,ELIZA,5voS9evDjxF589WuEub5i4ti7FWQmZCsAsyD5ucbuRqM,567664.67,200126.89,1616727.97,13929785.76,2,25,27,1,2,400,20000
97,So11111111111111111111111111111111111111112-DjgujfEv2u2qz7PNuS6Ct7bctnxPFihfWE2zBpKZpump,WSOL-ANGLERFISH,WSOL,So11111111111111111111111111111111111111112,ANGLERFISH,DjgujfEv2u2qz7PNuS6Ct7bctnxPFihfWE2zBpKZpump,147077.69,196742.6,3679947.74,70423895.18,2,15,17,1,2,400,20000
98,6dKCoWjpj5MFU5gWDEFdpUUeBasBLK3wLEwhUzQPAa1e-So11111111111111111111111111111111111111112,CHEX-WSOL,CHEX,6dKCoWjpj5MFU5gWDEFdpUUeBasBLK3wLEwhUzQPAa1e,WSOL,So11111111111111111111111111111111111111112,1274572.51,195843.46,1793246.41,30523951.75,3,10,13,1,2,400,20000
99,So11111111111111111111111111111111111111112-FQ1tyso61AH1tzodyJfSwmzsD3GToybbRNoZxUBz21p8,WSOL-vvaifu,WSOL,So11111111111111111111111111111111111111112,vvaifu,FQ1tyso61AH1tzodyJfSwmzsD3GToybbRNoZxUBz21p8,694917.31,190885.0,1424038.14,9682091.1,2,16,18,1,2,400,20000
100,So11111111111111111111111111111111111111112-Hu5RJeyYz3wfwQ64y4JENLMVGeoQrnfnGQBFapPGYEp1,WSOL-CLONE,WSOL,So11111111111111111111111111111111111111112,CLONE,Hu5RJeyYz3wfwQ64y4JENLMVGeoQrnfnGQBFapPGYEp1,505054.96,184693.12,1142905.32,10640844.81,1,3,4,1,2,400,20000
101,So11111111111111111111111111111111111111112-Cn5Ne1vmR9ctMGY9z5NC71A3NYFvopjXNyxYtfVYpump,WSOL-listen,WSOL,So11111111111111111111111111111111111111112,listen,Cn5Ne1vmR9ctMGY9z5NC71A3NYFvopjXNyxYtfVYpump,365435.09,179589.67,1798036.63,17316090.57,2,16,18,1,2,400,20000
102,So11111111111111111111111111111111111111112-9pnDLVWmWyccy6HhZKcCiwrQEBX1UHQ5ikKPo5xrpump,WSOL-THURSTON,WSOL,So11111111111111111111111111111111111111112,THURSTON,9pnDLVWmWyccy6HhZKcCiwrQEBX1UHQ5ikKPo5xrpump,108638.38,175287.53,1691155.78,4993327.25,2,0,2,1,2,400,20000
103,So11111111111111111111111111111111111111112-4ELGifwr2jHtEaFZUXXvQLAYiE6W5bvpWYZbJTRSpump,WSOL-TTG,WSOL,So11111111111111111111111111111111111111112,TTG,4ELGifwr2jHtEaFZUXXvQLAYiE6W5bvpWYZbJTRSpump,189201.29,170059.26,1125558.7,22257982.04,3,4,7,1,2,400,20000
104,So11111111111111111111111111111111111111112-FVdo7CDJarhYoH6McyTFqx71EtzCPViinvdd1v86Qmy5,WSOL-Aimonica,WSOL,So11111111111111111111111111111111111111112,Aimonica,FVdo7CDJarhYoH6McyTFqx71EtzCPViinvdd1v86Qmy5,267557.86,168081.58,1289222.58,8608661.57,1,7,8,1,2,400,20000
105,So11111111111111111111111111111111111111112-FHKiJEg2zmhv9DEeaXMSZa7R4P8BPFX5VTRrzrtJpump,WSOL-HIBER,WSOL,So11111111111111111111111111111111111111112,HIBER,FHKiJEg2zmhv9DEeaXMSZa7R4P8BPFX5VTRrzrtJpump,134189.21,168070.37,1329980.27,44706362.9,1,6,7,1,2,400,20000
106,So11111111111111111111111111111111111111112-AxGAbdFtdbj2oNXa4dKqFvwHzgFtW9mFHWmd7vQfpump,WSOL-HAT,WSOL,So11111111111111111111111111111111111111112,HAT,AxGAbdFtdbj2oNXa4dKqFvwHzgFtW9mFHWmd7vQfpump,480049.91,167435.18,1463433.08,13940052.04,2,10,12,1,2,400,20000
107,So11111111111111111111111111111111111111112-6d5zHW5B8RkGKd51Lpb9RqFQSqDudr9GJgZ1SgQZpump,WSOL-AVB,WSOL,So11111111111111111111111111111111111111112,AVB,6d5zHW5B8RkGKd51Lpb9RqFQSqDudr9GJgZ1SgQZpump,561398.4,167175.45,863801.06,9809874.14,3,12,15,1,2,400,20000
108,GeBCL92LPDysZPFYjRkPe7cK42Vb4ehHPZCTtCSwja7w-So11111111111111111111111111111111111111112,BAOBAO-WSOL,BAOBAO,GeBCL92LPDysZPFYjRkPe7cK42Vb4ehHPZCTtCSwja7w,WSOL,So11111111111111111111111111111111111111112,434133.4,149853.26,2135968.03,7710816.86,2,0,2,1,2,400,20000
109,So11111111111111111111111111111111111111112-J7tYmq2JnQPvxyhcXpCDrvJnc9R5ts8rv7tgVHDPsw7U,WSOL-FLOYDAI,WSOL,So11111111111111111111111111111111111111112,FLOYDAI,J7tYmq2JnQPvxyhcXpCDrvJnc9R5ts8rv7tgVHDPsw7U,453899.82,139876.91,1296352.81,18973089.72,2,8,10,1,2,400,20000
110,So11111111111111111111111111111111111111112-6yjNqPzTSanBWSa6dxVEgTjePXBrZ2FoHLDQwYwEsyM6,WSOL-Chud,WSOL,So11111111111111111111111111111111111111112,Chud,6yjNqPzTSanBWSa6dxVEgTjePXBrZ2FoHLDQwYwEsyM6,354762.51,138381.71,1494452.14,3913430.42,1,16,17,1,2,400,20000
111,So11111111111111111111111111111111111111112-7b36cKRYFZsMp3vLByVwfVQxW2ndcYth5rhPnyypump,WSOL-PINO,WSOL,So11111111111111111111111111111111111111112,PINO,7b36cKRYFZsMp3vLByVwfVQxW2ndcYth5rhPnyypump,267233.27,138284.71,411477.07,2305251.17,1,22,23,1,2,400,20000
112,14zP2ToQ79XWvc7FQpm4bRnp9d6Mp1rFfsUW3gpLcRX-So11111111111111111111111111111111111111112,AIXBT-WSOL,AIXBT,14zP2ToQ79XWvc7FQpm4bRnp9d6Mp1rFfsUW3gpLcRX,WSOL,So11111111111111111111111111111111111111112,505827.39,138168.67,954320.97,8666348.15,2,14,16,1,2,400,20000
113,So11111111111111111111111111111111111111112-zGh48JtNHVBb5evgoZLXwgPD2Qu4MhkWdJLGDAupump,WSOL-retire,WSOL,So11111111111111111111111111111111111111112,retire,zGh48JtNHVBb5evgoZLXwgPD2Qu4MhkWdJLGDAupump,233923.6,135191.84,793769.6,4668242.32,2,7,9,1,2,400,20000
114,So11111111111111111111111111111111111111112-Gu3LDkn7Vx3bmCzLafYNKcDxv2mH7YN44NJZFXnypump,WSOL-degenai,WSOL,So11111111111111111111111111111111111111112,degenai,Gu3LDkn7Vx3bmCzLafYNKcDxv2mH7YN44NJZFXnypump,554216.6,130667.38,1087952.05,5625701.59,3,21,24,1,2,400,20000
115,So11111111111111111111111111111111111111112-2xq6CNmBdfCXxg91qN5ZFjbKozupCKJ3rKkfN8VBpump,WSOL-uncovr,WSOL,So11111111111111111111111111111111111111112,uncovr,2xq6CNmBdfCXxg91qN5ZFjbKozupCKJ3rKkfN8VBpump,28974.81,130550.81,1907827.68,1907827.68,2,2,4,1,2,400,20000
116,So11111111111111111111111111111111111111112-SonicxvLud67EceaEzCLRnMTBqzYUUYNr93DBkBdDES,WSOL-SONIC,WSOL,So11111111111111111111111111111111111111112,SONIC,SonicxvLud67EceaEzCLRnMTBqzYUUYNr93DBkBdDES,283275.35,130385.89,1038810.36,11410792.73,3,38,41,1,2,400,20000
117,GtDZKAqvMZMnti46ZewMiXCa4oXF4bZxwQPoKzXPFxZn-So11111111111111111111111111111111111111112,nub-WSOL,nub,GtDZKAqvMZMnti46ZewMiXCa4oXF4bZxwQPoKzXPFxZn,WSOL,So11111111111111111111111111111111111111112,853819.19,129615.56,894413.37,4395102.32,1,18,19,1,2,400,20000
118,So11111111111111111111111111111111111111112-HhCLbkW6FwhriTkk81W8tYstsRCLUu6Y7Je1SQjVpump,WSOL-KIKI,WSOL,So11111111111111111111111111111111111111112,KIKI,HhCLbkW6FwhriTkk81W8tYstsRCLUu6Y7Je1SQjVpump,488293.94,127262.82,961806.47,6266776.0,2,11,13,1,2,400,20000
119,69kdRLyP5DTRkpHraaSZAQbWmAwzF9guKjZfzMXzcbAs-So11111111111111111111111111111111111111112,USA-WSOL,USA,69kdRLyP5DTRkpHraaSZAQbWmAwzF9guKjZfzMXzcbAs,WSOL,So11111111111111111111111111111111111111112,1413357.81,127179.18,1405432.84,12207649.44,2,27,29,1,2,400,20000
120,So11111111111111111111111111111111111111112-oraim8c9d1nkfuQk9EzGYEUGxqL3MHQYndRw1huVo5h,WSOL-MAX,WSOL,So11111111111111111111111111111111111111112,MAX,oraim8c9d1nkfuQk9EzGYEUGxqL3MHQYndRw1huVo5h,510250.92,126314.55,1089327.56,14549908.74,2,17,19,1,2,400,20000
121,So11111111111111111111111111111111111111112-9hfKxLSnwh4LhpRgmxBYDRgrKeYUgszMePKxuidPpump,WSOL-KIT,WSOL,So11111111111111111111111111111111111111112,KIT,9hfKxLSnwh4LhpRgmxBYDRgrKeYUgszMePKxuidPpump,199593.65,124836.93,545235.81,19847617.63,1,16,17,1,2,400,20000
122,So11111111111111111111111111111111111111112-BAezfVmia8UYLt4rst6PCU4dvL2i2qHzqn4wGhytpNJW,WSOL-Ainti,WSOL,So11111111111111111111111111111111111111112,Ainti,BAezfVmia8UYLt4rst6PCU4dvL2i2qHzqn4wGhytpNJW,305156.52,121689.83,864438.93,6641022.83,3,12,15,1,2,400,20000
123,So11111111111111111111111111111111111111112-HZ1JovNiVvGrGNiiYvEozEVgZ58xaU3RKwX8eACQBCt3,WSOL-PYTH,WSOL,So11111111111111111111111111111111111111112,PYTH,HZ1JovNiVvGrGNiiYvEozEVgZ58xaU3RKwX8eACQBCt3,247759.78,119258.88,863670.01,11445271.78,3,15,18,1,2,400,20000
124,So11111111111111111111111111111111111111112-GxdTh6udNstGmLLk9ztBb6bkrms7oLbrJp5yzUaVpump,WSOL-scihub,WSOL,So11111111111111111111111111111111111111112,scihub,GxdTh6udNstGmLLk9ztBb6bkrms7oLbrJp5yzUaVpump,303975.22,118049.84,608109.22,2832584.64,3,12,15,1,2,400,20000
125,So11111111111111111111111111111111111111112-GAMwtMB6onAvBNBQJCJFuxoaqfPH8uCQ2dewNMVVpump,WSOL-TANK,WSOL,So11111111111111111111111111111111111111112,TANK,GAMwtMB6onAvBNBQJCJFuxoaqfPH8uCQ2dewNMVVpump,371236.55,113147.04,987343.57,7917118.41,2,12,14,1,2,400,20000
126,ATRLuHph8dxnPny4WSNW7fxkhbeivBrtWbY6BfB4xpLj-EPjFWdd5AufqSSqeM2qN1xzybapC8G4wEGGkZwyTDt1v,ATR-USDC,ATR,ATRLuHph8dxnPny4WSNW7fxkhbeivBrtWbY6BfB4xpLj,USDC,EPjFWdd5AufqSSqeM2qN1xzybapC8G4wEGGkZwyTDt1v,475731.55,112981.43,1261017.93,5781373.5,2,0,2,1,2,400,20000
127,So11111111111111111111111111111111111111112-5QS7RcHfGUa2ZtrovPvEJMB9coqroiT7H48dPSwFpump,WSOL-AIOS,WSOL,So11111111111111111111111111111111111111112,AIOS,5QS7RcHfGUa2ZtrovPvEJMB9coqroiT7H48dPSwFpump,290814.83,112515.87,421664.87,4381427.49,2,16,18,1,2,400,20000
128,So11111111111111111111111111111111111111112-BLDiYcvm3CLcgZ7XUBPgz6idSAkNmWY6MBbm8Xpjpump,WSOL-TRISIG,WSOL,So11111111111111111111111111111111111111112,TRISIG,BLDiYcvm3CLcgZ7XUBPgz6idSAkNmWY6MBbm8Xpjpump,383746.59,112083.52,1846042.4,7753452.86,2,12,14,1,2,400,20000
129,So11111111111111111111111111111111111111112-7ZqzGzTNg5tjK1CHTBdGFHyKjBtXdfvAobuGgdt4pump,WSOL-BARSIK,WSOL,So11111111111111111111111111111111111111112,BARSIK,7ZqzGzTNg5tjK1CHTBdGFHyKjBtXdfvAobuGgdt4pump,364688.29,108528.4,888034.32,6111876.14,2,12,14,1,2,400,20000
130,So11111111111111111111111111111111111111112-2z1p8xCEjRzpBHjXWrx4tJnz7BFL6z7NnvbCxH7bpump,WSOL-San,WSOL,So11111111111111111111111111111111111111112,San,2z1p8xCEjRzpBHjXWrx4tJnz7BFL6z7NnvbCxH7bpump,267350.32,108173.75,1826151.93,15536821.73,1,13,14,1,2,400,20000
131,6dKCoWjpj5MFU5gWDEFdpUUeBasBLK3wLEwhUzQPAa1e-EPjFWdd5AufqSSqeM2qN1xzybapC8G4wEGGkZwyTDt1v,CHEX-USDC,CHEX,6dKCoWjpj5MFU5gWDEFdpUUeBasBLK3wLEwhUzQPAa1e,USDC,EPjFWdd5AufqSSqeM2qN1xzybapC8G4wEGGkZwyTDt1v,585690.56,105237.81,586974.44,3911966.33,1,9,10,1,2,400,20000
132,CckLtcfEtsYzg8sUrVBBrFKt16iExpvEurc1dhKmmoon-So11111111111111111111111111111111111111112,T3AI-WSOL,T3AI,CckLtcfEtsYzg8sUrVBBrFKt16iExpvEurc1dhKmmoon,WSOL,So11111111111111111111111111111111111111112,262529.51,102475.38,446908.66,3161109.96,1,15,16,1,2,400,20000
133,So11111111111111111111111111111111111111112-9Rhbn9G5poLvgnFzuYBtJgbzmiipNra35QpnUek9virt,WSOL-BILLY,WSOL,So11111111111111111111111111111111111111112,BILLY,9Rhbn9G5poLvgnFzuYBtJgbzmiipNra35QpnUek9virt,74276.78,100531.28,248436.16,2393504.92,1,1,2,1,2,400,20000
134,25hAyBQfoDhfWx9ay6rarbgvWGwDdNqcHsXS3jQ3mTDJ-So11111111111111111111111111111111111111112,MANEKI-WSOL,MANEKI,25hAyBQfoDhfWx9ay6rarbgvWGwDdNqcHsXS3jQ3mTDJ,WSOL,So11111111111111111111111111111111111111112,5369497.47,99743.03,1024401.56,8738888.22,2,17,19,1,2,400,20000
135,8Ki8DpuWNxu9VsS3kQbarsCWMcFGWkzzA8pUPto9zBd5-So11111111111111111111111111111111111111112,LOCKIN-WSOL,LOCKIN,8Ki8DpuWNxu9VsS3kQbarsCWMcFGWkzzA8pUPto9zBd5,WSOL,So11111111111111111111111111111111111111112,519538.52,97366.22,878664.88,7306080.56,2,24,26,1,2,400,20000
136,So11111111111111111111111111111111111111112-2sNvt9tRAW29cZgj3cVmwEGLJFfqb127GKnAiEN8iBxY,WSOL-JOBSEEK,WSOL,So11111111111111111111111111111111111111112,JOBSEEK,2sNvt9tRAW29cZgj3cVmwEGLJFfqb127GKnAiEN8iBxY,58784.37,96623.18,790153.87,8101082.46,1,2,3,1,2,400,20000
137,So11111111111111111111111111111111111111112-E7NgL19JbN8BhUDgWjkH8MtnbhJoaGaWJqosxZZepump,WSOL-PAYAI,WSOL,So11111111111111111111111111111111111111112,PAYAI,E7NgL19JbN8BhUDgWjkH8MtnbhJoaGaWJqosxZZepump,45361.51,95073.11,750947.3,1445046.8,2,0,2,1,2,400,20000
138,So11111111111111111111111111111111111111112-3HfLqhtF5hR5dyBXh6BMtRaTm9qzStvEGuMa8Gx6pump,WSOL-buidl,WSOL,So11111111111111111111111111111111111111112,buidl,3HfLqhtF5hR5dyBXh6BMtRaTm9qzStvEGuMa8Gx6pump,216275.81,95066.48,683587.72,2707667.77,2,4,6,1,2,400,20000
139,So11111111111111111111111111111111111111112-9sbrLLnk4vxJajnZWXP9h5qk1NDFw7dz2eHjgemcpump,WSOL-Beenz,WSOL,So11111111111111111111111111111111111111112,Beenz,9sbrLLnk4vxJajnZWXP9h5qk1NDFw7dz2eHjgemcpump,191572.44,92430.42,276022.58,4223645.84,2,12,14,1,2,400,20000
140,EhkDgP8e5sz16AFCWUCYJzVug1zvpDLTEHxH4WAFpBFA-So11111111111111111111111111111111111111112,X-WSOL,X,EhkDgP8e5sz16AFCWUCYJzVug1zvpDLTEHxH4WAFpBFA,WSOL,So11111111111111111111111111111111111111112,204145.1,91842.6,703478.89,3284251.21,2,0,2,1,2,400,20000
141,So11111111111111111111111111111111111111112-8YiB8B43EwDeSx5Jp91VQjgBU4mfCgVvyNahadtzpump,WSOL-Y2K,WSOL,So11111111111111111111111111111111111111112,Y2K,8YiB8B43EwDeSx5Jp91VQjgBU4mfCgVvyNahadtzpump,300021.37,91380.19,1028015.45,5850257.1,1,7,8,1,2,400,20000
142,So11111111111111111111111111111111111111112-9JhFqCA21MoAXs2PTaeqNQp2XngPn1PgYr2rsEVCpump,WSOL-OPUS,WSOL,So11111111111111111111111111111111111111112,OPUS,9JhFqCA21MoAXs2PTaeqNQp2XngPn1PgYr2rsEVCpump,635208.68,90673.37,609868.09,3068206.07,2,13,15,1,2,400,20000
143,So11111111111111111111111111111111111111112-92cRC6kV5D7TiHX1j56AbkPbffo9jwcXxSDQZ8Mopump,WSOL-fxn,WSOL,So11111111111111111111111111111111111111112,fxn,92cRC6kV5D7TiHX1j56AbkPbffo9jwcXxSDQZ8Mopump,212048.53,90207.46,558819.48,3431047.87,2,6,8,1,2,400,20000
144,So11111111111111111111111111111111111111112-5XUUN5z1yBPEwoLztu4qMenmFe6GQnZptBFsnFnEpump,WSOL-WAVE,WSOL,So11111111111111111111111111111111111111112,WAVE,5XUUN5z1yBPEwoLztu4qMenmFe6GQnZptBFsnFnEpump,113600.58,89345.11,960173.37,2945456.87,2,13,15,1,2,400,20000
145,So11111111111111111111111111111111111111112-GPrg1CgbBvAJS2SCuf9gF7NmQYsWudfyfWy5SUzypump,WSOL-EDWIN,WSOL,So11111111111111111111111111111111111111112,EDWIN,GPrg1CgbBvAJS2SCuf9gF7NmQYsWudfyfWy5SUzypump,320197.78,88958.17,823306.76,7218578.01,2,8,10,1,2,400,20000
146,BYZ9CcZGKAXmN2uDsKcQMM9UnZacija4vWcns9Th69xb-So11111111111111111111111111111111111111112,BOTIFY-WSOL,BOTIFY,BYZ9CcZGKAXmN2uDsKcQMM9UnZacija4vWcns9Th69xb,WSOL,So11111111111111111111111111111111111111112,277395.82,84405.33,880099.62,7565708.21,2,0,2,1,2,400,20000
147,So11111111111111111111111111111111111111112-HEHT1eKNsTnuMAQaSM4ac8r3ynckmquxA3hUun5Npump,WSOL-FLOW,WSOL,So11111111111111111111111111111111111111112,FLOW,HEHT1eKNsTnuMAQaSM4ac8r3ynckmquxA3hUun5Npump,118197.86,83959.31,842731.23,13590246.35,1,10,11,1,2,400,20000
148,hntyVP6YFm1Hg25TN9WGLqM12b8TQmcknKrdu1oxWux-So11111111111111111111111111111111111111112,HNT-WSOL,HNT,hntyVP6YFm1Hg25TN9WGLqM12b8TQmcknKrdu1oxWux,WSOL,So11111111111111111111111111111111111111112,1155092.65,82021.91,878178.76,5038737.25,2,6,8,1,2,400,20000
149,So11111111111111111111111111111111111111112-5ZMUboLJUeneKouqrqu4jeLE68vX68ehE5qprV3Upump,WSOL-TIRED,WSOL,So11111111111111111111111111111111111111112,TIRED,5ZMUboLJUeneKouqrqu4jeLE68vX68ehE5qprV3Upump,196689.73,77533.75,581877.73,1507640.86,2,0,2,1,2,400,20000
150,So11111111111111111111111111111111111111112-8SpPaFLycx897D6sowPZkEkcNdDahzRZb5itr6D8pump,WSOL-LEA,WSOL,So11111111111111111111111111111111111111112,LEA,8SpPaFLycx897D6sowPZkEkcNdDahzRZb5itr6D8pump,442096.26,76751.1,728863.3,4219951.85,3,0,3,1,2,400,20000
151,So11111111111111111111111111111111111111112-AshG5mHt4y4etsjhKFb2wA2rq1XZxKks1EPzcuXwpump,WSOL-Fullsend,WSOL,So11111111111111111111111111111111111111112,Fullsend,AshG5mHt4y4etsjhKFb2wA2rq1XZxKks1EPzcuXwpump,356310.9,75663.16,1061947.93,36114106.45,2,18,20,1,2,400,20000
152,So11111111111111111111111111111111111111112-Aq8Gocyvyyi8xk5EYxd6viUfVmVvs9T9R6mZFzZFpump,WSOL-HYPER,WSOL,So11111111111111111111111111111111111111112,HYPER,Aq8Gocyvyyi8xk5EYxd6viUfVmVvs9T9R6mZFzZFpump,277015.63,74824.49,958000.07,2676901.12,1,4,5,1,2,400,20000
153,So11111111111111111111111111111111111111112-3B5wuUrMEi5yATD7on46hKfej3pfmd7t1RKgrsN3pump,WSOL-BILLY,WSOL,So11111111111111111111111111111111111111112,BILLY,3B5wuUrMEi5yATD7on46hKfej3pfmd7t1RKgrsN3pump,760170.95,74740.65,732316.93,5392753.76,3,39,42,1,2,400,20000
154,So11111111111111111111111111111111111111112-8i51XNNpGaKaj4G4nDdmQh95v4FKAxw8mhtaRoKd9tE8,WSOL-TETSUO,WSOL,So11111111111111111111111111111111111111112,TETSUO,8i51XNNpGaKaj4G4nDdmQh95v4FKAxw8mhtaRoKd9tE8,350538.06,74269.07,553861.12,7213149.97,2,10,12,1,2,400,20000
155,So11111111111111111111111111111111111111112-KFTSxPQxDV1wGjEvzKHWD7mG6e9TsMVq4eF4mQppump,WSOL-Duo,WSOL,So11111111111111111111111111111111111111112,Duo,KFTSxPQxDV1wGjEvzKHWD7mG6e9TsMVq4eF4mQppump,123032.35,73940.72,1150150.26,54555672.19,2,18,20,1,2,400,20000
156,So11111111111111111111111111111111111111112-EBGaJP7srpUUN8eRdta1MsojrNtweuHYsdP3P1TRpump,WSOL-REALIS,WSOL,So11111111111111111111111111111111111111112,REALIS,EBGaJP7srpUUN8eRdta1MsojrNtweuHYsdP3P1TRpump,329520.2,72682.04,495574.1,4489609.76,2,12,14,1,2,400,20000
157,So11111111111111111111111111111111111111112-F9TgEJLLRUKDRF16HgjUCdJfJ5BK6ucyiW8uJxVPpump,WSOL-AGiXT,WSOL,So11111111111111111111111111111111111111112,AGiXT,F9TgEJLLRUKDRF16HgjUCdJfJ5BK6ucyiW8uJxVPpump,367106.34,70378.55,680219.46,11787489.15,2,19,21,1,2,400,20000
158,So11111111111111111111111111111111111111112-2JcXacFwt9mVAwBQ5nZkYwCyXQkRcdsYrDXn6hj22SbP,WSOL-mini,WSOL,So11111111111111111111111111111111111111112,mini,2JcXacFwt9mVAwBQ5nZkYwCyXQkRcdsYrDXn6hj22SbP,761128.39,69016.18,615978.09,5824661.51,1,12,13,1,2,400,20000
159,So11111111111111111111111111111111111111112-Bz4MhmVRQENiCou7ZpJ575wpjNFjBjVBSiVhuNg1pump,WSOL-Project89,WSOL,So11111111111111111111111111111111111111112,Project89,Bz4MhmVRQENiCou7ZpJ575wpjNFjBjVBSiVhuNg1pump,369408.93,66575.03,331142.41,2498128.07,2,17,19,1,2,400,20000
160,So11111111111111111111111111111111111111112-dog1viwbb2vWDpER5FrJ4YFG6gq6XuyFohUe9TXN65u,WSOL-DOG,WSOL,So11111111111111111111111111111111111111112,DOG,dog1viwbb2vWDpER5FrJ4YFG6gq6XuyFohUe9TXN65u,57382.67,64845.41,356731.81,2099424.64,2,8,10,1,2,400,20000
161,Jambjx1oJoZNBZiqbiF9TqgatEZPdyfvYa9WVsKNzUh-So11111111111111111111111111111111111111112,J-WSOL,J,Jambjx1oJoZNBZiqbiF9TqgatEZPdyfvYa9WVsKNzUh,WSOL,So11111111111111111111111111111111111111112,744828.39,64697.16,735150.41,25697447.76,1,12,13,1,2,400,20000
162,So11111111111111111111111111111111111111112-4mbdysBik3jmzD7mt6FGPDsMxnYcxExSQRFjPucdpump,WSOL-TSOTCHKE,WSOL,So11111111111111111111111111111111111111112,TSOTCHKE,4mbdysBik3jmzD7mt6FGPDsMxnYcxExSQRFjPucdpump,503516.54,64439.12,506451.49,8032550.18,2,12,14,1,2,400,20000
163,3WPep4ufaToK1aS5s8BL9inzeUrt4DYaQCiic6ZkkC1U-So11111111111111111111111111111111111111112,GIKO-WSOL,GIKO,3WPep4ufaToK1aS5s8BL9inzeUrt4DYaQCiic6ZkkC1U,WSOL,So11111111111111111111111111111111111111112,291959.74,63392.49,547292.74,4115377.47,2,18,20,1,2,400,20000
164,So11111111111111111111111111111111111111112-EfgEGG9PxLhyk1wqtqgGnwgfVC7JYic3vC9BCWLvpump,WSOL-GYAT,WSOL,So11111111111111111111111111111111111111112,GYAT,EfgEGG9PxLhyk1wqtqgGnwgfVC7JYic3vC9BCWLvpump,322312.08,60993.52,522570.83,5237263.28,2,20,22,1,2,400,20000
165,So11111111111111111111111111111111111111112-9doRRAik5gvhbEwjbZDbZR6GxXSAfdoomyJR57xKpump,WSOL-GRPH,WSOL,So11111111111111111111111111111111111111112,GRPH,9doRRAik5gvhbEwjbZDbZR6GxXSAfdoomyJR57xKpump,369648.83,60243.55,944575.51,7389553.78,2,14,16,1,2,400,20000
166,3TWgDvYBL2YPET2LxnWAwsMeoA8aL4DutNuwat2pKCjC-So11111111111111111111111111111111111111112,KHAI-WSOL,KHAI,3TWgDvYBL2YPET2LxnWAwsMeoA8aL4DutNuwat2pKCjC,WSOL,So11111111111111111111111111111111111111112,173379.15,58452.35,554965.13,1812003.74,3,12,15,1,2,400,20000
167,So11111111111111111111111111111111111111112-B89Hd5Juz7JP2dxCZXFJWk4tMTcbw7feDhuWGb3kq5qE,WSOL-NC,WSOL,So11111111111111111111111111111111111111112,NC,B89Hd5Juz7JP2dxCZXFJWk4tMTcbw7feDhuWGb3kq5qE,237871.7,57062.99,423914.54,4226131.29,2,28,30,1,2,400,20000
168,So11111111111111111111111111111111111111112-89S9RdgynPq5odSRmcCDAzg26iYuRw4wqUmzMbjUpump,WSOL-EKKO,WSOL,So11111111111111111111111111111111111111112,EKKO,89S9RdgynPq5odSRmcCDAzg26iYuRw4wqUmzMbjUpump,63902.9,57042.71,337288.2,17230361.5,1,6,7,1,2,400,20000
169,So11111111111111111111111111111111111111112-79yTpy8uwmAkrdgZdq6ZSBTvxKsgPrNqTLvYQBh1pump,WSOL-BULLY,WSOL,So11111111111111111111111111111111111111112,BULLY,79yTpy8uwmAkrdgZdq6ZSBTvxKsgPrNqTLvYQBh1pump,395585.96,56005.85,480070.83,9097519.78,1,22,23,1,2,400,20000
170,So11111111111111111111111111111111111111112-FLJYGHpCCcfYUdzhcfHSeSd2peb5SMajNWaCsRnhpump,WSOL-STORE,WSOL,So11111111111111111111111111111111111111112,STORE,FLJYGHpCCcfYUdzhcfHSeSd2peb5SMajNWaCsRnhpump,171534.51,54439.11,264177.89,2403670.41,1,6,7,1,2,400,20000
171,So11111111111111111111111111111111111111112-HBoNJ5v8g71s2boRivrHnfSB5MVPLDHHyVjruPfhGkvL,WSOL-PURPE,WSOL,So11111111111111111111111111111111111111112,PURPE,HBoNJ5v8g71s2boRivrHnfSB5MVPLDHHyVjruPfhGkvL,775548.64,53497.31,683984.59,4597977.35,4,6,10,1,2,400,20000
172,ATLASXmbPQxBUYbxPsV97usA3fPQYEqzQBUHgiFCUsXx-EPjFWdd5AufqSSqeM2qN1xzybapC8G4wEGGkZwyTDt1v,ATLAS-USDC,ATLAS,ATLASXmbPQxBUYbxPsV97usA3fPQYEqzQBUHgiFCUsXx,USDC,EPjFWdd5AufqSSqeM2qN1xzybapC8G4wEGGkZwyTDt1v,127506.16,53194.87,255034.41,1656257.58,2,6,8,1,2,400,20000
173,So11111111111111111111111111111111111111112-2mhszy8YHwqs1fxruVHQQAUmNcfq31mtkmYYtNZNpump,WSOL-CAINAM,WSOL,So11111111111111111111111111111111111111112,CAINAM,2mhszy8YHwqs1fxruVHQQAUmNcfq31mtkmYYtNZNpump,84070.86,53022.14,224158.63,2539285.17,2,0,2,1,2,400,20000
174,So11111111111111111111111111111111111111112-8cNmp9T2CMQRNZhNRoeSvr57LDf1kbZ42SvgsSWfpump,WSOL-JAIL,WSOL,So11111111111111111111111111111111111111112,JAIL,8cNmp9T2CMQRNZhNRoeSvr57LDf1kbZ42SvgsSWfpump,159984.88,52054.02,173894.58,1356665.63,2,16,18,1,2,400,20000
175,So11111111111111111111111111111111111111112-EzRasdye3wnQ5ZGzLFhvp2L1TT42k3Qa3jFsoUibWh39,WSOL-JFK,WSOL,So11111111111111111111111111111111111111112,JFK,EzRasdye3wnQ5ZGzLFhvp2L1TT42k3Qa3jFsoUibWh39,60146.93,51653.63,78062.02,108233.37,2,0,2,1,2,400,20000
176,AVLhahDcDQ4m4vHM4ug63oh7xc8Jtk49Dm5hoe9Sazqr-So11111111111111111111111111111111111111112,SOLAMA-WSOL,SOLAMA,AVLhahDcDQ4m4vHM4ug63oh7xc8Jtk49Dm5hoe9Sazqr,WSOL,So11111111111111111111111111111111111111112,333614.7,51073.55,181640.54,824811.67,2,4,6,1,2,400,20000
177,So11111111111111111111111111111111111111112-9psiRdn9cXYVps4F1kFuoNjd2EtmqNJXrCPmRppJpump,WSOL-UBC,WSOL,So11111111111111111111111111111111111111112,UBC,9psiRdn9cXYVps4F1kFuoNjd2EtmqNJXrCPmRppJpump,294690.52,50679.31,249133.61,1456446.23,2,17,19,1,2,400,20000
178,So11111111111111111111111111111111111111112-BkYAUVMar1gLwuFLv2n5cmB6HhcNtvd86kU3gqAypump,WSOL-Elon4AfD,WSOL,So11111111111111111111111111111111111111112,Elon4AfD,BkYAUVMar1gLwuFLv2n5cmB6HhcNtvd86kU3gqAypump,706933.0,50423.94,546732.02,5524634.87,2,0,2,1,2,400,20000
179,So11111111111111111111111111111111111111112-6TcoT3vcexjsMuuLvS9DhBUrVVcoqBMHEppQGQLMpump,WSOL-BNTY,WSOL,So11111111111111111111111111111111111111112,BNTY,6TcoT3vcexjsMuuLvS9DhBUrVVcoqBMHEppQGQLMpump,148114.72,50324.98,139954.29,1148491.82,2,9,11,1,2,400,20000
180,So11111111111111111111111111111111111111112-7oBYdEhV4GkXC19ZfgAvXpJWp2Rn9pm1Bx2cVNxFpump,WSOL-CAR,WSOL,So11111111111111111111111111111111111111112,CAR,7oBYdEhV4GkXC19ZfgAvXpJWp2Rn9pm1Bx2cVNxFpump,669269.25,48509.1,807374.85,13658304.39,3,30,33,1,2,400,20000
181,So11111111111111111111111111111111111111112-Ey59PH7Z4BFU4HjyKnyMdWt5GGN76KazTAwQihoUXRnk,WSOL-PASTERNAK,WSOL,So11111111111111111111111111111111111111112,PASTERNAK,Ey59PH7Z4BFU4HjyKnyMdWt5GGN76KazTAwQihoUXRnk,60984.63,48409.34,127110.63,675143.44,2,0,2,1,2,400,20000
182,So11111111111111111111111111111111111111112-FqvtZ2UFR9we82Ni4LeacC1zyTiQ77usDo31DUokpump,WSOL-$slop,WSOL,So11111111111111111111111111111111111111112,$slop,FqvtZ2UFR9we82Ni4LeacC1zyTiQ77usDo31DUokpump,126281.35,48312.2,152662.71,623434.23,1,16,17,1,2,400,20000
183,Kruj63Qx9EQX9QzukLCBgx5g9AGW69gPDsSK25FRZAi-So11111111111111111111111111111111111111112,KRAI-WSOL,KRAI,Kruj63Qx9EQX9QzukLCBgx5g9AGW69gPDsSK25FRZAi,WSOL,So11111111111111111111111111111111111111112,186901.07,47021.18,234730.51,1264090.6,2,0,2,1,2,400,20000
184,So11111111111111111111111111111111111111112-BmXfbamFqrBzrqihr9hbSmEsfQUXMVaqshAjgvZupump,WSOL-LUX,WSOL,So11111111111111111111111111111111111111112,LUX,BmXfbamFqrBzrqihr9hbSmEsfQUXMVaqshAjgvZupump,283214.69,46846.33,411911.84,8062914.18,1,27,28,1,2,400,20000
185,So11111111111111111111111111111111111111112-GMzuntWYJLpNuCizrSR7ZXggiMdDzTNiEmSNHHunpump,WSOL-dreams,WSOL,So11111111111111111111111111111111111111112,dreams,GMzuntWYJLpNuCizrSR7ZXggiMdDzTNiEmSNHHunpump,309982.05,46671.46,385043.5,4449679.03,2,8,10,1,2,400,20000
186,9TY6DUg1VSssYH5tFE95qoq5hnAGFak4w3cn72sJNCoV-So11111111111111111111111111111111111111112,DOGE-WSOL,DOGE,9TY6DUg1VSssYH5tFE95qoq5hnAGFak4w3cn72sJNCoV,WSOL,So11111111111111111111111111111111111111112,366484.48,45574.59,513790.75,2334033.15,2,16,18,1,2,400,20000
187,So11111111111111111111111111111111111111112-89nnWMkWeF9LSJvAWcN2JFQfeWdDk6diKEckeToEU1hE,WSOL-sora,WSOL,So11111111111111111111111111111111111111112,sora,89nnWMkWeF9LSJvAWcN2JFQfeWdDk6diKEckeToEU1hE,91555.74,45375.55,172479.22,1940226.46,2,14,16,1,2,400,20000
188,So11111111111111111111111111111111111111112-62CsquahdQ3J286G9UTqV6whxryfihdV4yg7kSJnpump,WSOL-BGG1,WSOL,So11111111111111111111111111111111111111112,BGG1,62CsquahdQ3J286G9UTqV6whxryfihdV4yg7kSJnpump,203478.81,44680.72,175942.2,1024193.33,1,17,18,1,2,400,20000
189,3pGyE8coXwBy8rx71zjtHDRrSA5TvKmuRgqwhK3Xmoon-So11111111111111111111111111111111111111112,CHADETTE-WSOL,CHADETTE,3pGyE8coXwBy8rx71zjtHDRrSA5TvKmuRgqwhK3Xmoon,WSOL,So11111111111111111111111111111111111111112,113487.51,43896.73,129137.18,1350834.74,2,0,2,1,2,400,20000
190,So11111111111111111111111111111111111111112-4JFcUJ1HfFKz2F8thdu2frk558EjrLvKEmeMq1ZM2xBP,WSOL-VNTR,WSOL,So11111111111111111111111111111111111111112,VNTR,4JFcUJ1HfFKz2F8thdu2frk558EjrLvKEmeMq1ZM2xBP,140835.5,43418.73,524381.73,1838424.16,2,0,2,1,2,400,20000
191,So11111111111111111111111111111111111111112-3joMReCCSESngJEpFLoKR2dNcChjSRCDtybQet5uSpse,WSOL-CAT,WSOL,So11111111111111111111111111111111111111112,CAT,3joMReCCSESngJEpFLoKR2dNcChjSRCDtybQet5uSpse,386574.6,43300.73,144137.45,1008340.77,1,6,7,1,2,400,20000
192,So11111111111111111111111111111111111111112-71AZt4P5kc5vpfTJR1HjNbMzD84G7vxam4DtL3kJpump,WSOL-blormmy,WSOL,So11111111111111111111111111111111111111112,blormmy,71AZt4P5kc5vpfTJR1HjNbMzD84G7vxam4DtL3kJpump,359069.55,42395.59,181389.26,712194.22,1,9,10,1,2,400,20000
193,So11111111111111111111111111111111111111112-5XyKkFaJpAmsH4Tf2EFj3S61W3hC5cJhxNZQQ5h1pump,WSOL-Luigi,WSOL,So11111111111111111111111111111111111111112,Luigi,5XyKkFaJpAmsH4Tf2EFj3S61W3hC5cJhxNZQQ5h1pump,394939.4,41187.82,314947.61,6663450.7,4,24,28,1,2,400,20000
194,So11111111111111111111111111111111111111112-2eXamy7t3kvKhfV6aJ6Uwe3eh8cuREFcTKs1mFKZpump,WSOL-nuit,WSOL,So11111111111111111111111111111111111111112,nuit,2eXamy7t3kvKhfV6aJ6Uwe3eh8cuREFcTKs1mFKZpump,212058.76,40665.27,644008.8,11488981.11,2,22,24,1,2,400,20000
195,So11111111111111111111111111111111111111112-BeGY8KqKxboEwRbJd1q9H2K829jS4Rc5dEyNMYXCbV5p,WSOL-NPC,WSOL,So11111111111111111111111111111111111111112,NPC,BeGY8KqKxboEwRbJd1q9H2K829jS4Rc5dEyNMYXCbV5p,560839.37,40458.71,612356.91,2371723.11,2,0,2,1,2,400,20000
196,So11111111111111111111111111111111111111112-BvzrTfBiy8rQF5cfnxqrmbnF8GZf7DnNDP72DrFZpump,WSOL-Dogcz,WSOL,So11111111111111111111111111111111111111112,Dogcz,BvzrTfBiy8rQF5cfnxqrmbnF8GZf7DnNDP72DrFZpump,41194.48,40072.0,200118.13,1842271.45,2,0,2,1,2,400,20000
197,So11111111111111111111111111111111111111112-8fJCtfbuAaFzdwTnQP84nNhSpZdVy4Uc929eXZRBN8H4,WSOL-PHRZ,WSOL,So11111111111111111111111111111111111111112,PHRZ,8fJCtfbuAaFzdwTnQP84nNhSpZdVy4Uc929eXZRBN8H4,1048753.46,39891.21,299335.68,1342916.34,3,1,4,1,2,400,20000
198,So11111111111111111111111111111111111111112-KMnDBXcPXoz6oMJW5XG4tXdwSWpmWEP2RQM1Uujpump,WSOL-FIGHT,WSOL,So11111111111111111111111111111111111111112,FIGHT,KMnDBXcPXoz6oMJW5XG4tXdwSWpmWEP2RQM1Uujpump,303856.42,39272.88,284390.26,2650426.99,2,18,20,1,2,400,20000
199,So11111111111111111111111111111111111111112-4q3Z58YxrZEAVMLtMwnm7eHtodSD3LSpSNt3pDnqpump,WSOL-KOLIN,WSOL,So11111111111111111111111111111111111111112,KOLIN,4q3Z58YxrZEAVMLtMwnm7eHtodSD3LSpSNt3pDnqpump,305875.09,38646.8,527349.21,4044173.44,2,6,8,1,2,400,20000
200,MbetZheK6wDs22ftMat7PLiBtoXYBdrMHfpkKRihCYK-So11111111111111111111111111111111111111112,MBET-WSOL,MBET,MbetZheK6wDs22ftMat7PLiBtoXYBdrMHfpkKRihCYK,WSOL,So11111111111111111111111111111111111111112,169264.22,38284.41,266253.67,10593860.12,3,0,3,1,2,400,20000
201,So11111111111111111111111111111111111111112-Ai4CL1SAxVRigxQFwBH8S2JkuL7EqrdiGwTC7JpCpump,WSOL-AWR,WSOL,So11111111111111111111111111111111111111112,AWR,Ai4CL1SAxVRigxQFwBH8S2JkuL7EqrdiGwTC7JpCpump,145194.24,38191.3,1211808.73,5925796.46,1,7,8,1,2,400,20000
202,rndrizKT3MK1iimdxRdWabcF7Zg7AR5T4nud4EkHBof-EPjFWdd5AufqSSqeM2qN1xzybapC8G4wEGGkZwyTDt1v,RENDER-USDC,RENDER,rndrizKT3MK1iimdxRdWabcF7Zg7AR5T4nud4EkHBof,USDC,EPjFWdd5AufqSSqeM2qN1xzybapC8G4wEGGkZwyTDt1v,186651.01,37909.37,400412.43,2141981.31,1,8,9,1,2,400,20000
203,KMNo3nJsBXfcpJTVhZcXLW7RmTwTt4GVFE7suUBo9sS-So11111111111111111111111111111111111111112,KMNO-WSOL,KMNO,KMNo3nJsBXfcpJTVhZcXLW7RmTwTt4GVFE7suUBo9sS,WSOL,So11111111111111111111111111111111111111112,168713.52,37865.34,235024.88,4793090.92,2,17,19,1,2,400,20000
204,SENDdRQtYMWaQrBroBrJ2Q53fgVuq95CV9UPGEvpCxa-So11111111111111111111111111111111111111112,SEND-WSOL,SEND,SENDdRQtYMWaQrBroBrJ2Q53fgVuq95CV9UPGEvpCxa,WSOL,So11111111111111111111111111111111111111112,118632.88,37842.41,253209.66,1882936.15,1,30,31,1,2,400,20000
205,So11111111111111111111111111111111111111112-5UAMZkfNmuVcKzr2wo8Jqw4R1k8vfdAVJNN6h3bVpump,WSOL-LIMBO,WSOL,So11111111111111111111111111111111111111112,LIMBO,5UAMZkfNmuVcKzr2wo8Jqw4R1k8vfdAVJNN6h3bVpump,343059.94,37286.66,411470.73,3118025.0,2,10,12,1,2,400,20000
206,So11111111111111111111111111111111111111112-43VWkd99HjqkhFTZbWBpMpRhjG469nWa7x7uEsgSH7We,WSOL-STNK,WSOL,So11111111111111111111111111111111111111112,STNK,43VWkd99HjqkhFTZbWBpMpRhjG469nWa7x7uEsgSH7We,887081.86,36608.53,356215.5,3630339.04,3,12,15,1,2,400,20000
207,So11111111111111111111111111111111111111112-tqrRt3AsuGa3aYYSvABMDrPJEWVzpAnh3p6LxXGpump,WSOL-ponzi,WSOL,So11111111111111111111111111111111111111112,ponzi,tqrRt3AsuGa3aYYSvABMDrPJEWVzpAnh3p6LxXGpump,155322.98,35149.94,233284.91,6762102.95,1,8,9,1,2,400,20000
208,So11111111111111111111111111111111111111112-8NNXWrWVctNw1UFeaBypffimTdcLCcD8XJzHvYsmgwpF,WSOL-BRAINLET,WSOL,So11111111111111111111111111111111111111112,BRAINLET,8NNXWrWVctNw1UFeaBypffimTdcLCcD8XJzHvYsmgwpF,335504.8,35104.53,329430.99,3094577.53,4,18,22,1,2,400,20000
209,So11111111111111111111111111111111111111112-62mETtNRaVY5iNsJr5YexsbVg1uyyoLwtoWLSnjApump,WSOL-Stoic,WSOL,So11111111111111111111111111111111111111112,Stoic,62mETtNRaVY5iNsJr5YexsbVg1uyyoLwtoWLSnjApump,111852.01,34834.18,146621.22,3512014.79,1,11,12,1,2,400,20000
210,ULwSJmmpxmnRfpu6BjnK6rprKXqD5jXUmPpS1FxHXFy-So11111111111111111111111111111111111111112,HEGE-WSOL,HEGE,ULwSJmmpxmnRfpu6BjnK6rprKXqD5jXUmPpS1FxHXFy,WSOL,So11111111111111111111111111111111111111112,723601.3,34067.16,209274.89,2579030.45,2,7,9,1,2,400,20000
211,So11111111111111111111111111111111111111112-9qriMjPPAJTMCtfQnz7Mo9BsV2jAWTr2ff7yc3JWpump,WSOL-　,WSOL,So11111111111111111111111111111111111111112,　,9qriMjPPAJTMCtfQnz7Mo9BsV2jAWTr2ff7yc3JWpump,532806.61,33876.62,353712.53,3781205.55,1,19,20,1,2,400,20000
212,So11111111111111111111111111111111111111112-7h5AzpYTAnh4Gyux8Gqko5Fvx4AYQBZdkzHZ2CsBudvJ,WSOL-Citadail,WSOL,So11111111111111111111111111111111111111112,Citadail,7h5AzpYTAnh4Gyux8Gqko5Fvx4AYQBZdkzHZ2CsBudvJ,273486.28,33779.01,391239.3,5677932.51,2,13,15,1,2,400,20000
213,So11111111111111111111111111111111111111112-J2bUGZDxRDpsVfjZqKwn6yYCUKFmqzHgt8UajhGtpump,WSOL-∅,WSOL,So11111111111111111111111111111111111111112,∅,J2bUGZDxRDpsVfjZqKwn6yYCUKFmqzHgt8UajhGtpump,71033.1,32949.43,108797.0,1818795.55,1,11,12,1,2,400,20000
214,So11111111111111111111111111111111111111112-AsyfR3e5JcPqWot4H5MMhQUm7DZ4zwQrcp2zbB7vpump,WSOL-IQ,WSOL,So11111111111111111111111111111111111111112,IQ,AsyfR3e5JcPqWot4H5MMhQUm7DZ4zwQrcp2zbB7vpump,313743.49,32625.9,476757.97,4125281.33,1,15,16,1,2,400,20000
215,So11111111111111111111111111111111111111112-GmbC2HgWpHpq9SHnmEXZNT5e1zgcU9oASDqbAkGTpump,WSOL-CATANA,WSOL,So11111111111111111111111111111111111111112,CATANA,GmbC2HgWpHpq9SHnmEXZNT5e1zgcU9oASDqbAkGTpump,182826.47,30671.92,216895.74,1955375.21,2,14,16,1,2,400,20000
216,Fch1oixTPri8zxBnmdCEADoJW2toyFHxqDZacQkwdvSP-So11111111111111111111111111111111111111112,HARAMBE-WSOL,HARAMBE,Fch1oixTPri8zxBnmdCEADoJW2toyFHxqDZacQkwdvSP,WSOL,So11111111111111111111111111111111111111112,611275.19,30498.65,269238.05,2651928.49,2,15,17,1,2,400,20000
217,madHpjRn6bd8t78Rsy7NuSuNwWa2HU8ByPobZprHbHv-So11111111111111111111111111111111111111112,MAD-WSOL,MAD,madHpjRn6bd8t78Rsy7NuSuNwWa2HU8ByPobZprHbHv,WSOL,So11111111111111111111111111111111111111112,359542.65,30288.83,250766.18,2389627.3,2,0,2,1,2,400,20000
218,So11111111111111111111111111111111111111112-ELPrcU7qRV3DUz8AP6siTE7GkR3gkkBvGmgBRiLnC19Y,WSOL-SFM,WSOL,So11111111111111111111111111111111111111112,SFM,ELPrcU7qRV3DUz8AP6siTE7GkR3gkkBvGmgBRiLnC19Y,86473.36,29724.18,245567.65,431651.48,1,6,7,1,2,400,20000
219,So11111111111111111111111111111111111111112-ECY31gWwxy4s2VnMkYhmqDkrV75KrwR2yTtsnrnSpump,WSOL-BARRON,WSOL,So11111111111111111111111111111111111111112,BARRON,ECY31gWwxy4s2VnMkYhmqDkrV75KrwR2yTtsnrnSpump,361532.69,29623.55,375650.76,2549368.25,2,29,31,1,2,400,20000
220,So11111111111111111111111111111111111111112-3s8x7TNPPcLiHGXNqg78b77uGyNqNKg5AyZm55Ftpump,WSOL-$Brokie ,WSOL,So11111111111111111111111111111111111111112,$Brokie ,3s8x7TNPPcLiHGXNqg78b77uGyNqNKg5AyZm55Ftpump,55904.74,28933.93,88970.24,153616.32,2,0,2,1,2,400,20000
221,So11111111111111111111111111111111111111112-RufNMBEbKJr6CM1t3nwakZ3BaE9csF2AR15s32VWcRE,WSOL-MIRA,WSOL,So11111111111111111111111111111111111111112,MIRA,RufNMBEbKJr6CM1t3nwakZ3BaE9csF2AR15s32VWcRE,125866.14,28110.97,88418.48,468747.91,2,20,22,1,2,400,20000
222,So11111111111111111111111111111111111111112-7Yg9Lzgsvjy49mf3LdGyfmn2tT2rGBDUc77267SUpump,WSOL-300BAUD,WSOL,So11111111111111111111111111111111111111112,300BAUD,7Yg9Lzgsvjy49mf3LdGyfmn2tT2rGBDUc77267SUpump,84127.04,27366.11,126953.04,1320615.22,1,13,14,1,2,400,20000
223,So11111111111111111111111111111111111111112-8vBMibwpn8wpfYKbQ9xqzodymg3LjmYec2tSNGRy23K8,WSOL-HYPER,WSOL,So11111111111111111111111111111111111111112,HYPER,8vBMibwpn8wpfYKbQ9xqzodymg3LjmYec2tSNGRy23K8,234082.65,27358.59,302844.07,3106629.69,2,18,20,1,2,400,20000
224,So11111111111111111111111111111111111111112-AHdVQs56QpEEkRx6m8yiYYEiqM2sKjQxVd6mGH12pump,WSOL-FatCat,WSOL,So11111111111111111111111111111111111111112,FatCat,AHdVQs56QpEEkRx6m8yiYYEiqM2sKjQxVd6mGH12pump,405129.94,27342.84,124107.21,604246.53,3,0,3,1,2,400,20000
225,So11111111111111111111111111111111111111112-7d5uLATMiAoRC1n9yNc7VCrhx44H6bjEzDx7Gxuhpump,WSOL-SSR,WSOL,So11111111111111111111111111111111111111112,SSR,7d5uLATMiAoRC1n9yNc7VCrhx44H6bjEzDx7Gxuhpump,128742.22,26869.35,295028.38,1716058.12,3,0,3,1,2,400,20000
226,So11111111111111111111111111111111111111112-GorvUUSkJGSzJUebM5W6berUkZ5pG8nmnn7tmk74pump,WSOL-ZAILGO,WSOL,So11111111111111111111111111111111111111112,ZAILGO,GorvUUSkJGSzJUebM5W6berUkZ5pG8nmnn7tmk74pump,187967.02,26703.79,112342.84,1582487.71,2,14,16,1,2,400,20000
227,So11111111111111111111111111111111111111112-G3EDZoS49NRVKP8X1HggHZJueJeR8d2izUHeXdV3pump,WSOL-ASSCOIN,WSOL,So11111111111111111111111111111111111111112,ASSCOIN,G3EDZoS49NRVKP8X1HggHZJueJeR8d2izUHeXdV3pump,110734.45,26660.55,71308.24,356016.88,1,6,7,1,2,400,20000
228,So11111111111111111111111111111111111111112-FABELyo4mGW399dBZJhMeD988o2hEPu3B3LNWtuW4ueN,WSOL-FABEL,WSOL,So11111111111111111111111111111111111111112,FABEL,FABELyo4mGW399dBZJhMeD988o2hEPu3B3LNWtuW4ueN,77967.42,26577.07,255402.87,810919.7,2,1,3,1,2,400,20000
229,So11111111111111111111111111111111111111112-275FUEyp5o7TWo1dCDYJyprb4o2WBcxEQsvmt816pump,WSOL-AAA,WSOL,So11111111111111111111111111111111111111112,AAA,275FUEyp5o7TWo1dCDYJyprb4o2WBcxEQsvmt816pump,87960.6,26566.77,134281.42,793286.24,2,0,2,1,2,400,20000
230,So11111111111111111111111111111111111111112-3t4yhNHfy5jZ9skJw9ZMRHvLJw1WUPouJ4TSxatTpump,WSOL-N2,WSOL,So11111111111111111111111111111111111111112,N2,3t4yhNHfy5jZ9skJw9ZMRHvLJw1WUPouJ4TSxatTpump,144380.49,26323.59,185778.46,2359008.54,1,6,7,1,2,400,20000
231,So11111111111111111111111111111111111111112-AaWVpk6eZbgBfVbq1UfXw3EXBmAvw4QXov1xHuG7pump,WSOL-TrenchAI,WSOL,So11111111111111111111111111111111111111112,TrenchAI,AaWVpk6eZbgBfVbq1UfXw3EXBmAvw4QXov1xHuG7pump,154163.81,25259.91,158174.88,739422.33,2,17,19,1,2,400,20000
232,A3eME5CetyZPBoWbRUwY3tSe25S6tb18ba9ZPbWk9eFJ-So11111111111111111111111111111111111111112,PENG-WSOL,PENG,A3eME5CetyZPBoWbRUwY3tSe25S6tb18ba9ZPbWk9eFJ,WSOL,So11111111111111111111111111111111111111112,385411.75,25017.77,194571.62,2800884.96,2,0,2,1,2,400,20000
233,So11111111111111111111111111111111111111112-7KuFdcfzbc3LLoRHNRWfW1dhbPNzuCv41hyYbfSUpump,WSOL-TDS,WSOL,So11111111111111111111111111111111111111112,TDS,7KuFdcfzbc3LLoRHNRWfW1dhbPNzuCv41hyYbfSUpump,72934.98,24149.52,115064.68,288421.17,2,9,11,1,2,400,20000
234,7dHbWXmci3dT8UFYWYZweBLXgycu7Y3iL6trKn1Y7ARj-EPjFWdd5AufqSSqeM2qN1xzybapC8G4wEGGkZwyTDt1v,stSOL-USDC,stSOL,7dHbWXmci3dT8UFYWYZweBLXgycu7Y3iL6trKn1Y7ARj,USDC,EPjFWdd5AufqSSqeM2qN1xzybapC8G4wEGGkZwyTDt1v,387218.27,23481.5,228870.87,1909011.26,3,0,3,1,2,400,20000
235,85cQsFgbi8mBZxiPppbpPXuV7j1hA8tBwhjF4gKW6mHg-So11111111111111111111111111111111111111112,Rizzmas-WSOL,Rizzmas,85cQsFgbi8mBZxiPppbpPXuV7j1hA8tBwhjF4gKW6mHg,WSOL,So11111111111111111111111111111111111111112,242958.65,23392.33,173413.39,923029.09,2,16,18,1,2,400,20000
236,HUdqc5MR5h3FssESabPnQ1GTgTcPvnNudAuLj5J6a9sU-So11111111111111111111111111111111111111112,BONGO-WSOL,BONGO,HUdqc5MR5h3FssESabPnQ1GTgTcPvnNudAuLj5J6a9sU,WSOL,So11111111111111111111111111111111111111112,340356.75,23356.33,430928.84,3059947.13,2,9,11,1,2,400,20000
237,So11111111111111111111111111111111111111112-73UdJevxaNKXARgkvPHQGKuv8HCZARszuKW2LTL3pump,WSOL-ZARA,WSOL,So11111111111111111111111111111111111111112,ZARA,73UdJevxaNKXARgkvPHQGKuv8HCZARszuKW2LTL3pump,213599.12,23284.92,209772.71,1681824.8,2,15,17,1,2,400,20000
238,So11111111111111111111111111111111111111112-A3vBwL3Pd6nkBqVo87D6TLWYG4ekWuDeqCoLFeyvRMcb,WSOL-SUMMIT,WSOL,So11111111111111111111111111111111111111112,SUMMIT,A3vBwL3Pd6nkBqVo87D6TLWYG4ekWuDeqCoLFeyvRMcb,208645.58,22558.6,123360.33,410586.04,2,0,2,1,2,400,20000
239,So11111111111111111111111111111111111111112-69G8CpUVZAxbPMiEBrfCCCH445NwFxH6PzVL693Xpump,WSOL-xavier,WSOL,So11111111111111111111111111111111111111112,xavier,69G8CpUVZAxbPMiEBrfCCCH445NwFxH6PzVL693Xpump,129498.37,22388.31,226568.93,2998087.07,1,7,8,1,2,400,20000
240,So11111111111111111111111111111111111111112-5DQSDg6SGkbsbykq4mQstpcL4d5raEHc6rY7LgBwpump,WSOL-lou,WSOL,So11111111111111111111111111111111111111112,lou,5DQSDg6SGkbsbykq4mQstpcL4d5raEHc6rY7LgBwpump,314186.91,22387.84,220431.12,2009720.31,1,17,18,1,2,400,20000
241,So11111111111111111111111111111111111111112-DriFtupJYLTosbwoN8koMbEYSx54aFAVLddWsbksjwg7,WSOL-DRIFT,WSOL,So11111111111111111111111111111111111111112,DRIFT,DriFtupJYLTosbwoN8koMbEYSx54aFAVLddWsbksjwg7,28696.76,22383.07,80662.06,305038.44,1,23,24,1,2,400,20000
242,So11111111111111111111111111111111111111112-CTJf74cTo3cw8acFP1YXF3QpsQUUBGBjh2k2e8xsZ6UL,WSOL-Neiro,WSOL,So11111111111111111111111111111111111111112,Neiro,CTJf74cTo3cw8acFP1YXF3QpsQUUBGBjh2k2e8xsZ6UL,469247.28,22365.42,284092.01,2395991.39,2,28,30,1,2,400,20000
243,So11111111111111111111111111111111111111112-H33XL6HHDReCVRgSApZpsXM7Hy7JGyLztRJaGxjapump,WSOL-APPLE,WSOL,So11111111111111111111111111111111111111112,APPLE,H33XL6HHDReCVRgSApZpsXM7Hy7JGyLztRJaGxjapump,195573.58,22047.1,265159.56,2478379.49,2,19,21,1,2,400,20000
244,7fb49Wrtx5xksfzGxsa8Y1zV1CCyeimmysGYKkirzCUm-EPjFWdd5AufqSSqeM2qN1xzybapC8G4wEGGkZwyTDt1v,DAILYBET-USDC,DAILYBET,7fb49Wrtx5xksfzGxsa8Y1zV1CCyeimmysGYKkirzCUm,USDC,EPjFWdd5AufqSSqeM2qN1xzybapC8G4wEGGkZwyTDt1v,234055.28,22005.19,187290.49,701875.9,2,0,2,1,2,400,20000
245,So11111111111111111111111111111111111111112-EmhVWGUa2Q9PN4QjzFjvuVyzFKg4s3ERwjKR9dQDpump,WSOL-DTF,WSOL,So11111111111111111111111111111111111111112,DTF,EmhVWGUa2Q9PN4QjzFjvuVyzFKg4s3ERwjKR9dQDpump,155607.75,21869.43,160920.11,1562458.86,2,6,8,1,2,400,20000
246,So11111111111111111111111111111111111111112-EmBBhcqgm2acaXv9dXQFyDZDkhL4YMoWnGdHaMQJpump,WSOL-BWT,WSOL,So11111111111111111111111111111111111111112,BWT,EmBBhcqgm2acaXv9dXQFyDZDkhL4YMoWnGdHaMQJpump,156734.52,21839.66,316610.78,1904434.98,1,11,12,1,2,400,20000
247,So11111111111111111111111111111111111111112-DPaQfq5sFnoqw2Sh9WMmmASFL9LNu6RdtDqwE1tab2tB,WSOL-SKBDI,WSOL,So11111111111111111111111111111111111111112,SKBDI,DPaQfq5sFnoqw2Sh9WMmmASFL9LNu6RdtDqwE1tab2tB,296918.6,21780.17,432546.41,2892165.89,2,5,7,1,2,400,20000
248,So11111111111111111111111111111111111111112-7JA5eZdCzztSfQbJvS8aVVxMFfd81Rs9VvwnocV1mKHu,WSOL-GEOD,WSOL,So11111111111111111111111111111111111111112,GEOD,7JA5eZdCzztSfQbJvS8aVVxMFfd81Rs9VvwnocV1mKHu,181514.72,21731.69,180309.95,1660687.1,1,3,4,1,2,400,20000
249,So11111111111111111111111111111111111111112-CmpuL8k9KY3NrpfDRoJrVmuwd1zRMFRUxX55avyGpump,WSOL-Jarvis,WSOL,So11111111111111111111111111111111111111112,Jarvis,CmpuL8k9KY3NrpfDRoJrVmuwd1zRMFRUxX55avyGpump,56368.35,21429.16,51825.13,132580.15,1,3,4,1,2,400,20000
250,So11111111111111111111111111111111111111112-B5WTLaRwaUQpKk7ir1wniNB6m5o8GgMrimhKMYan2R6B,WSOL-Pepe,WSOL,So11111111111111111111111111111111111111112,Pepe,B5WTLaRwaUQpKk7ir1wniNB6m5o8GgMrimhKMYan2R6B,244307.6,21367.53,112997.95,703179.72,3,0,3,1,2,400,20000
251,7JA5eZdCzztSfQbJvS8aVVxMFfd81Rs9VvwnocV1mKHu-EPjFWdd5AufqSSqeM2qN1xzybapC8G4wEGGkZwyTDt1v,GEOD-USDC,GEOD,7JA5eZdCzztSfQbJvS8aVVxMFfd81Rs9VvwnocV1mKHu,USDC,EPjFWdd5AufqSSqeM2qN1xzybapC8G4wEGGkZwyTDt1v,1413177.06,20890.38,325520.37,4050548.8,2,0,2,1,2,400,20000
252,So11111111111111111111111111111111111111112-2G8LH53fcr3aCrEsmAo73eunbZRbyjKrGH5qmur6pump,WSOL-supercycle,WSOL,So11111111111111111111111111111111111111112,supercycle,2G8LH53fcr3aCrEsmAo73eunbZRbyjKrGH5qmur6pump,119587.84,20654.98,140959.25,749629.4,2,0,2,1,2,400,20000
253,So11111111111111111111111111111111111111112-97WQm8aUu2gprFzEYfGmdJ7wcF4NSDPgvn3hvbDHpump,WSOL-LAKKHI,WSOL,So11111111111111111111111111111111111111112,LAKKHI,97WQm8aUu2gprFzEYfGmdJ7wcF4NSDPgvn3hvbDHpump,62319.65,20268.45,112341.78,776033.44,3,0,3,1,2,400,20000
254,So11111111111111111111111111111111111111112-6D7NaB2xsLd7cauWu1wKk6KBsJohJmP2qZH9GEfVi5Ui,WSOL-SC,WSOL,So11111111111111111111111111111111111111112,SC,6D7NaB2xsLd7cauWu1wKk6KBsJohJmP2qZH9GEfVi5Ui,450039.95,20140.66,220668.53,1688967.1,1,15,16,1,2,400,20000
255,So11111111111111111111111111111111111111112-5pPkhLEJDMFDHUuE1wW5os5YJeyNUDVmih1DKgMFpB38,WSOL-Oracler,WSOL,So11111111111111111111111111111111111111112,Oracler,5pPkhLEJDMFDHUuE1wW5os5YJeyNUDVmih1DKgMFpB38,174619.11,20103.51,166413.93,15012119.97,2,0,2,1,2,400,20000
256,So11111111111111111111111111111111111111112-GwkEDwePTa6aFosh9xzAniGK1zvLrQ5yPJfLnqwmuyhG,WSOL-HYPERSKIDS,WSOL,So11111111111111111111111111111111111111112,HYPERSKIDS,GwkEDwePTa6aFosh9xzAniGK1zvLrQ5yPJfLnqwmuyhG,49215.95,19552.37,132491.05,1361402.54,2,13,15,1,2,400,20000
257,So11111111111111111111111111111111111111112-5tZHKgJpnF1hsjSnQ5N9NA2c3S4QzaFw3uq2ARGspump,WSOL-gort,WSOL,So11111111111111111111111111111111111111112,gort,5tZHKgJpnF1hsjSnQ5N9NA2c3S4QzaFw3uq2ARGspump,38276.33,19414.64,56394.67,300058.56,3,0,3,1,2,400,20000
258,So11111111111111111111111111111111111111112-EQs4DEeaSyrhRPM6JPsf2ptLf4EHkcGXB7ybeufxpump,WSOL-saint,WSOL,So11111111111111111111111111111111111111112,saint,EQs4DEeaSyrhRPM6JPsf2ptLf4EHkcGXB7ybeufxpump,110295.35,19350.88,74966.51,243901.69,2,0,2,1,2,400,20000
259,So11111111111111111111111111111111111111112-ts3foLrNUMvwdVeit1oNeLWjYk7e4qsn8PqSsqRpump,WSOL-ANTIRUG,WSOL,So11111111111111111111111111111111111111112,ANTIRUG,ts3foLrNUMvwdVeit1oNeLWjYk7e4qsn8PqSsqRpump,129440.74,19298.44,223401.6,2354591.21,2,11,13,1,2,400,20000
260,poLisWXnNRwC6oBu1vHiuKQzFjGL4XDSu4g9qjz9qVk-EPjFWdd5AufqSSqeM2qN1xzybapC8G4wEGGkZwyTDt1v,POLIS-USDC,POLIS,poLisWXnNRwC6oBu1vHiuKQzFjGL4XDSu4g9qjz9qVk,USDC,EPjFWdd5AufqSSqeM2qN1xzybapC8G4wEGGkZwyTDt1v,50472.77,19283.41,85440.49,727991.64,1,2,3,1,2,400,20000
261,So11111111111111111111111111111111111111112-AKzAhPPLMH5NG35kGbgkwtrTLeGyVrfCtApjnvqAATcm,WSOL-OI,WSOL,So11111111111111111111111111111111111111112,OI,AKzAhPPLMH5NG35kGbgkwtrTLeGyVrfCtApjnvqAATcm,23354.93,17545.19,71583.79,2027472.87,1,8,9,1,2,400,20000
262,So11111111111111111111111111111111111111112-GiG7Hr61RVm4CSUxJmgiCoySFQtdiwxtqf64MsRppump,WSOL-SCF,WSOL,So11111111111111111111111111111111111111112,SCF,GiG7Hr61RVm4CSUxJmgiCoySFQtdiwxtqf64MsRppump,696173.51,17537.2,286769.8,3155623.9,2,23,25,1,2,400,20000
263,So11111111111111111111111111111111111111112-9Yt5tHLFB2Uz1yg3cyEpTN4KTSWhiGpKxXPJ8HX3hat,WSOL-KWANT,WSOL,So11111111111111111111111111111111111111112,KWANT,9Yt5tHLFB2Uz1yg3cyEpTN4KTSWhiGpKxXPJ8HX3hat,114745.74,17359.64,157071.9,1408175.75,1,9,10,1,2,400,20000
264,So11111111111111111111111111111111111111112-4xieJTWvYfWGTdZYjxZNePjqGu74NexmcjLUpfFLVAPx,WSOL-CYB,WSOL,So11111111111111111111111111111111111111112,CYB,4xieJTWvYfWGTdZYjxZNePjqGu74NexmcjLUpfFLVAPx,55255.37,17205.3,162033.19,1721089.59,2,3,5,1,2,400,20000
265,AD27ov5fVU2XzwsbvnFvb1JpCBaCB5dRXrczV9CqSVGb-EPjFWdd5AufqSSqeM2qN1xzybapC8G4wEGGkZwyTDt1v,REAL-USDC,REAL,AD27ov5fVU2XzwsbvnFvb1JpCBaCB5dRXrczV9CqSVGb,USDC,EPjFWdd5AufqSSqeM2qN1xzybapC8G4wEGGkZwyTDt1v,132873.54,16318.49,86812.09,202623.23,2,0,2,1,2,400,20000
266,KQijDbNJ6rPCqhtXrfH6gKa5cH3a39At8vHq34nnPbF-So11111111111111111111111111111111111111112,DOGE-WSOL,DOGE,KQijDbNJ6rPCqhtXrfH6gKa5cH3a39At8vHq34nnPbF,WSOL,So11111111111111111111111111111111111111112,143074.34,16163.76,128962.48,1368859.5,2,0,2,1,2,400,20000
267,So11111111111111111111111111111111111111112-WEmjxPMGXEW1Nvc4rCgRKiWHj1H1tvhPsKMw2yvpump,WSOL-DIGIMON,WSOL,So11111111111111111111111111111111111111112,DIGIMON,WEmjxPMGXEW1Nvc4rCgRKiWHj1H1tvhPsKMw2yvpump,186559.57,16133.51,194663.42,2806080.93,1,10,11,1,2,400,20000
268,So11111111111111111111111111111111111111112-CXPLyc3EX8WySgEXLbjhuA7vy8EKQokVJYQuJm2jpump,WSOL-SENTAI,WSOL,So11111111111111111111111111111111111111112,SENTAI,CXPLyc3EX8WySgEXLbjhuA7vy8EKQokVJYQuJm2jpump,169126.71,15892.96,88482.75,598099.49,1,8,9,1,2,400,20000
269,So11111111111111111111111111111111111111112-FViMp5phQH2bX81S7Yyn1yXjj3BRddFBNcMCbTH8FCze,WSOL-$TOAD,WSOL,So11111111111111111111111111111111111111112,$TOAD,FViMp5phQH2bX81S7Yyn1yXjj3BRddFBNcMCbTH8FCze,189948.01,15644.1,163764.23,744376.22,3,0,3,1,2,400,20000
270,MM8o3Sk58NufoS8Zds7MYTC1LcStfCaqinN5T2pdNtp-So11111111111111111111111111111111111111112,ETFS-WSOL,ETFS,MM8o3Sk58NufoS8Zds7MYTC1LcStfCaqinN5T2pdNtp,WSOL,So11111111111111111111111111111111111111112,87650.78,15444.82,136144.47,604579.08,3,0,3,1,2,400,20000
271,So11111111111111111111111111111111111111112-A6WCD9dzgpCpCofGG7boCN3jJitmBSoXS7tgZa4rGooD,WSOL-GOOD,WSOL,So11111111111111111111111111111111111111112,GOOD,A6WCD9dzgpCpCofGG7boCN3jJitmBSoXS7tgZa4rGooD,209820.78,15296.54,677935.53,677935.53,2,0,2,1,2,400,20000
272,HfMbPyDdZH6QMaDDUokjYCkHxzjoGBMpgaUvpLWGbF5p-So11111111111111111111111111111111111111112,PBTC-WSOL,PBTC,HfMbPyDdZH6QMaDDUokjYCkHxzjoGBMpgaUvpLWGbF5p,WSOL,So11111111111111111111111111111111111111112,211784.87,15276.35,200622.64,1226780.13,2,12,14,1,2,400,20000
273,So11111111111111111111111111111111111111112-DEf93bSt8dx58gDFCcz4CwbjYZzjwaRBYAciJYLfdCA9,WSOL-KWEEN,WSOL,So11111111111111111111111111111111111111112,KWEEN,DEf93bSt8dx58gDFCcz4CwbjYZzjwaRBYAciJYLfdCA9,418827.26,14719.42,125568.07,3155894.92,2,14,16,1,2,400,20000
274,So11111111111111111111111111111111111111112-7M9KJcPNC65ShLDmJmTNhVFcuY95Y1VMeYngKgt67D1t,WSOL-r/snoofi,WSOL,So11111111111111111111111111111111111111112,r/snoofi,7M9KJcPNC65ShLDmJmTNhVFcuY95Y1VMeYngKgt67D1t,160734.57,14580.93,128127.33,420339.82,2,20,22,1,2,400,20000
275,FU1q8vJpZNUrmqsciSjp8bAKKidGsLmouB8CBdf8TKQv-So11111111111111111111111111111111111111112,tremp-WSOL,tremp,FU1q8vJpZNUrmqsciSjp8bAKKidGsLmouB8CBdf8TKQv,WSOL,So11111111111111111111111111111111111111112,648170.83,14536.88,105428.25,1437636.3,2,18,20,1,2,400,20000
276,So11111111111111111111111111111111111111112-FLqmVrv6cp7icjobpRMQJMEyjF3kF84QmC4HXpySpump,WSOL-BUCK,WSOL,So11111111111111111111111111111111111111112,BUCK,FLqmVrv6cp7icjobpRMQJMEyjF3kF84QmC4HXpySpump,249901.17,14525.03,121014.42,857386.32,2,0,2,1,2,400,20000
277,So11111111111111111111111111111111111111112-EWWDzCwq4UYW3ERTXbdgd6X6sdkKHFMJqRz1ZiFcpump,WSOL-FATHA,WSOL,So11111111111111111111111111111111111111112,FATHA,EWWDzCwq4UYW3ERTXbdgd6X6sdkKHFMJqRz1ZiFcpump,138164.67,14345.53,74082.57,1178576.15,3,0,3,1,2,400,20000
278,AZsHEMXd36Bj1EMNXhowJajpUXzrKcK57wW4ZGXVa7yR-EPjFWdd5AufqSSqeM2qN1xzybapC8G4wEGGkZwyTDt1v,GUAC-USDC,GUAC,AZsHEMXd36Bj1EMNXhowJajpUXzrKcK57wW4ZGXVa7yR,USDC,EPjFWdd5AufqSSqeM2qN1xzybapC8G4wEGGkZwyTDt1v,232095.05,14334.3,122674.01,873314.49,2,8,10,1,2,400,20000
279,piinKrjeiUVwhnXzsgNCV2aVGsBc4GwHQ9eCtkAgcTw-So11111111111111111111111111111111111111112,piin-WSOL,piin,piinKrjeiUVwhnXzsgNCV2aVGsBc4GwHQ9eCtkAgcTw,WSOL,So11111111111111111111111111111111111111112,90704.31,14332.26,90884.19,1195084.94,3,0,3,1,2,400,20000
280,So11111111111111111111111111111111111111112-CXc5JcEJkFJUX6Mtrti7BXPUQrgL7oj23D6pUGG3cbeN,WSOL-CAT,WSOL,So11111111111111111111111111111111111111112,CAT,CXc5JcEJkFJUX6Mtrti7BXPUQrgL7oj23D6pUGG3cbeN,69244.8,14046.89,116447.45,755647.02,2,0,2,1,2,400,20000
281,So11111111111111111111111111111111111111112-8tdzC7mFKhmfPg3KdSBafHqH7jgi3CvKomfj3Hhupump,WSOL-TgMetrics,WSOL,So11111111111111111111111111111111111111112,TgMetrics,8tdzC7mFKhmfPg3KdSBafHqH7jgi3CvKomfj3Hhupump,76647.48,14022.07,94333.1,1193405.82,2,0,2,1,2,400,20000
282,So11111111111111111111111111111111111111112-5UmDWgyLV1JBg8Jr8NwyezXdQkiU3vHGJu2efm7Cpump,WSOL-AGENCY,WSOL,So11111111111111111111111111111111111111112,AGENCY,5UmDWgyLV1JBg8Jr8NwyezXdQkiU3vHGJu2efm7Cpump,78225.09,14016.5,84873.45,764946.73,1,9,10,1,2,400,20000
283,So11111111111111111111111111111111111111112-3UYS3XXYC9yWvNyBWFKqqb5w9YQfX65RQzoAKd8jEUCB,WSOL-WING,WSOL,So11111111111111111111111111111111111111112,WING,3UYS3XXYC9yWvNyBWFKqqb5w9YQfX65RQzoAKd8jEUCB,132163.23,13818.96,460730.17,3747304.44,3,0,3,1,2,400,20000
284,AhhdRu5YZdjVkKR3wbnUDaymVQL2ucjMQ63sZ3LFHsch-EPjFWdd5AufqSSqeM2qN1xzybapC8G4wEGGkZwyTDt1v,VCHF-USDC,VCHF,AhhdRu5YZdjVkKR3wbnUDaymVQL2ucjMQ63sZ3LFHsch,USDC,EPjFWdd5AufqSSqeM2qN1xzybapC8G4wEGGkZwyTDt1v,330946.02,13650.3,121703.91,964594.81,1,3,4,1,2,400,20000
285,So11111111111111111111111111111111111111112-5qsZAnWuR7vMJbiznrJEY2ddVqZXjNYmFvR3eXSxpump,WSOL-Focai,WSOL,So11111111111111111111111111111111111111112,Focai,5qsZAnWuR7vMJbiznrJEY2ddVqZXjNYmFvR3eXSxpump,55225.05,13530.65,51613.01,441778.4,2,13,15,1,2,400,20000
286,So11111111111111111111111111111111111111112-GFUgXbMeDnLkhZaJS3nYFqunqkFNMRo9ukhyajeXpump,WSOL-EVAN,WSOL,So11111111111111111111111111111111111111112,EVAN,GFUgXbMeDnLkhZaJS3nYFqunqkFNMRo9ukhyajeXpump,251014.17,13370.32,127315.9,1585284.85,2,14,16,1,2,400,20000
287,So11111111111111111111111111111111111111112-4AdDFsG1xzz1L7zKGo2fbiqv256Z92u8uCcJCgYuTBLo,WSOL-TJRM,WSOL,So11111111111111111111111111111111111111112,TJRM,4AdDFsG1xzz1L7zKGo2fbiqv256Z92u8uCcJCgYuTBLo,146234.2,13271.56,208709.87,1709944.16,3,0,3,1,2,400,20000
288,So11111111111111111111111111111111111111112-AATECgWF4KjALbpgUXjabqFKHmdtjWdfdFNzCH3ipump,WSOL-ITMT,WSOL,So11111111111111111111111111111111111111112,ITMT,AATECgWF4KjALbpgUXjabqFKHmdtjWdfdFNzCH3ipump,110484.88,13196.18,70274.5,471890.69,1,3,4,1,2,400,20000
289,So11111111111111111111111111111111111111112-8bdhP1UQMevciC9oJ7NrvgDfoW8XPXPfbkkm6vKtMS7N,WSOL-SPORE,WSOL,So11111111111111111111111111111111111111112,SPORE,8bdhP1UQMevciC9oJ7NrvgDfoW8XPXPfbkkm6vKtMS7N,240711.33,13152.31,60815.13,1681338.3,2,14,16,1,2,400,20000
290,So11111111111111111111111111111111111111112-HhUVkZ1qz8vfMqZDemLyxBFxrHFKVSYAk7a6227Lpump,WSOL-LI,WSOL,So11111111111111111111111111111111111111112,LI,HhUVkZ1qz8vfMqZDemLyxBFxrHFKVSYAk7a6227Lpump,213703.89,13134.41,41422.41,271572.78,2,9,11,1,2,400,20000
291,So11111111111111111111111111111111111111112-DNMTk67urDBxEEVRx9HjVzCVu8en4Kgg5HfZy3E6pump,WSOL-ASYM,WSOL,So11111111111111111111111111111111111111112,ASYM,DNMTk67urDBxEEVRx9HjVzCVu8en4Kgg5HfZy3E6pump,179033.32,12499.96,308873.08,2028400.38,1,7,8,1,2,400,20000
292,So11111111111111111111111111111111111111112-8CzPPqenpfRXvjE5DHfE3kMDgJhHwWZ1WXRzs44KsamW,WSOL-YAPSTER,WSOL,So11111111111111111111111111111111111111112,YAPSTER,8CzPPqenpfRXvjE5DHfE3kMDgJhHwWZ1WXRzs44KsamW,228606.45,12431.47,292514.11,3265705.35,2,7,9,1,2,400,20000
293,So11111111111111111111111111111111111111112-F7Hwf8ib5DVCoiuyGr618Y3gon429Rnd1r5F9R5upump,WSOL-WORK,WSOL,So11111111111111111111111111111111111111112,WORK,F7Hwf8ib5DVCoiuyGr618Y3gon429Rnd1r5F9R5upump,103145.61,12319.29,64096.32,836330.58,1,14,15,1,2,400,20000
294,So11111111111111111111111111111111111111112-3an8rhdepsLCya22af7qDBKPbdomw8K4iCHXaA2Gpump,WSOL-Quant,WSOL,So11111111111111111111111111111111111111112,Quant,3an8rhdepsLCya22af7qDBKPbdomw8K4iCHXaA2Gpump,245477.39,12280.2,60337.53,857819.08,2,15,17,1,2,400,20000
295,So11111111111111111111111111111111111111112-22Xeo6diWfJrScaoVFzgkwzrCByPukK45fdwkJyrpump,WSOL-Mustard,WSOL,So11111111111111111111111111111111111111112,Mustard,22Xeo6diWfJrScaoVFzgkwzrCByPukK45fdwkJyrpump,65037.46,12163.92,41263.33,215358.34,1,14,15,1,2,400,20000
296,So11111111111111111111111111111111111111112-AxDKAyDsC7p8C5MeDFX6FKV2MPCSGwzkRfGY2qZZpump,WSOL-NOVA,WSOL,So11111111111111111111111111111111111111112,NOVA,AxDKAyDsC7p8C5MeDFX6FKV2MPCSGwzkRfGY2qZZpump,201770.73,12126.79,190875.8,1931102.45,2,8,10,1,2,400,20000
297,So11111111111111111111111111111111111111112-7yn2PRbB96TgcCkkMK4zD6vvMth6Co5B5Nma6XvPpump,WSOL-Thales,WSOL,So11111111111111111111111111111111111111112,Thales,7yn2PRbB96TgcCkkMK4zD6vvMth6Co5B5Nma6XvPpump,147844.93,12006.38,138120.19,972524.75,2,8,10,1,2,400,20000
298,So11111111111111111111111111111111111111112-Foz8ufrQNzkikK4UqnFvyyNPotXMpjC5djRWxHAnpump,WSOL-LT_A,WSOL,So11111111111111111111111111111111111111112,LT_A,Foz8ufrQNzkikK4UqnFvyyNPotXMpjC5djRWxHAnpump,21957.31,11436.17,51375.62,1775156.48,1,1,2,1,2,400,20000
299,So11111111111111111111111111111111111111112-D8kgv5BRyfxUgTJGhkPJcw1Neo1eaneENC5XxC99pump,WSOL-RZLR,WSOL,So11111111111111111111111111111111111111112,RZLR,D8kgv5BRyfxUgTJGhkPJcw1Neo1eaneENC5XxC99pump,127574.69,11414.29,57619.81,455061.03,1,6,7,1,2,400,20000
300,So11111111111111111111111111111111111111112-AbrMJWfDVRZ2EWCQ1xSCpoVeVgZNpq1U2AoYG98oRXfn,WSOL-Cheese,WSOL,So11111111111111111111111111111111111111112,Cheese,AbrMJWfDVRZ2EWCQ1xSCpoVeVgZNpq1U2AoYG98oRXfn,123400.32,11354.55,225647.15,1042419.54,1,8,9,1,2,400,20000
301,So11111111111111111111111111111111111111112-3MyaQBG7y3SHLQZa282Jh2xtB2TZKHGzNp1CuZ4Cpump,WSOL-Qude,WSOL,So11111111111111111111111111111111111111112,Qude,3MyaQBG7y3SHLQZa282Jh2xtB2TZKHGzNp1CuZ4Cpump,147523.12,11052.26,101225.92,1393069.27,2,13,15,1,2,400,20000
302,So11111111111111111111111111111111111111112-Gp8GVGPc8QCe4Jn6ryG5YKokG5bjKycATEzqpeyspump,WSOL-KEKE,WSOL,So11111111111111111111111111111111111111112,KEKE,Gp8GVGPc8QCe4Jn6ryG5YKokG5bjKycATEzqpeyspump,166409.59,10876.09,127266.41,1974597.75,1,7,8,1,2,400,20000
303,So11111111111111111111111111111111111111112-F8tDt7QRAYicWQPK5LTh8kZR4zKJPdTiEq5dwCcVpump,WSOL-SENSUS,WSOL,So11111111111111111111111111111111111111112,SENSUS,F8tDt7QRAYicWQPK5LTh8kZR4zKJPdTiEq5dwCcVpump,120874.67,10748.43,475345.11,1125857.92,1,3,4,1,2,400,20000
304,6DSqVXg9WLTWgz6LACqxN757QdHe1sCqkUfojWmxWtok-So11111111111111111111111111111111111111112,CORN-WSOL,CORN,6DSqVXg9WLTWgz6LACqxN757QdHe1sCqkUfojWmxWtok,WSOL,So11111111111111111111111111111111111111112,74590.52,10513.16,21982.67,171906.64,1,5,6,1,2,400,20000
305,So11111111111111111111111111111111111111112-HwPtbFpd3VTe3tfyosoVtPf9WPuSk5gAKkN5xp6Npump,WSOL-🟥🟩,WSOL,So11111111111111111111111111111111111111112,🟥🟩,HwPtbFpd3VTe3tfyosoVtPf9WPuSk5gAKkN5xp6Npump,174692.41,10396.78,61699.58,383829.1,2,0,2,1,2,400,20000
306,GENEtH5amGSi8kHAtQoezp1XEXwZJ8vcuePYnXdKrMYz-EPjFWdd5AufqSSqeM2qN1xzybapC8G4wEGGkZwyTDt1v,GENE-USDC,GENE,GENEtH5amGSi8kHAtQoezp1XEXwZJ8vcuePYnXdKrMYz,USDC,EPjFWdd5AufqSSqeM2qN1xzybapC8G4wEGGkZwyTDt1v,26010.74,10212.47,62431.92,385511.13,1,3,4,1,2,400,20000
307,DeaKMzAeZja3Mh5okZE6WUvygLP3Lfuvm6Rg78HqXTz9-So11111111111111111111111111111111111111112,SOLNIC-WSOL,SOLNIC,DeaKMzAeZja3Mh5okZE6WUvygLP3Lfuvm6Rg78HqXTz9,WSOL,So11111111111111111111111111111111111111112,318785.15,10050.47,73033.69,781409.71,3,0,3,1,2,400,20000
308,So11111111111111111111111111111111111111112-GACpABn18xqiSJbD9ZEyArJDT9RHRMUut5nK9Z9Spump,WSOL-TRENCH,WSOL,So11111111111111111111111111111111111111112,TRENCH,GACpABn18xqiSJbD9ZEyArJDT9RHRMUut5nK9Z9Spump,147712.71,9681.21,129004.83,1525733.01,1,3,4,1,2,400,20000
309,So11111111111111111111111111111111111111112-8fZL148nnC168RAVCZh4PkjvMZmxMEfMLDhoziWVPnqf,WSOL-NiggaButt,WSOL,So11111111111111111111111111111111111111112,NiggaButt,8fZL148nnC168RAVCZh4PkjvMZmxMEfMLDhoziWVPnqf,181453.44,9490.33,92034.96,822560.48,2,0,2,1,2,400,20000
310,So11111111111111111111111111111111111111112-8WnQQRbuEZ3CCDbH5MCVioBbw6o75NKANq9WdPhBDsWo,WSOL-coby,WSOL,So11111111111111111111111111111111111111112,coby,8WnQQRbuEZ3CCDbH5MCVioBbw6o75NKANq9WdPhBDsWo,138274.95,9201.33,106313.37,544864.13,2,18,20,1,2,400,20000
311,So11111111111111111111111111111111111111112-8PVFdKx7fX1FmmoASfTu5CUPEWuD1WY73Z24UTgCpump,WSOL-MPUP,WSOL,So11111111111111111111111111111111111111112,MPUP,8PVFdKx7fX1FmmoASfTu5CUPEWuD1WY73Z24UTgCpump,75477.2,9064.67,68182.1,751572.53,1,4,5,1,2,400,20000
312,GinNabffZL4fUj9Vactxha74GDAW8kDPGaHqMtMzps2f-So11111111111111111111111111111111111111112,GINNAN-WSOL,GINNAN,GinNabffZL4fUj9Vactxha74GDAW8kDPGaHqMtMzps2f,WSOL,So11111111111111111111111111111111111111112,162014.46,8998.24,122502.12,1049573.11,2,11,13,1,2,400,20000
313,So11111111111111111111111111111111111111112-ERzsfG1aVp8YgDFXSFBNbEQ4YWsNgNVKgsBDVfDs6Jdh,WSOL-DrOdin,WSOL,So11111111111111111111111111111111111111112,DrOdin,ERzsfG1aVp8YgDFXSFBNbEQ4YWsNgNVKgsBDVfDs6Jdh,31533.36,8881.67,65588.59,103974.28,2,0,2,1,2,400,20000
314,GTH3wG3NErjwcf7VGCoXEXkgXSHvYhx5gtATeeM5JAS1-So11111111111111111111111111111111111111112,WHALES-WSOL,WHALES,GTH3wG3NErjwcf7VGCoXEXkgXSHvYhx5gtATeeM5JAS1,WSOL,So11111111111111111111111111111111111111112,322222.79,8816.62,109940.65,843808.98,2,2,4,1,2,400,20000
315,So11111111111111111111111111111111111111112-6mZ76DjmTYhtEGLcVSEyeS5VcByHauxpw6oYQL4spump,WSOL-0x0x,WSOL,So11111111111111111111111111111111111111112,0x0x,6mZ76DjmTYhtEGLcVSEyeS5VcByHauxpw6oYQL4spump,35746.11,8706.19,49660.03,3026145.86,1,4,5,1,2,400,20000
316,So11111111111111111111111111111111111111112-BoAQaykj3LtkM2Brevc7cQcRAzpqcsP47nJ2rkyopump,WSOL-FOREST,WSOL,So11111111111111111111111111111111111111112,FOREST,BoAQaykj3LtkM2Brevc7cQcRAzpqcsP47nJ2rkyopump,237023.76,8629.59,112688.02,1058501.48,3,11,14,1,2,400,20000
317,So11111111111111111111111111111111111111112-BXNGghGbqrt2PcM3Y2Une5fD4kbU6VVSPC4uPjf8pump,WSOL-FYBN,WSOL,So11111111111111111111111111111111111111112,FYBN,BXNGghGbqrt2PcM3Y2Une5fD4kbU6VVSPC4uPjf8pump,154424.34,8464.51,129943.2,209083.16,3,0,3,1,2,400,20000
318,So11111111111111111111111111111111111111112-61yG5LCoeoqzBdopXPy6BsVPTGdRXht95L68hj5ipump,WSOL-SANDY,WSOL,So11111111111111111111111111111111111111112,SANDY,61yG5LCoeoqzBdopXPy6BsVPTGdRXht95L68hj5ipump,114756.21,8368.34,50176.11,1112680.95,1,8,9,1,2,400,20000
319,So11111111111111111111111111111111111111112-6UxB5HCuuNm2HoHCp4TFVkPPE38L5zktESYKZ7Q5RC3f,WSOL-INTERN,WSOL,So11111111111111111111111111111111111111112,INTERN,6UxB5HCuuNm2HoHCp4TFVkPPE38L5zktESYKZ7Q5RC3f,75483.48,8361.33,21886.37,77165.05,1,5,6,1,2,400,20000
320,So11111111111111111111111111111111111111112-7uCHQdxAz2ojRgEpXRHas1nJAeTTo9b7JWNgpXXi9D9p,WSOL-CATF,WSOL,So11111111111111111111111111111111111111112,CATF,7uCHQdxAz2ojRgEpXRHas1nJAeTTo9b7JWNgpXXi9D9p,75137.43,8342.81,40265.71,896919.63,1,12,13,1,2,400,20000
321,So11111111111111111111111111111111111111112-Foot4fxy8CHxM37W8BeHwK6aLd8VH2yHTFu43KCxbCqc,WSOL-BIG,WSOL,So11111111111111111111111111111111111111112,BIG,Foot4fxy8CHxM37W8BeHwK6aLd8VH2yHTFu43KCxbCqc,168844.79,8144.79,286356.74,403620.2,4,0,4,1,2,400,20000
322,So11111111111111111111111111111111111111112-HmAgiwjjP9CXqK5wQNsHKtjAt2CH3Kv8Q7xH5kGL2nqZ,WSOL-Barron,WSOL,So11111111111111111111111111111111111111112,Barron,HmAgiwjjP9CXqK5wQNsHKtjAt2CH3Kv8Q7xH5kGL2nqZ,167898.5,8075.85,80416.8,594756.67,2,0,2,1,2,400,20000
323,EUxS8Kqvbe8zDr8bG1RYtgjVNzEhMTG6B6H3WwrCHfwA-So11111111111111111111111111111111111111112,BIRDFLU-WSOL,BIRDFLU,EUxS8Kqvbe8zDr8bG1RYtgjVNzEhMTG6B6H3WwrCHfwA,WSOL,So11111111111111111111111111111111111111112,39616.47,7969.35,33328.48,131655.61,2,0,2,1,2,400,20000
324,So11111111111111111111111111111111111111112-2u98MM7DMtVmNG4iAKRNMtynjmkzgD6fXAzB3wVfhQvg,WSOL-LFGO,WSOL,So11111111111111111111111111111111111111112,LFGO,2u98MM7DMtVmNG4iAKRNMtynjmkzgD6fXAzB3wVfhQvg,116212.21,7878.65,129282.37,891300.41,3,0,3,1,2,400,20000
325,So11111111111111111111111111111111111111112-Fu4jQQpUnECSVQrVfeeVPpQpXQffM75LL328EJPtpump,WSOL-symx,WSOL,So11111111111111111111111111111111111111112,symx,Fu4jQQpUnECSVQrVfeeVPpQpXQffM75LL328EJPtpump,56834.78,7818.73,37103.8,317746.07,1,11,12,1,2,400,20000
326,So11111111111111111111111111111111111111112-8J6CexwfJ8CSzn2DgWhzQe1NHd2hK9DKX59FCNNMo2hu,WSOL-MINIDOGE,WSOL,So11111111111111111111111111111111111111112,MINIDOGE,8J6CexwfJ8CSzn2DgWhzQe1NHd2hK9DKX59FCNNMo2hu,99746.65,7768.66,92527.07,1474211.11,2,0,2,1,2,400,20000
327,So11111111111111111111111111111111111111112-4BBjpGwLgGmUxtT82YFK9xMhcvyy3zgf3HpxTRip1YoU,WSOL-Mundi,WSOL,So11111111111111111111111111111111111111112,Mundi,4BBjpGwLgGmUxtT82YFK9xMhcvyy3zgf3HpxTRip1YoU,214297.51,7764.66,60974.74,928476.65,2,0,2,1,2,400,20000
328,degod39zqQWzpG6h4b7SJLLTCFE6FeZnZD8BwHBFxaN-So11111111111111111111111111111111111111112,DEGOD-WSOL,DEGOD,degod39zqQWzpG6h4b7SJLLTCFE6FeZnZD8BwHBFxaN,WSOL,So11111111111111111111111111111111111111112,636503.7,7761.51,148269.97,523048.09,2,15,17,1,2,400,20000
329,So11111111111111111111111111111111111111112-EqeEBGHQhQy6SqeaJcnqAsNs3qaG19sdF89Xsarpump,WSOL-TRUST,WSOL,So11111111111111111111111111111111111111112,TRUST,EqeEBGHQhQy6SqeaJcnqAsNs3qaG19sdF89Xsarpump,198108.31,7740.74,79053.25,1188679.44,2,9,11,1,2,400,20000
330,So11111111111111111111111111111111111111112-HFw81sUUPBkNF5tKDanV8VCYTfVY4XbrEEPiwzyypump,WSOL-DUCKAI,WSOL,So11111111111111111111111111111111111111112,DUCKAI,HFw81sUUPBkNF5tKDanV8VCYTfVY4XbrEEPiwzyypump,85577.54,7531.54,38721.32,749867.88,2,4,6,1,2,400,20000
331,26KMQVgDUoB6rEfnJ51yAABWWJND8uMtpnQgsHQ64Udr-So11111111111111111111111111111111111111112,HAMMY-WSOL,HAMMY,26KMQVgDUoB6rEfnJ51yAABWWJND8uMtpnQgsHQ64Udr,WSOL,So11111111111111111111111111111111111111112,244855.01,7468.15,93564.33,754451.56,1,22,23,1,2,400,20000
332,So11111111111111111111111111111111111111112-2aWos2YsA6YjN5DHX77diRUx7SKMg7H1U8hqL2N1iy5o,WSOL-GRFT,WSOL,So11111111111111111111111111111111111111112,GRFT,2aWos2YsA6YjN5DHX77diRUx7SKMg7H1U8hqL2N1iy5o,55004.89,7453.13,63425.06,366325.6,2,2,4,1,2,400,20000
333,So11111111111111111111111111111111111111112-EoRe4xECTe9imaYtwfdmrGoinD2S1N5yMeu1LrjQpump,WSOL-MWOR,WSOL,So11111111111111111111111111111111111111112,MWOR,EoRe4xECTe9imaYtwfdmrGoinD2S1N5yMeu1LrjQpump,40856.95,7114.13,526287.28,1555764.02,2,0,2,1,2,400,20000
334,So11111111111111111111111111111111111111112-GYKmdfcUmZVrqfcH1g579BGjuzSRijj3LBuwv79rpump,WSOL-wDOG,WSOL,So11111111111111111111111111111111111111112,wDOG,GYKmdfcUmZVrqfcH1g579BGjuzSRijj3LBuwv79rpump,256610.46,7099.71,229352.47,843784.07,2,21,23,1,2,400,20000
335,So11111111111111111111111111111111111111112-CTgiaZUK12kCcB8sosn4Nt2NZtzLgtPqDwyQyr2syATC,WSOL-BITCOIN,WSOL,So11111111111111111111111111111111111111112,BITCOIN,CTgiaZUK12kCcB8sosn4Nt2NZtzLgtPqDwyQyr2syATC,212100.13,7078.82,86112.59,801281.65,1,4,5,1,2,400,20000
336,3psH1Mj1f7yUfaD5gh6Zj7epE8hhrMkMETgv5TshQA4o-So11111111111111111111111111111111111111112,boden-WSOL,boden,3psH1Mj1f7yUfaD5gh6Zj7epE8hhrMkMETgv5TshQA4o,WSOL,So11111111111111111111111111111111111111112,420756.76,6907.38,171405.13,1323221.11,2,18,20,1,2,400,20000
337,Cwe5k2iEy8dt7vCGY93GBrqQS4FWyac6pQjvjLcPD6qp-So11111111111111111111111111111111111111112,AROK-WSOL,AROK,Cwe5k2iEy8dt7vCGY93GBrqQS4FWyac6pQjvjLcPD6qp,WSOL,So11111111111111111111111111111111111111112,91600.43,6866.75,12925.92,96224.79,2,0,2,1,2,400,20000
338,So11111111111111111111111111111111111111112-7RDvypx3p9EWq4nZZKux1ZQAc7DUWXpHTVKxCCnupump,WSOL-KNOT,WSOL,So11111111111111111111111111111111111111112,KNOT,7RDvypx3p9EWq4nZZKux1ZQAc7DUWXpHTVKxCCnupump,119106.92,6816.58,49706.99,462100.21,2,0,2,1,2,400,20000
339,So11111111111111111111111111111111111111112-DqrcZRHM9JuCUhnLyaWF7rLLjxE5h3MbiG7iferUpump,WSOL-CATG,WSOL,So11111111111111111111111111111111111111112,CATG,DqrcZRHM9JuCUhnLyaWF7rLLjxE5h3MbiG7iferUpump,80219.82,6772.51,20357.84,579784.7,2,19,21,1,2,400,20000
340,So11111111111111111111111111111111111111112-CefZxozhhxK88XPJoeWBczYSaBPd35tsKnziTH6Cpump,WSOL-KIRA,WSOL,So11111111111111111111111111111111111111112,KIRA,CefZxozhhxK88XPJoeWBczYSaBPd35tsKnziTH6Cpump,96155.98,6688.43,28363.8,332085.78,2,9,11,1,2,400,20000
341,So11111111111111111111111111111111111111112-5KHQeeQvM4qBtmX3WnaCMGpM3Th7jYpqcHf3c6qzPodM,WSOL-SMOL,WSOL,So11111111111111111111111111111111111111112,SMOL,5KHQeeQvM4qBtmX3WnaCMGpM3Th7jYpqcHf3c6qzPodM,114236.57,6486.38,19408.05,142673.31,2,0,2,1,2,400,20000
342,So11111111111111111111111111111111111111112-HsNx7RirehVMy54xnFtcgCBPDMrwNnJKykageqdWpump,WSOL-daige,WSOL,So11111111111111111111111111111111111111112,daige,HsNx7RirehVMy54xnFtcgCBPDMrwNnJKykageqdWpump,127502.55,6288.37,146879.28,6017295.94,2,11,13,1,2,400,20000
343,So11111111111111111111111111111111111111112-AuQaustGiaqxRvj2gtCdrd22PBzTn8kM3kEPEkZCtuDw,WSOL-ADX,WSOL,So11111111111111111111111111111111111111112,ADX,AuQaustGiaqxRvj2gtCdrd22PBzTn8kM3kEPEkZCtuDw,104532.49,6232.63,73146.49,466503.27,1,4,5,1,2,400,20000
344,So11111111111111111111111111111111111111112-FMhxJLNmbw6UVKN3ANDKhFdgdEgqJiUEDnBgtDW4pump,WSOL-JASPER,WSOL,So11111111111111111111111111111111111111112,JASPER,FMhxJLNmbw6UVKN3ANDKhFdgdEgqJiUEDnBgtDW4pump,56804.25,5925.7,23348.04,327813.61,1,14,15,1,2,400,20000
345,9gwTegFJJErDpWJKjPfLr2g2zrE3nL1v5zpwbtsk3c6P-So11111111111111111111111111111111111111112,USEDCAR-WSOL,USEDCAR,9gwTegFJJErDpWJKjPfLr2g2zrE3nL1v5zpwbtsk3c6P,WSOL,So11111111111111111111111111111111111111112,152675.48,5923.85,41508.51,219757.06,2,4,6,1,2,400,20000
346,So11111111111111111111111111111111111111112-Cpzvdx6pppc9TNArsGsqgShCsKC9NCCjA2gtzHvUpump,WSOL-SVMAI,WSOL,So11111111111111111111111111111111111111112,SVMAI,Cpzvdx6pppc9TNArsGsqgShCsKC9NCCjA2gtzHvUpump,85978.99,5911.12,38445.84,511870.43,2,12,14,1,2,400,20000
347,So11111111111111111111111111111111111111112-361pUXTPohPEgcnCVm7DUvNziizK37gVxLN3cw9Vpump,WSOL-CHORUZ,WSOL,So11111111111111111111111111111111111111112,CHORUZ,361pUXTPohPEgcnCVm7DUvNziizK37gVxLN3cw9Vpump,87794.75,5833.28,54487.53,630574.52,1,4,5,1,2,400,20000
348,So11111111111111111111111111111111111111112-7t1T28iMh5GsW8oTMx52x3u3M3hDbaY8psbL3rZ6BMrn,WSOL-TrackedBio,WSOL,So11111111111111111111111111111111111111112,TrackedBio,7t1T28iMh5GsW8oTMx52x3u3M3hDbaY8psbL3rZ6BMrn,54790.64,5807.05,24703.09,117573.47,2,6,8,1,2,400,20000
349,So11111111111111111111111111111111111111112-5G7xzLhXSrLaw8utPNAada8WPdQPZ4Dm6sddhuUckibr,WSOL-IBR,WSOL,So11111111111111111111111111111111111111112,IBR,5G7xzLhXSrLaw8utPNAada8WPdQPZ4Dm6sddhuUckibr,21888.8,5806.84,80734.12,12643317.14,2,0,2,1,2,400,20000
350,So11111111111111111111111111111111111111112-3QGGLYLu251jE9Ra8jkGtuHb773xYciXeqqvUgNTGimE,WSOL-███,WSOL,So11111111111111111111111111111111111111112,███,3QGGLYLu251jE9Ra8jkGtuHb773xYciXeqqvUgNTGimE,24544.46,5777.45,21201.74,638507.42,4,0,4,1,2,400,20000
351,Faf89929Ni9fbg4gmVZTca7eW6NFg877Jqn6MizT3Gvw-So11111111111111111111111111111111111111112,WOLF-WSOL,WOLF,Faf89929Ni9fbg4gmVZTca7eW6NFg877Jqn6MizT3Gvw,WSOL,So11111111111111111111111111111111111111112,346198.95,5756.24,74508.45,1321085.77,2,0,2,1,2,400,20000
352,So11111111111111111111111111111111111111112-M5MFPbS4X6eYek21xhFU38DTavMLuGY9eyC5p8Tpump,WSOL-ZACHXBT,WSOL,So11111111111111111111111111111111111111112,ZACHXBT,M5MFPbS4X6eYek21xhFU38DTavMLuGY9eyC5p8Tpump,76920.92,5567.58,111630.75,966317.16,2,0,2,1,2,400,20000
353,So11111111111111111111111111111111111111112-7UN8WkBumTUCofVPXCPjNWQ6msQhzrg9tFQRP48Nmw5V,WSOL-xencat,WSOL,So11111111111111111111111111111111111111112,xencat,7UN8WkBumTUCofVPXCPjNWQ6msQhzrg9tFQRP48Nmw5V,127113.81,5565.94,47036.01,994655.39,2,0,2,1,2,400,20000
354,So11111111111111111111111111111111111111112-7wM4MnbsPsG95A3WhZgbrPWvMtydKmJjqKr2ZVJVpump,WSOL-NAVAL,WSOL,So11111111111111111111111111111111111111112,NAVAL,7wM4MnbsPsG95A3WhZgbrPWvMtydKmJjqKr2ZVJVpump,72637.21,5527.72,15136.3,252566.87,1,6,7,1,2,400,20000
355,So11111111111111111111111111111111111111112-DAFdakKAEvB6GtJgnDk1LC1QK4gQrtTK3eKUZtAJpump,WSOL-PSYOP,WSOL,So11111111111111111111111111111111111111112,PSYOP,DAFdakKAEvB6GtJgnDk1LC1QK4gQrtTK3eKUZtAJpump,64448.77,5513.58,12231.86,112389.37,2,0,2,1,2,400,20000
356,So11111111111111111111111111111111111111112-CFrd1PnphJcNiGHtL3QYLb2Fvs1aBbJfah3FqgNPpump,WSOL-FAIREST,WSOL,So11111111111111111111111111111111111111112,FAIREST,CFrd1PnphJcNiGHtL3QYLb2Fvs1aBbJfah3FqgNPpump,39108.54,5487.09,74847.27,271006.3,3,0,3,1,2,400,20000
357,So11111111111111111111111111111111111111112-7iagMTDPfNSR5zVcERT1To7A9eaQoz58dJAh42EMHcCC,WSOL-YAKUB,WSOL,So11111111111111111111111111111111111111112,YAKUB,7iagMTDPfNSR5zVcERT1To7A9eaQoz58dJAh42EMHcCC,157558.76,5337.44,99258.55,716933.87,2,0,2,1,2,400,20000
358,So11111111111111111111111111111111111111112-CJWDVgXoVrXKCpLM64pkqLjozyoqKedEJqZ5kSStsd95,WSOL-ksol,WSOL,So11111111111111111111111111111111111111112,ksol,CJWDVgXoVrXKCpLM64pkqLjozyoqKedEJqZ5kSStsd95,124852.4,5333.02,20497.88,20497.88,2,0,2,1,2,400,20000
359,So11111111111111111111111111111111111111112-AKE5B588aZgt8WVioWRUVSp7XxdSJsz9GRDErC4ua3Fv,WSOL-FILTER,WSOL,So11111111111111111111111111111111111111112,FILTER,AKE5B588aZgt8WVioWRUVSp7XxdSJsz9GRDErC4ua3Fv,100033.25,5305.57,106724.62,168177.27,2,0,2,1,2,400,20000
360,So11111111111111111111111111111111111111112-G8Vy25NzjRmuQtnN35xF7j3X2Z1TrV39XijZu8Mg4w8n,WSOL-COOK,WSOL,So11111111111111111111111111111111111111112,COOK,G8Vy25NzjRmuQtnN35xF7j3X2Z1TrV39XijZu8Mg4w8n,104668.51,5292.41,30416.44,390081.28,2,0,2,1,2,400,20000
361,So11111111111111111111111111111111111111112-4Hcm1TfA1MvVhCQHvJCcKL7ymUhJZAV7P439H5ZHnKRh,WSOL-test,WSOL,So11111111111111111111111111111111111111112,test,4Hcm1TfA1MvVhCQHvJCcKL7ymUhJZAV7P439H5ZHnKRh,237355.34,5275.16,63649.45,799000.34,2,12,14,1,2,400,20000
362,8c71AvjQeKKeWRe8jtTGG1bJ2WiYXQdbjqFbUfhHgSVk-So11111111111111111111111111111111111111112,$GARY-WSOL,$GARY,8c71AvjQeKKeWRe8jtTGG1bJ2WiYXQdbjqFbUfhHgSVk,WSOL,So11111111111111111111111111111111111111112,124333.91,5245.12,32300.56,185726.12,3,0,3,1,2,400,20000
363,9zNQRsGLjNKwCUU5Gq5LR8beUCPzQMVMqKAi3SSZh54u-EPjFWdd5AufqSSqeM2qN1xzybapC8G4wEGGkZwyTDt1v,FDUSD-USDC,FDUSD,9zNQRsGLjNKwCUU5Gq5LR8beUCPzQMVMqKAi3SSZh54u,USDC,EPjFWdd5AufqSSqeM2qN1xzybapC8G4wEGGkZwyTDt1v,30495.18,5049.47,70172.0,3150054.2,1,10,11,1,2,400,20000
364,So11111111111111111111111111111111111111112-Cg93SZJkHePybZqGDuyXLf5Ag5sB2cpWfHUG8wNPpump,WSOL-alpha,WSOL,So11111111111111111111111111111111111111112,alpha,Cg93SZJkHePybZqGDuyXLf5Ag5sB2cpWfHUG8wNPpump,110915.11,5012.73,44715.41,1268391.89,1,9,10,1,2,400,20000
365,So11111111111111111111111111111111111111112-2wUGjvMqXusgfzYP3Vj149bSM9MwTPLS4maxkdGfpump,WSOL-SOLENG,WSOL,So11111111111111111111111111111111111111112,SOLENG,2wUGjvMqXusgfzYP3Vj149bSM9MwTPLS4maxkdGfpump,120834.1,4934.24,76060.6,1662483.13,1,6,7,1,2,400,20000
366,AuQaustGiaqxRvj2gtCdrd22PBzTn8kM3kEPEkZCtuDw-EPjFWdd5AufqSSqeM2qN1xzybapC8G4wEGGkZwyTDt1v,ADX-USDC,ADX,AuQaustGiaqxRvj2gtCdrd22PBzTn8kM3kEPEkZCtuDw,USDC,EPjFWdd5AufqSSqeM2qN1xzybapC8G4wEGGkZwyTDt1v,97468.86,4822.7,54136.24,372395.36,1,8,9,1,2,400,20000
367,So11111111111111111111111111111111111111112-ByXTsen3ftsd7SsqgXpSZqrEeoMV8Smhz1vox9j6pump,WSOL-SUCHIR,WSOL,So11111111111111111111111111111111111111112,SUCHIR,ByXTsen3ftsd7SsqgXpSZqrEeoMV8Smhz1vox9j6pump,82483.15,4801.19,31652.58,190211.12,1,21,22,1,2,400,20000
368,So11111111111111111111111111111111111111112-61K8cXntAHvY7kKC6bp3UvPbgUhUbHnGPztDSyRUpump,WSOL-GIGATITS,WSOL,So11111111111111111111111111111111111111112,GIGATITS,61K8cXntAHvY7kKC6bp3UvPbgUhUbHnGPztDSyRUpump,35947.78,4778.85,12427.68,53755.74,1,10,11,1,2,400,20000
369,orairHM3Yw2PbTfCty1PXy7tEUx3uBMfjouNbm4KnRJ-So11111111111111111111111111111111111111112,JPOW-WSOL,JPOW,orairHM3Yw2PbTfCty1PXy7tEUx3uBMfjouNbm4KnRJ,WSOL,So11111111111111111111111111111111111111112,41475.98,4751.25,25995.41,348325.46,2,0,2,1,2,400,20000
370,So11111111111111111111111111111111111111112-9dLuVbJMd4ZpTpFgmaFHAGSsFwVjtcnzFWaLAA1expHg,WSOL-HEEHEE,WSOL,So11111111111111111111111111111111111111112,HEEHEE,9dLuVbJMd4ZpTpFgmaFHAGSsFwVjtcnzFWaLAA1expHg,180322.33,4724.87,41976.66,314188.67,3,0,3,1,2,400,20000
371,So11111111111111111111111111111111111111112-8TbsZ3yH1mBHytVpmMn4qED2UeF3FgWUVt1pd5RBpump,WSOL-CUR,WSOL,So11111111111111111111111111111111111111112,CUR,8TbsZ3yH1mBHytVpmMn4qED2UeF3FgWUVt1pd5RBpump,47195.95,4499.52,50956.52,956778.1,1,7,8,1,2,400,20000
372,So11111111111111111111111111111111111111112-7uJrMsDN2Wxdc3VAq1iK9N5AHaTA7wUpbm1wqRonpump,WSOL-BETH,WSOL,So11111111111111111111111111111111111111112,BETH,7uJrMsDN2Wxdc3VAq1iK9N5AHaTA7wUpbm1wqRonpump,64223.51,4419.25,98429.27,859472.39,3,0,3,1,2,400,20000
373,So11111111111111111111111111111111111111112-7VuQeZKwthC6LiHb8U8fFNibnasiWKSaP9KQmdNLpump,WSOL-REPOALYZE,WSOL,So11111111111111111111111111111111111111112,REPOALYZE,7VuQeZKwthC6LiHb8U8fFNibnasiWKSaP9KQmdNLpump,55423.89,4308.48,51118.1,724175.62,2,0,2,1,2,400,20000
374,So11111111111111111111111111111111111111112-HaL8cPcEZgwLaCbwyf6aAPh7rhw7iHck22zFXSNjpump,WSOL-Claude,WSOL,So11111111111111111111111111111111111111112,Claude,HaL8cPcEZgwLaCbwyf6aAPh7rhw7iHck22zFXSNjpump,49584.66,4261.89,23693.31,93723.27,2,5,7,1,2,400,20000
375,So11111111111111111111111111111111111111112-7xUV6YR3rZMfExPqZiovQSUxpnHxr2KJJqFg1bFrpump,WSOL-dGPU,WSOL,So11111111111111111111111111111111111111112,dGPU,7xUV6YR3rZMfExPqZiovQSUxpnHxr2KJJqFg1bFrpump,104455.42,4081.06,65572.01,701263.22,2,12,14,1,2,400,20000
376,So11111111111111111111111111111111111111112-E4wg8YF472u8oiLvSNKB84Y23gZhkSQ3PSCJaUj4pump,WSOL-LEXICON,WSOL,So11111111111111111111111111111111111111112,LEXICON,E4wg8YF472u8oiLvSNKB84Y23gZhkSQ3PSCJaUj4pump,86290.68,3972.71,19160.94,478756.82,1,17,18,1,2,400,20000
377,5e41GfrQwTP74LgGt6WP9kw6xa1jQhAERCjnFKf74y52-So11111111111111111111111111111111111111112,VHS -WSOL,VHS ,5e41GfrQwTP74LgGt6WP9kw6xa1jQhAERCjnFKf74y52,WSOL,So11111111111111111111111111111111111111112,112413.18,3952.34,30279.31,549468.24,1,9,10,1,2,400,20000
378,So11111111111111111111111111111111111111112-GnMkhejvQmjMfAwnrYfu1LN3AfheiSo6pD2WaBeRL648,WSOL-RIGHT,WSOL,So11111111111111111111111111111111111111112,RIGHT,GnMkhejvQmjMfAwnrYfu1LN3AfheiSo6pD2WaBeRL648,35091.52,3913.57,30336.5,635503.7,1,3,4,1,2,400,20000
379,So11111111111111111111111111111111111111112-J7cENeeQs1XUgfruGNTEjXAAa54Rut8VYdDuMmmBvirt,WSOL-REXBT,WSOL,So11111111111111111111111111111111111111112,REXBT,J7cENeeQs1XUgfruGNTEjXAAa54Rut8VYdDuMmmBvirt,113402.17,3874.27,30990.52,3840014.91,2,0,2,1,2,400,20000
380,So11111111111111111111111111111111111111112-B8hCuoikV9gLeuwmTyhNdLbPnb5k3P77Q7WTtEM7pump,WSOL-HOLO,WSOL,So11111111111111111111111111111111111111112,HOLO,B8hCuoikV9gLeuwmTyhNdLbPnb5k3P77Q7WTtEM7pump,110675.02,3849.71,13031.86,920100.62,1,20,21,1,2,400,20000
381,So11111111111111111111111111111111111111112-Bw5K8eZaf361uDLHgX2UUn1PNfC7XtgQVvY9sSappump,WSOL-MANA,WSOL,So11111111111111111111111111111111111111112,MANA,Bw5K8eZaf361uDLHgX2UUn1PNfC7XtgQVvY9sSappump,129939.8,3785.38,61144.81,1673139.17,2,13,15,1,2,400,20000
382,So11111111111111111111111111111111111111112-DexxZWtZd8hdmeth9gKYXgTWa1VYdMVrWFBZ9RXXXhBn,WSOL-Kekec,WSOL,So11111111111111111111111111111111111111112,Kekec,DexxZWtZd8hdmeth9gKYXgTWa1VYdMVrWFBZ9RXXXhBn,46887.15,3783.07,16433.27,186196.25,3,3,6,1,2,400,20000
383,So11111111111111111111111111111111111111112-Em8WF6pg9FmKDy1dXkWhXxpgmfhj5Bes3ZCE8PCCJSHt,WSOL-SHRUB,WSOL,So11111111111111111111111111111111111111112,SHRUB,Em8WF6pg9FmKDy1dXkWhXxpgmfhj5Bes3ZCE8PCCJSHt,66314.37,3768.0,15078.64,207240.86,2,0,2,1,2,400,20000
384,So11111111111111111111111111111111111111112-7D7BRcBYepfi77vxySapmeqRNN1wsBBxnFPJGbH5pump,WSOL-DMAGA,WSOL,So11111111111111111111111111111111111111112,DMAGA,7D7BRcBYepfi77vxySapmeqRNN1wsBBxnFPJGbH5pump,281863.73,3621.36,73174.22,1201243.92,2,20,22,1,2,400,20000
385,So11111111111111111111111111111111111111112-5AnPDx9GposBi9jSW2dFfE5QQD3FmXbudoquMNDxpump,WSOL-DOLLAR,WSOL,So11111111111111111111111111111111111111112,DOLLAR,5AnPDx9GposBi9jSW2dFfE5QQD3FmXbudoquMNDxpump,71264.8,3433.75,35054.8,142327.4,1,12,13,1,2,400,20000
386,So11111111111111111111111111111111111111112-2KchKijPuwnwC92LPWVjFjRwB3WxKtzx9bbXZ7kRpump,WSOL-FUKU,WSOL,So11111111111111111111111111111111111111112,FUKU,2KchKijPuwnwC92LPWVjFjRwB3WxKtzx9bbXZ7kRpump,128339.56,3359.8,75291.81,1229864.73,4,12,16,1,2,400,20000
387,So11111111111111111111111111111111111111112-BDW8YHasD3NSDjSHU9Xy6KXtshGayMGQfj5bJpLcpump,WSOL-HTERM,WSOL,So11111111111111111111111111111111111111112,HTERM,BDW8YHasD3NSDjSHU9Xy6KXtshGayMGQfj5bJpLcpump,121745.77,3278.84,34902.96,943932.56,2,14,16,1,2,400,20000
388,So11111111111111111111111111111111111111112-Fxm6tJ2khHbLVcSgnYUqg9FiBduVRLEvdQR67dvQ3eGp,WSOL-NAI,WSOL,So11111111111111111111111111111111111111112,NAI,Fxm6tJ2khHbLVcSgnYUqg9FiBduVRLEvdQR67dvQ3eGp,85685.06,3276.38,49126.9,418629.57,2,8,10,1,2,400,20000
389,So11111111111111111111111111111111111111112-9UNqoPEXXxEnEphmyYsZYdL5dnmAUtdiKRUchpnUF5Ph,WSOL-$WHISKEY,WSOL,So11111111111111111111111111111111111111112,$WHISKEY,9UNqoPEXXxEnEphmyYsZYdL5dnmAUtdiKRUchpnUF5Ph,170840.61,3224.47,18394.09,59185.11,2,0,2,1,2,400,20000
390,So11111111111111111111111111111111111111112-AXGmqhcKcPC4bC7vNpxGtu5oEwoEEnyeQUdw9YwYWF1q,WSOL-URKO,WSOL,So11111111111111111111111111111111111111112,URKO,AXGmqhcKcPC4bC7vNpxGtu5oEwoEEnyeQUdw9YwYWF1q,39017.01,3220.61,28063.85,212177.87,3,0,3,1,2,400,20000
391,So11111111111111111111111111111111111111112-Gh8yeA9vH5Fun7J6esFH3mV65cQTBpxk9Z5XpzU7pump,WSOL-RHUN,WSOL,So11111111111111111111111111111111111111112,RHUN,Gh8yeA9vH5Fun7J6esFH3mV65cQTBpxk9Z5XpzU7pump,74274.01,3180.82,69760.77,750683.62,1,8,9,1,2,400,20000
392,So11111111111111111111111111111111111111112-BEgBsVSKJSxreiCE1XmWWq8arnwit7xDqQXSWYgay9xP,WSOL-WYAC,WSOL,So11111111111111111111111111111111111111112,WYAC,BEgBsVSKJSxreiCE1XmWWq8arnwit7xDqQXSWYgay9xP,179336.01,3091.52,42433.67,428380.38,1,16,17,1,2,400,20000
393,MEFNBXixkEbait3xn9bkm8WsJzXtVsaJEn4c8Sam21u-So11111111111111111111111111111111111111112,ME-WSOL,ME,MEFNBXixkEbait3xn9bkm8WsJzXtVsaJEn4c8Sam21u,WSOL,So11111111111111111111111111111111111111112,76034.26,3058.24,12765.15,72184.93,2,61,63,1,2,400,20000
394,So11111111111111111111111111111111111111112-2q8Y8rubbsaaA3faq8Ytsk382JXgtKdn23qjNXhSpump,WSOL-ROSS,WSOL,So11111111111111111111111111111111111111112,ROSS,2q8Y8rubbsaaA3faq8Ytsk382JXgtKdn23qjNXhSpump,299433.97,3036.28,68772.99,707694.93,4,15,19,1,2,400,20000
395,So11111111111111111111111111111111111111112-4Svy1p3ZvaRv46Nqg22wTWb5Ge425dEG1m2f8SM5pump,WSOL-REIGN,WSOL,So11111111111111111111111111111111111111112,REIGN,4Svy1p3ZvaRv46Nqg22wTWb5Ge425dEG1m2f8SM5pump,75638.83,3002.44,54528.9,404136.4,2,0,2,1,2,400,20000
396,E2BGnzHdJNUBtAVR7EyQMuEMHqgv65JL8J9ZyqyXUVvA-So11111111111111111111111111111111111111112,CHINA-WSOL,CHINA,E2BGnzHdJNUBtAVR7EyQMuEMHqgv65JL8J9ZyqyXUVvA,WSOL,So11111111111111111111111111111111111111112,67109.46,2911.0,49414.03,388763.56,1,6,7,1,2,400,20000
397,So11111111111111111111111111111111111111112-Agentfk87X48g37uPprEZaQtizDvnSQVeTqVjAtmbhd3,WSOL-$SOULS,WSOL,So11111111111111111111111111111111111111112,$SOULS,Agentfk87X48g37uPprEZaQtizDvnSQVeTqVjAtmbhd3,52260.7,2864.81,23985.86,211969.94,1,9,10,1,2,400,20000
398,JDwzFSxcUvLubUb9xAuuZNvh4bbcEJcuM9TezpmRHVWF-So11111111111111111111111111111111111111112,doodoo-WSOL,doodoo,JDwzFSxcUvLubUb9xAuuZNvh4bbcEJcuM9TezpmRHVWF,WSOL,So11111111111111111111111111111111111111112,440917.04,2814.89,18388.68,155337.32,2,0,2,1,2,400,20000
399,So11111111111111111111111111111111111111112-2CsJHNyj74zK6Jaiq2UayPAXFEjmL5UKhpeLNaH45Fud,WSOL-GIZMO,WSOL,So11111111111111111111111111111111111111112,GIZMO,2CsJHNyj74zK6Jaiq2UayPAXFEjmL5UKhpeLNaH45Fud,89724.39,2781.63,29066.75,164865.26,2,0,2,1,2,400,20000
400,Bhu2wBWxfWkRJ6pFn5NodnEvMCqj9DLfCU5qMvt7pump-EPjFWdd5AufqSSqeM2qN1xzybapC8G4wEGGkZwyTDt1v,CHATOSHI-USDC,CHATOSHI,Bhu2wBWxfWkRJ6pFn5NodnEvMCqj9DLfCU5qMvt7pump,USDC,EPjFWdd5AufqSSqeM2qN1xzybapC8G4wEGGkZwyTDt1v,278289.0,2723.8,22874.13,309870.01,3,0,3,1,2,400,20000
401,So11111111111111111111111111111111111111112-76PsEyML7UV9uiBDWMdG3itRRuupDuRs6nNpjNBpump,WSOL-PPCOIN,WSOL,So11111111111111111111111111111111111111112,PPCOIN,76PsEyML7UV9uiBDWMdG3itRRuupDuRs6nNpjNBpump,103411.4,2723.18,14856.0,485222.04,1,6,7,1,2,400,20000
402,So11111111111111111111111111111111111111112-jUpa2aDCzvdR9EF4fqDXmuyMUkonPTohphABLmRkRFj,WSOL-RIFT,WSOL,So11111111111111111111111111111111111111112,RIFT,jUpa2aDCzvdR9EF4fqDXmuyMUkonPTohphABLmRkRFj,282122.45,2674.46,24859.23,343473.06,3,18,21,1,2,400,20000
403,So11111111111111111111111111111111111111112-25p2BoNp6qrJH5As6ek6H7Ei495oSkyZd3tGb97sqFmH,WSOL-soba,WSOL,So11111111111111111111111111111111111111112,soba,25p2BoNp6qrJH5As6ek6H7Ei495oSkyZd3tGb97sqFmH,192158.45,2671.57,49469.95,417184.93,3,0,3,1,2,400,20000
404,So11111111111111111111111111111111111111112-CwdjgD54hgTQChspxHhirWLQWqy3EsxtndrcpLBqpump,WSOL-GOBI,WSOL,So11111111111111111111111111111111111111112,GOBI,CwdjgD54hgTQChspxHhirWLQWqy3EsxtndrcpLBqpump,43516.26,2665.19,13140.6,96560.59,1,14,15,1,2,400,20000
405,So11111111111111111111111111111111111111112-6QSVGUEyBZWRshnXKhS96NQ97vGWiTu61SyHLAbYpump,WSOL-KACY,WSOL,So11111111111111111111111111111111111111112,KACY,6QSVGUEyBZWRshnXKhS96NQ97vGWiTu61SyHLAbYpump,130660.18,2638.4,48478.99,531856.67,1,19,20,1,2,400,20000
406,So11111111111111111111111111111111111111112-6tVZVjcppH2BZ9Xj5yFU1Zt34m2rYcyDqqpSeMDZpump,WSOL-miharu,WSOL,So11111111111111111111111111111111111111112,miharu,6tVZVjcppH2BZ9Xj5yFU1Zt34m2rYcyDqqpSeMDZpump,115386.1,2603.77,36984.23,979256.38,2,14,16,1,2,400,20000
407,So11111111111111111111111111111111111111112-GLPdQwGtjcynj3RLraenPeR9v1REnpdyuciPBpVipump,WSOL-SCOUT,WSOL,So11111111111111111111111111111111111111112,SCOUT,GLPdQwGtjcynj3RLraenPeR9v1REnpdyuciPBpVipump,114198.91,2591.78,25296.63,554303.6,1,16,17,1,2,400,20000
408,So11111111111111111111111111111111111111112-5LGyBHMMPwzMunxhcBMn6ZWAuqoHUQmcFiboTJidFURP,WSOL-DeFAI,WSOL,So11111111111111111111111111111111111111112,DeFAI,5LGyBHMMPwzMunxhcBMn6ZWAuqoHUQmcFiboTJidFURP,64341.58,2562.72,21642.25,180240.95,1,3,4,1,2,400,20000
409,E1kvzJNxShvvWTrudokpzuc789vRiDXfXG3duCuY6ooE-EPjFWdd5AufqSSqeM2qN1xzybapC8G4wEGGkZwyTDt1v,DITH-USDC,DITH,E1kvzJNxShvvWTrudokpzuc789vRiDXfXG3duCuY6ooE,USDC,EPjFWdd5AufqSSqeM2qN1xzybapC8G4wEGGkZwyTDt1v,57571.71,2525.98,36090.33,270369.45,1,8,9,1,2,400,20000
410,8CkiSHHJDHJV4LUoiRMLUhqG58cUkbyJRtcP4Z3mCXNf-So11111111111111111111111111111111111111112,POWSCHE-WSOL,POWSCHE,8CkiSHHJDHJV4LUoiRMLUhqG58cUkbyJRtcP4Z3mCXNf,WSOL,So11111111111111111111111111111111111111112,122980.35,2464.59,27633.23,260763.44,1,2,3,1,2,400,20000
411,AVLhahDcDQ4m4vHM4ug63oh7xc8Jtk49Dm5hoe9Sazqr-EPjFWdd5AufqSSqeM2qN1xzybapC8G4wEGGkZwyTDt1v,SOLAMA-USDC,SOLAMA,AVLhahDcDQ4m4vHM4ug63oh7xc8Jtk49Dm5hoe9Sazqr,USDC,EPjFWdd5AufqSSqeM2qN1xzybapC8G4wEGGkZwyTDt1v,58024.85,2456.15,10644.44,80875.81,2,2,4,1,2,400,20000
412,So11111111111111111111111111111111111111112-ELdqGtj2MhejZzudGfz7b798si2Av5Asuw9ryEQSpump,WSOL-SCARF,WSOL,So11111111111111111111111111111111111111112,SCARF,ELdqGtj2MhejZzudGfz7b798si2Av5Asuw9ryEQSpump,49482.82,2389.18,24662.58,1315504.19,1,14,15,1,2,400,20000
413,EWMfSJgDCE7CXDAYz3hbCaA7NsFHTnddySXx3shco2Hs-So11111111111111111111111111111111111111112,STASH-WSOL,STASH,EWMfSJgDCE7CXDAYz3hbCaA7NsFHTnddySXx3shco2Hs,WSOL,So11111111111111111111111111111111111111112,204475.88,2336.48,25161.01,145611.17,1,3,4,1,2,400,20000
414,So11111111111111111111111111111111111111112-yLUD35WTiPLEY6DUqEj5W2JVXF2DfKB5arPkKJXpump,WSOL-APY,WSOL,So11111111111111111111111111111111111111112,APY,yLUD35WTiPLEY6DUqEj5W2JVXF2DfKB5arPkKJXpump,134768.5,2295.48,23029.17,325189.75,1,13,14,1,2,400,20000
415,So11111111111111111111111111111111111111112-J5tzd1ww1V1qrgDUQHVCGqpmpbnEnjzGs9LAqJxwkNde,WSOL-FRN,WSOL,So11111111111111111111111111111111111111112,FRN,J5tzd1ww1V1qrgDUQHVCGqpmpbnEnjzGs9LAqJxwkNde,34059.7,2236.88,6569.92,56703.84,2,0,2,1,2,400,20000
416,So11111111111111111111111111111111111111112-HKKagAnZBoJPWS4z5AZ5bErB7Uj6u2mkLo4ysD7mpump,WSOL-ANCHOVY,WSOL,So11111111111111111111111111111111111111112,ANCHOVY,HKKagAnZBoJPWS4z5AZ5bErB7Uj6u2mkLo4ysD7mpump,21665.49,2159.24,13812.07,2790372.08,2,0,2,1,2,400,20000
417,2otVNpcHXn9MKeDk3Zby5uanF3s7tki4toaJ3PZcXaUd-EPjFWdd5AufqSSqeM2qN1xzybapC8G4wEGGkZwyTDt1v,OSOL-USDC,OSOL,2otVNpcHXn9MKeDk3Zby5uanF3s7tki4toaJ3PZcXaUd,USDC,EPjFWdd5AufqSSqeM2qN1xzybapC8G4wEGGkZwyTDt1v,28609.01,2157.5,10251.17,746856.43,1,1,2,1,2,400,20000
418,So11111111111111111111111111111111111111112-BjotV424H4UBvrAiGFGjQGztLxoafxM4HSdCXZR6pump,WSOL-DJI,WSOL,So11111111111111111111111111111111111111112,DJI,BjotV424H4UBvrAiGFGjQGztLxoafxM4HSdCXZR6pump,79652.58,2130.46,70573.48,418368.05,1,9,10,1,2,400,20000
419,So11111111111111111111111111111111111111112-FR382Gv7RxrEb2q1MZkP9athyJC9rUBt8M2jKfyKpump,WSOL-Jarvis,WSOL,So11111111111111111111111111111111111111112,Jarvis,FR382Gv7RxrEb2q1MZkP9athyJC9rUBt8M2jKfyKpump,38304.9,2095.59,15115.18,1024147.77,1,4,5,1,2,400,20000
420,So11111111111111111111111111111111111111112-CX9YDTED9TWgVXVoFy8JL9gSSAEWcTv4mzjLSv17LQsj,WSOL-DRUGS,WSOL,So11111111111111111111111111111111111111112,DRUGS,CX9YDTED9TWgVXVoFy8JL9gSSAEWcTv4mzjLSv17LQsj,42764.66,2094.45,17204.45,202957.76,3,0,3,1,2,400,20000
421,So11111111111111111111111111111111111111112-CPcf58MNikQw2G23kTVWQevRDeFDpdxMH7KkR7Lhpump,WSOL-DOBBY,WSOL,So11111111111111111111111111111111111111112,DOBBY,CPcf58MNikQw2G23kTVWQevRDeFDpdxMH7KkR7Lhpump,30806.2,2081.32,7359.92,66305.33,2,0,2,1,2,400,20000
422,So11111111111111111111111111111111111111112-EnpGPwV8YLGM6Eqjy1ASXfA8MY7FhtSet44HivTnpump,WSOL-brokeguy,WSOL,So11111111111111111111111111111111111111112,brokeguy,EnpGPwV8YLGM6Eqjy1ASXfA8MY7FhtSet44HivTnpump,22192.33,1990.67,14761.25,3296893.92,2,0,2,1,2,400,20000
423,So11111111111111111111111111111111111111112-AzC1u8NPdpS6DVBs8Mv3P6egZ2AhN9KaGaY64xVMpump,WSOL-DEEBO,WSOL,So11111111111111111111111111111111111111112,DEEBO,AzC1u8NPdpS6DVBs8Mv3P6egZ2AhN9KaGaY64xVMpump,33662.31,1918.56,5011.82,45406.05,1,17,18,1,2,400,20000
424,So11111111111111111111111111111111111111112-FwzpNxnabjZvc8QCnV6qPEBKxqLxSyjobc5Etdgxpump,WSOL-ALR,WSOL,So11111111111111111111111111111111111111112,ALR,FwzpNxnabjZvc8QCnV6qPEBKxqLxSyjobc5Etdgxpump,65702.59,1905.09,49504.22,668530.69,2,9,11,1,2,400,20000
425,So11111111111111111111111111111111111111112-zi87E9xtFPRQ2o9qqerFxUDQLZgEkHrhpHDxxZhYi9a,WSOL-SUPA,WSOL,So11111111111111111111111111111111111111112,SUPA,zi87E9xtFPRQ2o9qqerFxUDQLZgEkHrhpHDxxZhYi9a,34424.43,1878.18,36455.92,229938.11,1,12,13,1,2,400,20000
426,49ztDWXk7qEfz8Y1t8owmhLhewiA3ptVNPpRGAjRd8Wh-So11111111111111111111111111111111111111112,NYAN-WSOL,NYAN,49ztDWXk7qEfz8Y1t8owmhLhewiA3ptVNPpRGAjRd8Wh,WSOL,So11111111111111111111111111111111111111112,45814.15,1869.03,9839.27,56961.63,2,6,8,1,2,400,20000
427,So11111111111111111111111111111111111111112-7M3gDRgozcumFsiTeXwjB8cYxpg7Q9R7rH7rkw2Fpump,WSOL-CRIME,WSOL,So11111111111111111111111111111111111111112,CRIME,7M3gDRgozcumFsiTeXwjB8cYxpg7Q9R7rH7rkw2Fpump,95302.81,1833.57,29109.8,553279.35,1,4,5,1,2,400,20000
428,oraiBbhuMd7MeVxyBjtnK8sggprf2NpHkeJaeHzpBFK-So11111111111111111111111111111111111111112,BANKER-WSOL,BANKER,oraiBbhuMd7MeVxyBjtnK8sggprf2NpHkeJaeHzpBFK,WSOL,So11111111111111111111111111111111111111112,31314.47,1784.63,14711.48,240028.66,2,0,2,1,2,400,20000
429,7dGbPgUxKpB5qWiLRKcTQSC3om1fPzUpgGAFfwej9hXx-So11111111111111111111111111111111111111112,GCR-WSOL,GCR,7dGbPgUxKpB5qWiLRKcTQSC3om1fPzUpgGAFfwej9hXx,WSOL,So11111111111111111111111111111111111111112,56072.91,1766.57,25833.65,420710.55,1,11,12,1,2,400,20000
430,So11111111111111111111111111111111111111112-3Rcc6tMyS7ZEa29dxV4g3J5StorS9J1dn98gd42pZTk1,WSOL-MIMANY,WSOL,So11111111111111111111111111111111111111112,MIMANY,3Rcc6tMyS7ZEa29dxV4g3J5StorS9J1dn98gd42pZTk1,74074.61,1765.7,15004.25,97224.75,2,9,11,1,2,400,20000
431,ENoD8J2J6wNHkcJkvVBkwq5JMiR1oNBfBZRkoHCQogyT-So11111111111111111111111111111111111111112,AABL-WSOL,AABL,ENoD8J2J6wNHkcJkvVBkwq5JMiR1oNBfBZRkoHCQogyT,WSOL,So11111111111111111111111111111111111111112,52082.08,1759.23,21686.37,398595.18,1,5,6,1,2,400,20000
432,So11111111111111111111111111111111111111112-J1ow1c3ExcJYQmgNFRPfCp1LMYRf6P3A33isDcBmpump,WSOL-ZODs,WSOL,So11111111111111111111111111111111111111112,ZODs,J1ow1c3ExcJYQmgNFRPfCp1LMYRf6P3A33isDcBmpump,86084.82,1758.47,16959.06,225150.59,1,7,8,1,2,400,20000
433,So11111111111111111111111111111111111111112-2BuXJDuA8dnqUpytSpnyxNy9ymuchZFbWxFcsRgFpump,WSOL-Jail Milei,WSOL,So11111111111111111111111111111111111111112,Jail Milei,2BuXJDuA8dnqUpytSpnyxNy9ymuchZFbWxFcsRgFpump,25592.63,1712.25,73447.56,4524137.07,2,10,12,1,2,400,20000
434,So11111111111111111111111111111111111111112-ePf254sV6bfec56voNkxHCLR43fr2tE1JMGMQm9dGFM,WSOL-BCAT,WSOL,So11111111111111111111111111111111111111112,BCAT,ePf254sV6bfec56voNkxHCLR43fr2tE1JMGMQm9dGFM,24286.27,1711.32,121181.19,2010690.83,1,4,5,1,2,400,20000
435,D2JGRcNqq1mLzyL4ruCb27pzYw8FF3nTK4hMz6GmMW56-So11111111111111111111111111111111111111112,🫃-WSOL,🫃,D2JGRcNqq1mLzyL4ruCb27pzYw8FF3nTK4hMz6GmMW56,WSOL,So11111111111111111111111111111111111111112,31483.59,1648.05,6219.25,512041.43,2,0,2,1,2,400,20000
436,So11111111111111111111111111111111111111112-FFgfStKwuF3DSxEeogA69FNkPrkb7XDA5Tw29TBEpump,WSOL-GNZ,WSOL,So11111111111111111111111111111111111111112,GNZ,FFgfStKwuF3DSxEeogA69FNkPrkb7XDA5Tw29TBEpump,96335.56,1637.7,21255.98,512093.56,1,14,15,1,2,400,20000
437,So11111111111111111111111111111111111111112-92crE7qiX5T7VtiXhCeagfo1E81UtyguiXM7qCi7pump,WSOL-create,WSOL,So11111111111111111111111111111111111111112,create,92crE7qiX5T7VtiXhCeagfo1E81UtyguiXM7qCi7pump,78265.9,1616.96,7653.34,359257.52,2,5,7,1,2,400,20000
438,So11111111111111111111111111111111111111112-8EHC2gfTLDb2eGQfjm17mVNLWPGRc9YVD75bepZ2nZJa,WSOL-$dicki,WSOL,So11111111111111111111111111111111111111112,$dicki,8EHC2gfTLDb2eGQfjm17mVNLWPGRc9YVD75bepZ2nZJa,28831.73,1601.68,16411.56,88549.76,1,10,11,1,2,400,20000
439,So11111111111111111111111111111111111111112-CWFa2nxUMf5d1WwKtG9FS9kjUKGwKXWSjH8hFdWspump,WSOL-PRO,WSOL,So11111111111111111111111111111111111111112,PRO,CWFa2nxUMf5d1WwKtG9FS9kjUKGwKXWSjH8hFdWspump,80575.53,1570.95,18770.76,97511.45,1,6,7,1,2,400,20000
440,So11111111111111111111111111111111111111112-GqmEdRD3zGUZdYPeuDeXxCc8Cj1DBmGSYK97TCwSpump,WSOL-e/acc,WSOL,So11111111111111111111111111111111111111112,e/acc,GqmEdRD3zGUZdYPeuDeXxCc8Cj1DBmGSYK97TCwSpump,162704.61,1570.06,41531.02,484409.37,1,8,9,1,2,400,20000
441,So11111111111111111111111111111111111111112-8vCAUbxejdtaxn6jnX5uaQTyTZLmXALg9u1bvFCAjtx7,WSOL-ZACK,WSOL,So11111111111111111111111111111111111111112,ZACK,8vCAUbxejdtaxn6jnX5uaQTyTZLmXALg9u1bvFCAjtx7,157048.16,1556.76,29914.08,558523.85,2,0,2,1,2,400,20000
442,So11111111111111111111111111111111111111112-kH6hPcpdJqeMAATYU7W4rzqZuzYTkYr6QqGYTLkpump,WSOL-EDAS,WSOL,So11111111111111111111111111111111111111112,EDAS,kH6hPcpdJqeMAATYU7W4rzqZuzYTkYr6QqGYTLkpump,36453.35,1535.14,16594.42,88166.44,2,0,2,1,2,400,20000
443,So11111111111111111111111111111111111111112-2x8o3hA5S5fBxCSE9hzVTf3RohcMWHqkDNKNEPuzprD5,WSOL-STBOT,WSOL,So11111111111111111111111111111111111111112,STBOT,2x8o3hA5S5fBxCSE9hzVTf3RohcMWHqkDNKNEPuzprD5,275542.52,1524.88,33243.45,263178.31,2,0,2,1,2,400,20000
444,So11111111111111111111111111111111111111112-FuQASH8ps9NPeDu4h3rVtMBygKYoSiSTZ4uSiA5tpump,WSOL-Banana,WSOL,So11111111111111111111111111111111111111112,Banana,FuQASH8ps9NPeDu4h3rVtMBygKYoSiSTZ4uSiA5tpump,66627.65,1509.85,32907.44,223190.34,2,0,2,1,2,400,20000
445,So11111111111111111111111111111111111111112-8NCievmJCg2d9Vc2TWgz2HkE6ANeSX7kwvdq5AL7pump,WSOL-BUNKER,WSOL,So11111111111111111111111111111111111111112,BUNKER,8NCievmJCg2d9Vc2TWgz2HkE6ANeSX7kwvdq5AL7pump,89773.65,1503.56,15909.27,186882.92,1,3,4,1,2,400,20000
446,So11111111111111111111111111111111111111112-229vWzBTiUNdraYpVtSH9usTwwVxcyPDbBWf1zEPpump,WSOL-CALVIN,WSOL,So11111111111111111111111111111111111111112,CALVIN,229vWzBTiUNdraYpVtSH9usTwwVxcyPDbBWf1zEPpump,101242.33,1471.65,18042.66,258310.67,1,3,4,1,2,400,20000
447,So11111111111111111111111111111111111111112-Gv8mfuosgCKCj9tPs9VWS1GzETemr69Lnr2jwjbWpump,WSOL-HSM,WSOL,So11111111111111111111111111111111111111112,HSM,Gv8mfuosgCKCj9tPs9VWS1GzETemr69Lnr2jwjbWpump,52697.53,1424.48,19186.47,329166.28,1,16,17,1,2,400,20000
448,So11111111111111111111111111111111111111112-3vJenGaGsuKG5shPhi7rjnuy3MV6xjmBTGjYqYzXpump,WSOL-RAT,WSOL,So11111111111111111111111111111111111111112,RAT,3vJenGaGsuKG5shPhi7rjnuy3MV6xjmBTGjYqYzXpump,86652.86,1424.04,20380.66,143121.86,2,0,2,1,2,400,20000
449,So11111111111111111111111111111111111111112-Fss7oX43YpNNWVnRZugZ1NcngR1j8Ar33Z2dLqYfpump,WSOL-RAPTOR,WSOL,So11111111111111111111111111111111111111112,RAPTOR,Fss7oX43YpNNWVnRZugZ1NcngR1j8Ar33Z2dLqYfpump,23298.97,1307.45,8884.22,60733.76,1,3,4,1,2,400,20000
450,So11111111111111111111111111111111111111112-45ZAM7JK8ZGHuBQiJ8kvhdiVdiQGsTQGgt3gRAEQpump,WSOL-Asha,WSOL,So11111111111111111111111111111111111111112,Asha,45ZAM7JK8ZGHuBQiJ8kvhdiVdiQGsTQGgt3gRAEQpump,63711.35,1287.5,5763.7,93535.36,1,11,12,1,2,400,20000
451,So11111111111111111111111111111111111111112-HswqmpB6is4ih9pPLNwYCFnG7YbAdwKvdZXW18aKpump,WSOL-SS,WSOL,So11111111111111111111111111111111111111112,SS,HswqmpB6is4ih9pPLNwYCFnG7YbAdwKvdZXW18aKpump,41153.23,1278.57,5360.93,172948.35,1,7,8,1,2,400,20000
452,So11111111111111111111111111111111111111112-7yZFFUhq9ac7DY4WobLL539pJEUbMnQ5AGQQuuEMpump,WSOL-OBOT,WSOL,So11111111111111111111111111111111111111112,OBOT,7yZFFUhq9ac7DY4WobLL539pJEUbMnQ5AGQQuuEMpump,163461.08,1251.53,7505.45,171517.18,1,12,13,1,2,400,20000
453,So11111111111111111111111111111111111111112-9Xfko1cNUJ6cpgBxkdH7k7VyYouUmCtUij5tDWUFpump,WSOL-SLOG,WSOL,So11111111111111111111111111111111111111112,SLOG,9Xfko1cNUJ6cpgBxkdH7k7VyYouUmCtUij5tDWUFpump,52072.79,1234.02,5921.74,24476.57,3,0,3,1,2,400,20000
454,So11111111111111111111111111111111111111112-HCq9orwso55TowciCZkD3Yb7c74iHYRGvQrubz4ppump,WSOL-SSEC,WSOL,So11111111111111111111111111111111111111112,SSEC,HCq9orwso55TowciCZkD3Yb7c74iHYRGvQrubz4ppump,40795.95,1200.06,10705.79,52694.55,2,0,2,1,2,400,20000
455,DFL1zNkaGPWm1BqAVqRjCZvHmwTFrEaJtbzJWgseoNJh-EPjFWdd5AufqSSqeM2qN1xzybapC8G4wEGGkZwyTDt1v,DFL-USDC,DFL,DFL1zNkaGPWm1BqAVqRjCZvHmwTFrEaJtbzJWgseoNJh,USDC,EPjFWdd5AufqSSqeM2qN1xzybapC8G4wEGGkZwyTDt1v,59540.15,1181.73,5181.08,43013.06,2,3,5,1,2,400,20000
456,So11111111111111111111111111111111111111112-5Wd2ALxQfnpgQKCyH4WL9giBiiuuLuJs84CJxfQccvmN,WSOL-speed,WSOL,So11111111111111111111111111111111111111112,speed,5Wd2ALxQfnpgQKCyH4WL9giBiiuuLuJs84CJxfQccvmN,80559.71,1180.4,10427.41,61678.88,1,7,8,1,2,400,20000
457,E6Eg7Esj5tfSwkbDGdrzhrotqptv7ghJNarLZ9rbHDSG-So11111111111111111111111111111111111111112,SHARE-WSOL,SHARE,E6Eg7Esj5tfSwkbDGdrzhrotqptv7ghJNarLZ9rbHDSG,WSOL,So11111111111111111111111111111111111111112,32653.73,1180.36,4333.25,47962.77,2,0,2,1,2,400,20000
458,So11111111111111111111111111111111111111112-788ucb6esrNwVxHzcpKjSakXvJWe2Ygw3QtHVwrUpump,WSOL-Canada,WSOL,So11111111111111111111111111111111111111112,Canada,788ucb6esrNwVxHzcpKjSakXvJWe2Ygw3QtHVwrUpump,23682.66,1122.37,86631.73,284672.24,2,3,5,1,2,400,20000
459,So11111111111111111111111111111111111111112-2ajYe8eh8btUZRpaZ1v7ewWDkcYJmVGvPuDTU5xrpump,WSOL-Budju,WSOL,So11111111111111111111111111111111111111112,Budju,2ajYe8eh8btUZRpaZ1v7ewWDkcYJmVGvPuDTU5xrpump,42022.54,1118.91,6623.73,186121.65,2,0,2,1,2,400,20000
460,SCSuPPNUSypLBsV4darsrYNg4ANPgaGhKhsA3GmMyjz-So11111111111111111111111111111111111111112,SCS-WSOL,SCS,SCSuPPNUSypLBsV4darsrYNg4ANPgaGhKhsA3GmMyjz,WSOL,So11111111111111111111111111111111111111112,23964.37,975.31,6842.79,43133.55,1,10,11,1,2,400,20000
461,So11111111111111111111111111111111111111112-4oz9DZabbYNeB7UGUA4HYZKYRb4Hwm3h2u2x4CrumbAr,WSOL-SPICE,WSOL,So11111111111111111111111111111111111111112,SPICE,4oz9DZabbYNeB7UGUA4HYZKYRb4Hwm3h2u2x4CrumbAr,104951.81,969.22,7939.24,209392.62,2,0,2,1,2,400,20000
462,So11111111111111111111111111111111111111112-4Z6AbaXT9nk5J3uihNSjBVUoxUTSosRbDTkTfAFMpump,WSOL-YE,WSOL,So11111111111111111111111111111111111111112,YE,4Z6AbaXT9nk5J3uihNSjBVUoxUTSosRbDTkTfAFMpump,30977.57,969.2,4888.8,95416.59,1,11,12,1,2,400,20000
463,So11111111111111111111111111111111111111112-CXcWiHFDM1J8RHfAuzor1YGSk6BxGKFY5kstjUZjpump,WSOL-NGNF,WSOL,So11111111111111111111111111111111111111112,NGNF,CXcWiHFDM1J8RHfAuzor1YGSk6BxGKFY5kstjUZjpump,113780.04,941.25,33241.64,124578.87,3,0,3,1,2,400,20000
464,So11111111111111111111111111111111111111112-4Qur8tvJG195EXmhsuPvpa3qmMiAugtbDaoGwVGV6oJD,WSOL-SKAI,WSOL,So11111111111111111111111111111111111111112,SKAI,4Qur8tvJG195EXmhsuPvpa3qmMiAugtbDaoGwVGV6oJD,44459.03,891.35,2780.72,65963.67,1,7,8,1,2,400,20000
465,E1R4RF89GcKxz62DVfojxDJteLFFs8rtiXcGcrx5HbTj-EPjFWdd5AufqSSqeM2qN1xzybapC8G4wEGGkZwyTDt1v,$MATRIX-USDC,$MATRIX,E1R4RF89GcKxz62DVfojxDJteLFFs8rtiXcGcrx5HbTj,USDC,EPjFWdd5AufqSSqeM2qN1xzybapC8G4wEGGkZwyTDt1v,127857.97,863.68,7647.85,84290.84,2,0,2,1,2,400,20000
466,So11111111111111111111111111111111111111112-DwDtUqBZJtbRpdjsFw3N7YKB5epocSru25BGcVhfcYtg,WSOL-WORM,WSOL,So11111111111111111111111111111111111111112,WORM,DwDtUqBZJtbRpdjsFw3N7YKB5epocSru25BGcVhfcYtg,99540.67,862.15,12598.05,342666.33,3,23,26,1,2,400,20000
467,So11111111111111111111111111111111111111112-2xK7SDPUY1oCwch8G8guUPtTSGiAQCbZykR5Y4dCpump,WSOL-STONES,WSOL,So11111111111111111111111111111111111111112,STONES,2xK7SDPUY1oCwch8G8guUPtTSGiAQCbZykR5Y4dCpump,43189.52,833.89,4126.12,44022.42,2,0,2,1,2,400,20000
468,So11111111111111111111111111111111111111112-8AS9yeGsAwvTs9gCDKMmB2MgX8NiSvv4uppH61yqpump,WSOL-$horny,WSOL,So11111111111111111111111111111111111111112,$horny,8AS9yeGsAwvTs9gCDKMmB2MgX8NiSvv4uppH61yqpump,71362.87,823.63,10954.41,168000.16,1,7,8,1,2,400,20000
469,So11111111111111111111111111111111111111112-CwsQd329uL1ccxT3my2EJCEsciT1CUfk2BUmPF8Ppump,WSOL-DATAWITCH,WSOL,So11111111111111111111111111111111111111112,DATAWITCH,CwsQd329uL1ccxT3my2EJCEsciT1CUfk2BUmPF8Ppump,35998.71,821.51,10095.74,100886.67,1,8,9,1,2,400,20000
470,So11111111111111111111111111111111111111112-DECqp3qgUAarXoP2FssBnFXPsqtLhc5Y9UuvjxWMpump,WSOL-QFE,WSOL,So11111111111111111111111111111111111111112,QFE,DECqp3qgUAarXoP2FssBnFXPsqtLhc5Y9UuvjxWMpump,32738.84,790.39,8325.76,513407.54,2,14,16,1,2,400,20000
471,So11111111111111111111111111111111111111112-on1ymEH2bpWnhkten2jibzDVhaxJ8RpyWYwS61aQ7M4,WSOL-ONLYBLINK,WSOL,So11111111111111111111111111111111111111112,ONLYBLINK,on1ymEH2bpWnhkten2jibzDVhaxJ8RpyWYwS61aQ7M4,52385.49,777.38,5888.24,58767.11,1,11,12,1,2,400,20000
472,So11111111111111111111111111111111111111112-G6haJithfeUgSghVpu1rDPCq2NFiYcJFHNpHEANbpump,WSOL-RM9000,WSOL,So11111111111111111111111111111111111111112,RM9000,G6haJithfeUgSghVpu1rDPCq2NFiYcJFHNpHEANbpump,96468.27,748.83,12306.66,640168.12,1,11,12,1,2,400,20000
473,So11111111111111111111111111111111111111112-XANDuUoVoUqniKkpcKhrxmvYJybpJvUxJLr21Gaj3Hx,WSOL-XAND,WSOL,So11111111111111111111111111111111111111112,XAND,XANDuUoVoUqniKkpcKhrxmvYJybpJvUxJLr21Gaj3Hx,29768.49,701.68,13468.71,65199.03,4,0,4,1,2,400,20000
474,So11111111111111111111111111111111111111112-DHoadXCbf6TcadkcMGJ8kFRdDa2sXPQ1KrgodUDRpump,WSOL-CHIIKAWA,WSOL,So11111111111111111111111111111111111111112,CHIIKAWA,DHoadXCbf6TcadkcMGJ8kFRdDa2sXPQ1KrgodUDRpump,26529.15,677.3,2154.87,26377.93,1,4,5,1,2,400,20000
475,So11111111111111111111111111111111111111112-GTiMaW6FNPLrWNVLYk5KkLApxiHvCwbGr9KdueGypump,WSOL-isaac,WSOL,So11111111111111111111111111111111111111112,isaac,GTiMaW6FNPLrWNVLYk5KkLApxiHvCwbGr9KdueGypump,27143.34,676.54,5487.07,43837.93,1,5,6,1,2,400,20000
476,So11111111111111111111111111111111111111112-8xzoj8mVmXtBQm6d2euJGFPvQ2QsTV5R8cdexi2qpump,WSOL-MOE,WSOL,So11111111111111111111111111111111111111112,MOE,8xzoj8mVmXtBQm6d2euJGFPvQ2QsTV5R8cdexi2qpump,97594.15,663.65,27968.1,204269.57,1,8,9,1,2,400,20000
477,So11111111111111111111111111111111111111112-54Ah6XTV7n27SuFa2sqyz7DSoRmVmFTbB6wbuzqPpump,WSOL-Terminus,WSOL,So11111111111111111111111111111111111111112,Terminus,54Ah6XTV7n27SuFa2sqyz7DSoRmVmFTbB6wbuzqPpump,28731.08,663.42,5322.38,69682.24,2,0,2,1,2,400,20000
478,So11111111111111111111111111111111111111112-aSCcjVmMJttZQNYtzhFXmqmUiTm8xkJBggn4sj8pump,WSOL-ForexLens,WSOL,So11111111111111111111111111111111111111112,ForexLens,aSCcjVmMJttZQNYtzhFXmqmUiTm8xkJBggn4sj8pump,29393.87,636.8,17199.49,67401.03,1,8,9,1,2,400,20000
479,So11111111111111111111111111111111111111112-DAMqxQRG5FKsnMNXEdBQMdTSiz86b5BziH4p6FS6pump,WSOL-brokie,WSOL,So11111111111111111111111111111111111111112,brokie,DAMqxQRG5FKsnMNXEdBQMdTSiz86b5BziH4p6FS6pump,63662.57,621.39,4084.06,61369.57,2,0,2,1,2,400,20000
480,So11111111111111111111111111111111111111112-DoVRzHXXicZucnuskdMg7DePhBHFkhvvhta5nf1deFoQ,WSOL-WINE,WSOL,So11111111111111111111111111111111111111112,WINE,DoVRzHXXicZucnuskdMg7DePhBHFkhvvhta5nf1deFoQ,20166.73,619.94,5267.59,25056.93,1,6,7,1,2,400,20000
481,So11111111111111111111111111111111111111112-7K9YEepYXwSmiVreL7s1mqoxeLGFQ5z4v2Vimxx4pump,WSOL-SNOWDEN,WSOL,So11111111111111111111111111111111111111112,SNOWDEN,7K9YEepYXwSmiVreL7s1mqoxeLGFQ5z4v2Vimxx4pump,35411.76,617.2,6378.82,159541.76,1,2,3,1,2,400,20000
482,So11111111111111111111111111111111111111112-5Kh2xc7X2qfRig2DZyGkuEXw7jeXUXoei7U6GBjfpump,WSOL-SEDUX,WSOL,So11111111111111111111111111111111111111112,SEDUX,5Kh2xc7X2qfRig2DZyGkuEXw7jeXUXoei7U6GBjfpump,36680.99,613.18,3773.45,48539.82,1,4,5,1,2,400,20000
483,So11111111111111111111111111111111111111112-DcRHumYETnVKowMmDSXQ5RcGrFZFAnaqrQ1AZCHXpump,WSOL-VALUE,WSOL,So11111111111111111111111111111111111111112,VALUE,DcRHumYETnVKowMmDSXQ5RcGrFZFAnaqrQ1AZCHXpump,20529.65,583.05,4314.05,34800.71,1,6,7,1,2,400,20000
484,So11111111111111111111111111111111111111112-97RggLo3zV5kFGYW4yoQTxr4Xkz4Vg2WPHzNYXXWpump,WSOL-MTM,WSOL,So11111111111111111111111111111111111111112,MTM,97RggLo3zV5kFGYW4yoQTxr4Xkz4Vg2WPHzNYXXWpump,38665.96,573.46,1764.12,22858.74,1,6,7,1,2,400,20000
485,oraiJP7H3LAt57DkFXNLDbLdBFNRRPvS8jg2j5AZkd9-So11111111111111111111111111111111111111112,GNRT-WSOL,GNRT,oraiJP7H3LAt57DkFXNLDbLdBFNRRPvS8jg2j5AZkd9,WSOL,So11111111111111111111111111111111111111112,40945.01,567.7,7552.24,226400.6,2,7,9,1,2,400,20000
486,So11111111111111111111111111111111111111112-7wUwkXo8Qjt3cYM8BaHHHeyfDY7ZSn7qvod92pNupump,WSOL-SL,WSOL,So11111111111111111111111111111111111111112,SL,7wUwkXo8Qjt3cYM8BaHHHeyfDY7ZSn7qvod92pNupump,94949.31,555.88,63795.36,171849.5,1,7,8,1,2,400,20000
487,So11111111111111111111111111111111111111112-AnGzGiQ6ddzdqWDuWy6vmibqDv8rsT2QKhcgDrwTpump,WSOL-GAYCOIN,WSOL,So11111111111111111111111111111111111111112,GAYCOIN,AnGzGiQ6ddzdqWDuWy6vmibqDv8rsT2QKhcgDrwTpump,77985.87,536.62,3114.6,52056.78,1,11,12,1,2,400,20000
488,So11111111111111111111111111111111111111112-FqnqT1GKi8S4Gyk5wnSKvJjXW48HqGtKJt9WS4o2pump,WSOL-Bakso,WSOL,So11111111111111111111111111111111111111112,Bakso,FqnqT1GKi8S4Gyk5wnSKvJjXW48HqGtKJt9WS4o2pump,51892.08,524.26,7017.22,114049.93,1,6,7,1,2,400,20000
489,So11111111111111111111111111111111111111112-48BVWSkY5XxZ9HwaKet2kAYvjP9gPviUmm8Xg2EKCLNx,WSOL-MIKU,WSOL,So11111111111111111111111111111111111111112,MIKU,48BVWSkY5XxZ9HwaKet2kAYvjP9gPviUmm8Xg2EKCLNx,41774.78,521.16,4740.98,38568.24,2,0,2,1,2,400,20000
490,So11111111111111111111111111111111111111112-DoHJhvbVXJeyAGpdGuBauYnkHVXtoQg1oLahDgnhpump,WSOL-ORION,WSOL,So11111111111111111111111111111111111111112,ORION,DoHJhvbVXJeyAGpdGuBauYnkHVXtoQg1oLahDgnhpump,79248.58,515.51,7512.26,218062.77,1,4,5,1,2,400,20000
491,So11111111111111111111111111111111111111112-44o1iDPGuzHxQgDrPE3HRb2WXwGLsBsY7yMttX47pump,WSOL-LIMITLESS,WSOL,So11111111111111111111111111111111111111112,LIMITLESS,44o1iDPGuzHxQgDrPE3HRb2WXwGLsBsY7yMttX47pump,105173.25,512.22,16185.03,699023.39,1,3,4,1,2,400,20000
492,So11111111111111111111111111111111111111112-3nB8icMZZpMwDXx7W9mS4SjxKFMSNzi7yoe225AGnooZ,WSOL-NOOZ,WSOL,So11111111111111111111111111111111111111112,NOOZ,3nB8icMZZpMwDXx7W9mS4SjxKFMSNzi7yoe225AGnooZ,30013.13,510.29,3363.7,39566.4,3,0,3,1,2,400,20000
493,3FoUAsGDbvTD6YZ4wVKJgTB76onJUKz7GPEBNiR5b8wc-EPjFWdd5AufqSSqeM2qN1xzybapC8G4wEGGkZwyTDt1v,CHEEMS-USDC,CHEEMS,3FoUAsGDbvTD6YZ4wVKJgTB76onJUKz7GPEBNiR5b8wc,USDC,EPjFWdd5AufqSSqeM2qN1xzybapC8G4wEGGkZwyTDt1v,45572.05,487.17,5872.53,71395.45,2,0,2,1,2,400,20000
494,So11111111111111111111111111111111111111112-mdx5dxD754H8uGrz6Wc96tZfFjPqSgBvqUDbKycpump,WSOL-AIKO,WSOL,So11111111111111111111111111111111111111112,AIKO,mdx5dxD754H8uGrz6Wc96tZfFjPqSgBvqUDbKycpump,37355.46,471.44,4501.36,143008.54,1,8,9,1,2,400,20000
495,So11111111111111111111111111111111111111112-Gx2yQqgguqpKwGCrrgx4dr8toTYevczEtGd6B1pKpump,WSOL-BOOP,WSOL,So11111111111111111111111111111111111111112,BOOP,Gx2yQqgguqpKwGCrrgx4dr8toTYevczEtGd6B1pKpump,22899.6,465.68,3162.99,52264.09,1,6,7,1,2,400,20000
496,So11111111111111111111111111111111111111112-BieefG47jAHCGZBxi2q87RDuHyGZyYC3vAzxpyu8pump,WSOL-EZSIS,WSOL,So11111111111111111111111111111111111111112,EZSIS,BieefG47jAHCGZBxi2q87RDuHyGZyYC3vAzxpyu8pump,25201.5,453.53,2428.05,18980.81,1,3,4,1,2,400,20000
497,So11111111111111111111111111111111111111112-JBSVUpKgYNHt4GLtNebQxTJmZgftTMWENQrziHtGpump,WSOL-Swarm,WSOL,So11111111111111111111111111111111111111112,Swarm,JBSVUpKgYNHt4GLtNebQxTJmZgftTMWENQrziHtGpump,109920.92,452.22,9456.14,2340521.6,1,6,7,1,2,400,20000
498,HfYFjMKNZygfMC8LsQ8LtpPsPxEJoXJx4M6tqi75Hajo-EPjFWdd5AufqSSqeM2qN1xzybapC8G4wEGGkZwyTDt1v,CWAR-USDC,CWAR,HfYFjMKNZygfMC8LsQ8LtpPsPxEJoXJx4M6tqi75Hajo,USDC,EPjFWdd5AufqSSqeM2qN1xzybapC8G4wEGGkZwyTDt1v,71911.46,434.5,5910.39,32450.26,2,0,2,1,2,400,20000
